-9.700657870276645500e-01 1.124498197826314799e-01
1.891901289858020085e-01 -9.626515588996731321e-01
-9.727269714044798343e-01 1.822483045777905930e-01
-3.400163638366982544e-01 8.679572325589344217e-01
-8.354807803407243716e-01 -4.564440444589870638e-01
6.554697954937833970e-02 -9.548845655662867582e-01
-7.422575759906594461e-01 -5.746950706917894891e-01
8.849832460928122035e-01 -3.094521173831323857e-01
-7.319650671429933642e-01 -1.202311481019877476e-01
-5.710968431827760927e-01 -6.749299534956686442e-01
9.175703701549728919e-01 -3.408600126995366408e-01
-6.898029842399622247e-01 -6.358523815871954810e-01
-6.590340203809635922e-02 8.708787961232681285e-01
9.244776008233887010e-01 -2.903276156788166529e-01
-4.589888741730073218e-01 -6.122890818460106077e-01
4.849308505947573789e-01 -6.943033734692561909e-01
9.594687803257921921e-01 1.187551997019313660e-01
-9.647155843509507278e-01 2.040944043690104681e-01
7.369392819811098061e-01 -4.864089431516617767e-01
-8.883694504911677781e-01 -3.945825914090153042e-01
-7.702065371024660045e-01 -3.995021184465502584e-01
-2.662514181289332704e-01 8.086034386498313076e-01
6.297075049263040070e-01 7.128433274558755306e-01
-7.197004081443447721e-01 5.949486661336524929e-01
9.945419274018563183e-02 9.168373819626426391e-01
-4.013916023079512896e-01 3.176854542380355140e-01
-7.206320627050883942e-01 -5.993185370887487151e-01
8.791754300953547041e-01 -3.614813565528819939e-01
-9.677588713289704270e-01 1.713031779536126620e-01
-7.241140134564866271e-01 6.822393606732670701e-01
4.277258669014397663e-01 -5.755069563909164243e-01
-9.463327061195736523e-01 -1.183440487403112779e-01
-8.598785855059507544e-01 -8.842071523980814252e-02
-7.062627951978543983e-01 -5.180427725194729494e-01
7.987689373234073686e-01 -5.967909710067160756e-01
4.782431110434587351e-01 -4.807499608115203826e-02
4.349668799055596002e-01 8.414330125170330632e-01
-9.002441456552812138e-02 9.265359019507818372e-01
8.005167637855952201e-01 -5.896519862411364610e-01
-8.408150142673466165e-01 4.270918800228098444e-01
-6.684970726041500333e-01 -6.919355041262663653e-01
-1.954690038515690398e-01 -8.787445196162612104e-01
-5.228630034736289067e-01 -7.635351898054837383e-01
-5.424432576130543415e-01 -7.233911770958019183e-01
-5.708576007928277407e-02 -8.987664982529232072e-01
4.209611963926470080e-01 -7.245892296103886299e-01
-9.787921470610562169e-01 1.607054205146177805e-01
-3.326096909709176930e-01 -8.883265415787920949e-01
-7.323718236404687110e-01 6.753173721924985440e-01
-5.967820028580670400e-01 -7.407481863469244088e-01
-7.207408083739141880e-01 -6.488117949549806474e-01
9.907854818675816411e-01 -9.971037631389571831e-02
-8.721253267361744888e-01 -2.693550266364806989e-01
3.369313415358772268e-01 -9.141402052164822045e-01
2.623986982479445396e-02 9.195060252693993963e-01
8.969871259805775043e-01 -3.860951033696151669e-01
9.212996505724716512e-01 -1.742280435554759144e-01
-9.678694119171559196e-01 2.125545806513935709e-01
-9.410808549120511790e-01 6.235370490339356420e-02
1.644299310385531343e-01 9.489953745435507626e-01
-7.178650023770923871e-01 6.893538170767515849e-01
9.197953289646533526e-02 -9.400052144218011829e-01
3.080005064235081247e-01 3.409078346970298989e-01
-5.032408470932083766e-01 -8.129737342659885124e-01
5.245918515344915045e-01 -6.485405764301827025e-01
-8.159810181063434920e-01 -5.486576017227488000e-01
-2.197446644639177715e-01 -6.827658393029145678e-01
-1.829554652472811238e-01 9.579297372715098735e-01
2.760736801003358942e-01 7.638263115550655291e-01
-6.044155968844280302e-01 -6.388883009039094674e-01
-8.116680062247773331e-02 -9.718917932232808976e-01
-9.596399537152694448e-01 2.536171789427004719e-01
7.933475095781041819e-01 4.388553277054292878e-01
7.753238507225549414e-01 -5.743316009558423474e-01
-3.923956713830964449e-01 -8.802768148814152926e-01
