-9.735557760739983468e-01 7.708007387293772106e-02
-9.538734820997856190e-01 9.252073596771316633e-02
-9.266861799447507764e-01 1.188698729910335899e-01
-9.702704430396041912e-01 1.345482611730735301e-01
-9.734172999520328551e-01 7.382723867777223059e-02
-8.223324111282995785e-01 9.252041439050003035e-02
-9.727677664370479871e-01 6.390033751864687694e-02
-9.508919933085617782e-01 9.974258551718034882e-02
-9.730302276323823385e-01 1.168572181526491005e-01
-9.812305731926569408e-01 1.195442962043601481e-01
-9.578503610889879116e-01 1.057355561138806493e-01
-9.732553611464606069e-01 1.056691930933067042e-01
-9.733343113881628428e-01 1.101485697286251203e-01
-9.739947926465514216e-01 9.930699606709146587e-02
-9.829518315948655438e-01 9.525928438724823311e-02
-9.828563242379033671e-01 9.895311604700773866e-02
-9.827038524521229945e-01 1.029569788875063646e-01
-8.875071448894155113e-01 1.093705044300221779e-01
-9.508521215750752598e-01 1.105411447960852472e-01
-9.415457691056701162e-01 1.501664238240992266e-01
-9.515412925408024414e-01 1.239947734529980167e-01
-9.466020967949509979e-01 1.392445888111686347e-01
-9.455079716048359062e-01 1.427576895580479899e-01
-9.496189409731609077e-01 1.270939223821309361e-01
-9.478066701504702651e-01 1.328804336648776729e-01
-9.511919562161872399e-01 1.306496634144407032e-01
-9.509361680948197337e-01 1.159552132537024494e-01
-9.508457334961846197e-01 1.201901194885399010e-01
-9.491696559436327840e-01 1.364355192666048822e-01
-9.435844945614336732e-01 1.462244164375955946e-01
-9.357672089238027180e-01 3.710372962308636224e-02
2.643393570112525515e-01 -9.421095025442335347e-01
2.595441099691306319e-01 -8.775611088466671594e-01
2.730361297401771581e-01 -9.481000274968036656e-01
2.762617205845910862e-01 -9.526527679391912917e-01
2.446774974060648145e-01 -9.486179464331845335e-01
2.612883248714540918e-01 -9.313496846319936351e-01
2.558074909051152313e-01 -9.122671454898256815e-01
2.489231165743649166e-01 -9.478314055802596894e-01
2.442557529559531981e-01 -9.573684320572100059e-01
2.646083810807418057e-01 -9.510741843865385681e-01
-9.601212866093958853e-01 1.711506635764440953e-01
-9.555922875401745564e-01 1.886132256216327130e-01
-9.699376351643601568e-01 1.757238755725779866e-01
-9.765141577125626693e-01 1.716214321986470615e-01
-9.751452783850801387e-01 1.800380461937611531e-01
-9.761027013374423689e-01 1.744979729297797821e-01
-9.756433732095982636e-01 1.772788527263747527e-01
-9.658189629994748948e-01 1.952273113591085629e-01
-2.699989410888154473e-01 7.080006772995307562e-01
-3.558477065295406194e-01 8.375902565217282492e-01
-3.427049395850135238e-01 7.807891596942587720e-01
-3.918426664197285358e-01 8.632626352743120179e-01
-3.353559712211944821e-01 8.443192454003426439e-01
-4.160633711865579509e-01 8.090182397341803000e-01
-4.287717284064389012e-01 8.021520260288361737e-01
-4.025900791865237860e-01 8.155640286282748175e-01
-3.861958037764364748e-01 8.224873501008539423e-01
-3.712814211159594091e-01 8.722600593061027308e-01
-3.497299506265874602e-01 9.030814858311810855e-01
-7.154474377428435838e-01 -3.749499120607017177e-01
-8.525093515189154925e-01 -4.554994224918034185e-01
-8.296313502093819459e-01 -4.381851929450837901e-01
-8.558024936699610841e-01 -4.495610805030163526e-01
-8.486055120535290763e-01 -4.621882320255006338e-01
-8.002325629527596851e-01 -3.925575332606667800e-01
-9.045440099437823678e-01 -3.642695576037683347e-01
-8.826465305398044636e-01 -3.743917236218514133e-01
-8.501152939265181896e-01 -3.837385765803049131e-01
-8.881014591554475812e-01 -4.109000426910239256e-01
-9.017367667955086263e-01 -3.735101183317150464e-01
-8.364228203569057385e-01 -4.812144819614115887e-01
-8.202574335766058544e-01 -4.481837457571479222e-01
-8.684599471348960487e-01 -4.174382483317175541e-01
-8.706751695787489087e-01 -4.100167033953434625e-01
-8.855276329969258287e-01 -3.623093186752111006e-01
-8.319374347364312250e-01 -4.236985358181913908e-01
-8.355645288255812986e-01 -4.141304776165039558e-01
1.191013292815376323e-01 -8.810449054250559797e-01
1.168447632582673423e-01 -9.592111590876291061e-01
1.147695294071480743e-01 -9.320235086380721512e-01
1.029686845258375588e-01 -9.619798222001295640e-01
1.235103763991895059e-01 -9.576444606732508191e-01
1.301517368112658224e-01 -9.559362526137989979e-01
1.100592975962811498e-01 -9.606397565840663066e-01
5.118896815082833035e-02 -9.666346438455314383e-01
6.476093197602786344e-02 -9.406137798949771867e-01
4.998429697955179135e-02 -9.798633723833628517e-01
6.385278685256756681e-02 -9.663544489338580235e-01
-6.700628580211890339e-01 -5.726665769046143106e-01
-6.896465056047069719e-01 -6.209878940458291030e-01
-7.396670023629989821e-01 -5.562152053364042281e-01
-7.024227631676177586e-01 -6.097389016370738934e-01
-6.970752733198137818e-01 -6.155908170816168923e-01
-7.065030742322119250e-01 -6.015605692204104571e-01
-7.252780253667440169e-01 -5.746477264022434861e-01
-7.241763414540908217e-01 -5.866063024863300557e-01
-6.751991854756231870e-01 -6.405848526844288848e-01
-7.354336504631762139e-01 -5.717471794895537807e-01
-7.515198685213898555e-01 -6.065038427218756301e-01
-7.468909479508236693e-01 -6.130590608180059853e-01
-6.906209748510107049e-01 -6.707896572932234847e-01
-6.967917605526734448e-01 -6.656775952320458378e-01
-7.663930076130478497e-01 -5.831022191269059629e-01
-7.785571549763542487e-01 -5.930153677302922866e-01
-7.390522711799802913e-01 -6.223589326897285279e-01
8.892606187112235272e-01 -3.227330851725432881e-01
8.066530514870021706e-01 -3.132073592236240822e-01
7.308949772092553365e-01 -3.096860898906945714e-01
7.735428146062841570e-01 -4.094495814172646742e-01
9.024103633900770749e-01 -3.509628764503737730e-01
9.132702011739073367e-01 -3.206289964475138032e-01
9.054373543523325241e-01 -3.418571962259980834e-01
9.152682843944829338e-01 -3.141740712550325498e-01
9.107181306994496239e-01 -3.277086177232693687e-01
9.170400932212128264e-01 -3.076514852706621617e-01
8.328433053805205377e-01 -3.894969422865965925e-01
8.727405647938707434e-01 -2.519793989952002211e-01
-3.251489089104533936e-01 -4.638770682295140224e-01
-5.589626806416569949e-01 -4.087035597022081745e-01
-7.547009021655688432e-01 -3.243640654161726866e-01
-6.289076634634118701e-01 -2.675220346626474566e-01
-7.522822623434536338e-01 -3.351868282511643038e-01
-7.401821281819308540e-01 -3.348713335101058397e-01
-7.396506105633243733e-01 -3.482427451668166363e-01
-7.229076720657925392e-01 -3.594682994409146848e-01
-5.863170644711392931e-01 -9.493042180620364645e-02
-7.622825123254011181e-01 -3.185420405117207476e-01
-7.116862969394882610e-01 -3.634836723662899782e-01
-7.268021963977666644e-01 -3.482498205734087526e-01
-6.694857647078467089e-01 3.216569630648116046e-02
-2.108106287535662093e-01 -1.671348047957448846e-01
-8.092513057682443334e-01 1.049081380707539563e-01
-6.645034144277314203e-01 -1.644810818598612875e-02
-7.478251323330321609e-01 1.853663568691650831e-01
-6.820089693909563433e-01 -9.158981522435177824e-02
-7.035674916660643596e-01 -5.815079132467820128e-02
-6.289224464141558446e-01 -7.589316844180641654e-03
-6.439174470826632968e-01 -7.948763133390708557e-02
-6.289445180290099691e-01 3.851344577935618407e-02
-6.706972177138785796e-01 -5.183009958621113966e-02
-6.581448591470034915e-01 -1.121743666492336922e-01
-7.214164874445990749e-01 -7.593814123870089305e-02
-7.364355050864594965e-01 -1.115488789509684886e-01
-4.116075833993617650e-01 -7.095310359920684040e-02
-6.299577419772814935e-01 -4.763687945599653223e-02
-6.826576790408698248e-01 -1.247742589905077443e-01
-5.761873458755846222e-01 -2.474923120324431236e-01
-7.302763944144670116e-01 -1.522231523373246964e-01
-6.848599994893195264e-01 2.751804384458159669e-01
-8.481898541352098642e-01 -5.759628826665988410e-03
-6.736227739112085056e-01 2.861235520933182452e-01
-6.946593867812342893e-01 2.629682218371972025e-01
-6.616620843069952462e-01 2.965143290545838584e-01
-2.363091735746764011e-02 -2.278834344968383441e-01
1.138991938929613361e-02 -6.171102241495083490e-02
-5.582693546350330979e-03 -1.719403042467841924e-01
6.169459741498070811e-03 -1.156597966122434457e-01
-3.450419351754208108e-01 1.380846039242620005e-01
-8.926857419894115298e-01 -1.965084037785707824e-02
-2.961405692041932380e-01 9.501040163322978238e-02
-3.098906758310234766e-01 1.297288785159470825e-01
-8.727400851054069042e-01 -6.508959744010778259e-02
-8.742602492194826436e-01 -8.254189776185638650e-02
-8.685443858761912050e-01 -5.187181247143516499e-02
-7.293137012161866606e-01 2.269588811269848128e-01
-8.687778813787474519e-01 -1.293770883428898011e-01
-8.662608870354575608e-01 -1.546404799611490188e-01
-8.671467661058281928e-01 -1.464675880169030719e-01
-8.679270565751899813e-01 -1.380495812695444191e-01
-8.158243679644280322e-01 6.478810213789923389e-02
-8.049564211570974237e-01 8.155876278006859992e-02
-8.508434414661635303e-01 -2.186188058073038343e-01
-8.532861742001356387e-01 -2.111420965597327892e-01
-8.556544554446074979e-01 -2.038056545630510252e-01
-8.479608297623568713e-01 -2.262482680324553186e-01
-8.576047250283151957e-01 -1.964357377686246353e-01
-5.777351826115406652e-01 -5.114244016952007588e-01
-6.402548587314990103e-01 -5.710269506785763394e-01
-6.512579839750431976e-01 -5.536540580662543398e-01
-6.150991245463658386e-01 -5.991127999708538709e-01
-6.285984868235778844e-01 -5.864002114498866325e-01
-5.811379957143273378e-01 -6.379764932241032138e-01
-6.790321530925710336e-01 -5.147315331535970984e-01
-6.109253233068333566e-01 -7.044797425132800495e-01
-6.256147029210357147e-01 -6.945539339096029607e-01
-7.702715084390631128e-01 -5.085003488941232108e-01
-8.118954198953836077e-01 -5.053502662504568699e-01
-7.562387620470556460e-01 -5.367243071574581137e-01
9.026041622884932725e-01 -3.472231769083640174e-01
9.124858923985148529e-01 -3.586284376866386014e-01
9.069874340721344463e-01 -3.678145967158896190e-01
9.140737445937302530e-01 -3.555081382410961721e-01
9.089930529079138788e-01 -3.646585023623424848e-01
9.080116689667643293e-01 -3.662145709612145139e-01
9.116734994275071946e-01 -3.601362274405147668e-01
9.157321427775012568e-01 -3.520763841160991503e-01
9.099196299101648400e-01 -3.631316717003701400e-01
8.895020461153467783e-01 -3.268313823533766649e-01
9.132920218648198363e-01 -3.570975585824566756e-01
9.171255671265957643e-01 -3.487820022452489122e-01
9.108171208731470347e-01 -3.616300217332946709e-01
9.148739160183865238e-01 -3.538392037534496826e-01
9.027770388018520054e-01 -3.341890824076925726e-01
9.129865369864611502e-01 -3.189086052053924369e-01
9.042556238400781821e-01 -3.296986540383560205e-01
9.076907069714436060e-01 -3.258919993387961456e-01
9.249580730213555757e-01 -3.520089633927789841e-01
9.375173113266266345e-01 -3.091434238585283323e-01
9.236934067958721961e-01 -3.550013884454827906e-01
9.383604791990363125e-01 -3.028092834116816179e-01
9.379457367305131799e-01 -3.058283394495061591e-01
9.281397430211298927e-01 -3.194055824413254974e-01
9.279595572367477230e-01 -3.209983537768095752e-01
9.283188997079503402e-01 -3.137540371834324215e-01
9.282507534490929135e-01 -3.177135328559438365e-01
9.255660681609420015e-01 -3.289946738936818660e-01
9.272500921567106147e-01 -3.254942637231365565e-01
9.277416101653378488e-01 -3.225298786617225577e-01
9.270011309405894462e-01 -3.269708407200642153e-01
9.275142737869569443e-01 -3.240259640781380512e-01
9.283172891505686586e-01 -3.158761452574074258e-01
9.246120407925589868e-01 -3.378201946194336891e-01
9.250882577411466690e-01 -3.364498622283663143e-01
9.326124697786859485e-01 -2.873081897011046659e-01
-6.576284067250118825e-01 -5.881866507399797772e-01
-6.938103317065434927e-01 -6.701574302769478519e-01
-6.788941618801549449e-01 -6.425730591941474223e-01
-7.023977048792068301e-01 -6.154416080985081194e-01
-6.904480721517937125e-01 -6.255598879533526002e-01
-6.708381370308851288e-01 -6.484660768014270937e-01
-7.348102262824179887e-01 -6.235213483235094722e-01
-7.493459322580652282e-01 -6.292837964984016041e-01
-1.259108574280828619e-01 7.215561824729967988e-01
-2.473378917220811768e-01 8.751863083223541118e-01
1.072285926341657453e-02 7.365614124574766386e-01
-5.095405806398535520e-02 9.082262180950599895e-01
-6.653637685344711283e-02 8.221216354686177175e-01
1.064724282827333862e-01 8.172681989900453248e-01
1.723005549488566823e-01 8.719210113426211217e-01
-5.623374238917302342e-02 8.038131529646797002e-01
-1.747476398669746411e-01 7.876220652690316681e-01
-1.479998915461069042e-01 7.948525183748634815e-01
-1.008303776451951461e-01 7.992088630433437091e-01
-9.210544003734293106e-02 8.149628393700975026e-01
-1.316895974906117373e-01 8.008550829707959950e-01
-1.345935410046640857e-01 8.324920308193703988e-01
-7.661508986948285804e-02 8.041061214333320439e-01
-2.154144309094481180e-01 7.787153470794776489e-01
-2.360123413922090851e-01 7.761395010089604529e-01
-4.530718045780684350e-02 8.168802998110668012e-01
-2.067589359113575498e-01 8.065854063722731615e-01
-2.503184040773487884e-01 7.666221829516581820e-01
-1.869569481777760833e-01 8.045687372000396298e-01
-1.977935755012374675e-01 7.823131609861365687e-01
-1.616895106374019453e-01 8.037151588716119344e-01
-1.154717669027621740e-01 8.087725984804988721e-01
-1.462709083742415594e-01 9.007513582797141982e-01
-1.206498390887739691e-01 9.042868117412694584e-01
-1.762676293968303554e-01 8.947219273676533247e-01
-1.606820019293530855e-01 8.979868243478923429e-01
-1.331915477511711465e-01 9.028531948595853729e-01
8.276145795457214016e-02 8.296749599585319102e-01
8.521019160463212672e-02 8.031374757659658359e-01
-3.298512416899376798e-01 7.530062687812673072e-01
-3.279120033066424966e-01 8.298263269007071230e-01
-2.700036449486875947e-02 9.052074101568967635e-01
-2.660268269374594374e-01 8.668107700854319475e-01
-3.654198601938160595e-01 8.065004429362157001e-01
-2.303566956668231247e-01 8.822144413813622910e-01
1.214048848464682889e-01 8.913103717632074874e-01
9.118108548740090358e-01 -3.197995784959751786e-01
8.952789689122129246e-01 -3.028572855039091682e-01
9.191026301278722999e-01 -2.890093975957889194e-01
9.104024920998236015e-01 -3.227033826100245140e-01
9.154827441575783542e-01 -3.156772663430962855e-01
9.209913076330030757e-01 -2.811432602920844737e-01
9.124631178883079174e-01 -3.160991725557552035e-01
9.190091513547641311e-01 -2.937085791552845326e-01
9.188357568033589384e-01 -2.971421625212853357e-01
9.225636376262582594e-01 -2.761036805641615688e-01
9.070397480098190135e-01 -3.302518949697884620e-01
9.193101930987885861e-01 -3.038280933511752768e-01
9.087330426453471555e-01 -3.256090274236651538e-01
9.147174989390531863e-01 -3.115239047128521843e-01
9.160842973949746559e-01 -3.086652607041051599e-01
9.046615133283828492e-01 -3.324366579537164634e-01
9.216235620695966135e-01 -2.870002559617260141e-01
9.161815578147222139e-01 -3.052102542684556608e-01
9.176689843716100414e-01 -3.002477961857101807e-01
9.399680866060926565e-01 -2.699955140297022882e-01
9.283621451230582577e-01 -3.227735404504960548e-01
9.174447252235857775e-01 -3.456704578862098143e-01
9.331692127235201584e-01 -3.087888099247275697e-01
9.369060357936856986e-01 -2.914762905046549002e-01
9.379323484182817694e-01 -2.848724991177261079e-01
9.131386062737615328e-01 -3.517527746657111987e-01
-4.226417774768285729e-01 -6.950993463035873843e-01
-4.502973892217037588e-01 -7.846566056417132451e-01
-4.362319762211089302e-01 -5.364665079741793852e-01
-4.989030500711850169e-01 -6.478884302286557206e-01
-4.323415552511535309e-01 -6.718275452190911601e-01
-4.852252914108071691e-01 -6.674250979942016881e-01
-4.677402218040328519e-01 -6.782987068714136925e-01
-5.101846798949916106e-01 -4.586641340493889940e-01
-3.290745891335629114e-01 -5.968563252117629059e-01
-4.534301338558209271e-01 -6.603882809143117871e-01
-4.799409606320303445e-01 -6.494158993139720337e-01
-4.492456229822515690e-01 -6.850787755737594020e-01
-5.889979900123412104e-01 -4.388757387047492742e-01
-5.858774985560283310e-01 -4.646897370778566017e-01
-5.989342130193078262e-01 -5.374154109699812443e-01
-6.278192000867861555e-01 -4.426349277976677765e-01
-5.782745845895609360e-01 -5.267566946525542582e-01
-5.822036251857549694e-01 -4.974606967301843929e-01
-6.465385551933300334e-01 -6.337212824779304698e-01
-9.768427588846578802e-03 -4.824027569636322177e-01
-7.370802503527615901e-01 -4.416772650460434324e-01
-7.277646083014346345e-01 -4.814960382299678376e-01
-7.345106791058261253e-01 -4.558161204791802978e-01
-7.238797946267332417e-01 -4.938160946976458132e-01
-7.388413534646932623e-01 -4.255566536791112742e-01
-7.313624465425146992e-01 -4.689517191927996542e-01
-6.485344387566538416e-01 -6.155285930149261286e-01
-3.752874586761850706e-01 -7.741772567375710956e-01
-3.306206670999689567e-01 -7.762578028999280733e-01
-3.605827901762183041e-01 -7.752353127691911094e-01
-3.456638490141932252e-01 -7.759112737339807220e-01
-6.833395280411156403e-01 -5.718663457328730937e-01
-6.632892999585471294e-01 -5.988158796223886915e-01
5.383930850398315204e-01 -5.032529810584335239e-01
6.141826708383671951e-01 -5.786471108407287289e-01
5.873461672573496717e-01 -6.121534651411763006e-01
6.196915648327985249e-01 -5.637546932917280040e-01
6.255909098100462806e-01 -5.459180096842685126e-01
5.810244202415671966e-01 -6.323472266575911327e-01
5.448178184098950716e-01 -6.649961280626153215e-01
5.713253865041280077e-01 -6.453500892755619223e-01
6.074587983114653200e-01 -5.914829174153379832e-01
5.995313115482070465e-01 -6.033379605190967165e-01
5.438420159934562736e-01 -7.453832635068062817e-01
5.785134586089647479e-01 -7.212597920789207695e-01
6.454600951734301706e-01 -6.641561237776348881e-01
6.194924439310536268e-01 -6.892318390388548766e-01
6.063471153245767464e-01 -7.003431644912213594e-01
8.920447607646591059e-01 8.088119508761332233e-02
9.689142272485298246e-01 1.175150695533790923e-01
9.554303175183832542e-01 1.035891428524560731e-01
9.775853816199018276e-01 1.235773626120459795e-01
9.318772333833822419e-01 9.352926607158400241e-02
9.714643007041016132e-01 9.796066140166308223e-02
9.591798857633606623e-01 6.611939219781057253e-02
9.811413659754244510e-01 9.518522545385793565e-02
-9.446629312147822866e-01 1.907925948939912519e-01
-9.556595253579318605e-01 2.225142576385602255e-01
-9.479892790275695758e-01 2.073424896097187109e-01
-9.597719150160878288e-01 2.078739850902605879e-01
-9.608718119279362480e-01 2.016354882400034076e-01
-9.581056452134478763e-01 2.152028939100958105e-01
-9.607890943622197089e-01 2.049096444635818137e-01
-9.593001715363943527e-01 2.104807532552874505e-01
-9.457615185692161974e-01 2.167939526719609156e-01
-9.565821745716862612e-01 2.198744321396587098e-01
-9.587359598765590185e-01 2.128993945021313561e-01
-9.576711515580363931e-01 2.182229381126678525e-01
-9.650089093879551383e-01 1.946719593382185143e-01
-9.718468010207322871e-01 1.952416932046510123e-01
-9.541708168714796434e-01 2.331108639828631535e-01
-9.640459528613841700e-01 2.242372102273423873e-01
-9.688394248294314171e-01 2.059758370120904070e-01
6.093428843961865571e-01 -3.355947988220341904e-01
7.449674699718080717e-01 -5.309125046676221871e-01
7.178791302853765322e-01 -4.998194242662544751e-01
6.781019274948831832e-01 -4.251167237924657893e-01
7.543786868233195442e-01 -4.401515763535612802e-01
7.653039877542768821e-01 -4.114022024438243608e-01
7.614050492539081727e-01 -4.321252693797194566e-01
7.461933466917305413e-01 -4.489469330794155777e-01
7.633042453038616504e-01 -4.219124820831362532e-01
6.805036202771448384e-01 -5.389893722330895143e-01
7.294924146410243226e-01 -6.134339946209942385e-01
7.235821786690609381e-01 -5.716887965239730862e-01
7.831427514298600068e-01 -4.984475797548094667e-01
7.772114652686337166e-01 -5.070870003863573450e-01
7.627843055691536645e-01 -5.255440624157956542e-01
7.415152472965139685e-01 -5.495535673099135598e-01
7.706750907695819608e-01 -5.157859808094210630e-01
7.265729840220545022e-01 -2.518975408405454974e-01
-9.027437500392716530e-01 -3.733290115980337776e-01
-8.868640390735382795e-01 -3.726698174056689572e-01
-8.968090958794553424e-01 -3.904582281621563067e-01
-8.989970783968401769e-01 -3.848814456028092912e-01
-9.057387960336510391e-01 -3.646003517747722911e-01
-8.979336798523811503e-01 -3.876290218500569318e-01
-9.018657720722131899e-01 -3.764693769074329288e-01
-8.597484036640935523e-01 -3.731366683925951833e-01
-8.999918451717863199e-01 -3.821396040245362280e-01
-9.036646591121341165e-01 -3.696506103129008070e-01
-9.009535990447811171e-01 -3.793624273459236806e-01
-9.163284018940038855e-01 -3.637404630244349679e-01
-9.148145534473273166e-01 -3.689769742751137782e-01
-8.748457772409687916e-01 -3.975750231267178858e-01
-8.716192437115510838e-01 -4.072147924407136799e-01
-9.142086847526892379e-01 -3.372489651163521618e-01
-8.882868310366134335e-01 -4.116643387872495619e-01
-8.334031568729249884e-01 -4.192878343928482243e-01
-8.802843159075259827e-01 -4.257280726715788055e-01
-8.825873238825940881e-01 -4.218597739882306574e-01
-7.885530121897984523e-01 -4.136333572666884284e-01
-6.478652224016916428e-01 -4.014863854102033724e-01
-6.843587262251750181e-01 -3.851708614310728196e-01
-7.038509512111847943e-01 -3.420012037461022114e-01
-7.723188501291041730e-01 -4.392819218619881672e-01
-8.710387429660099157e-01 -3.330332196135072920e-01
-8.128890745448998922e-01 -3.360607057008759280e-01
-8.660936124738203290e-01 -3.465711084204056713e-01
-8.752406029693335920e-01 -3.203992062750634084e-01
-4.178801261801601274e-01 8.237240218016101956e-01
-3.686730416596196158e-01 7.857219451957223599e-01
-4.044939395109495295e-01 8.314568632675366500e-01
-3.770882662807920616e-01 8.455329866190964827e-01
-3.909664435852903686e-01 8.386953886131183200e-01
-5.399962482384549484e-02 7.023480285067951190e-01
-2.029504295873956476e-01 6.056476698137513992e-01
-1.022282425444647758e-01 7.350396859723280496e-01
-2.571366212644992100e-01 6.686112018668534107e-01
-1.389531611887695473e-01 6.922597170997221161e-01
-1.752004096915003861e-01 7.081141228678089483e-01
-1.730125644597521606e-01 7.439472572785567062e-01
-8.625569014821939107e-02 7.006445343469267506e-01
-1.918004896558355710e-01 7.333783337819714809e-01
-1.487873502459947372e-01 7.579940297927549864e-01
-2.082768890650539273e-01 7.130316702950817431e-01
-1.227016933606785570e-01 7.417834691135118952e-01
-8.226165931768361639e-02 7.280663422575115451e-01
-6.228038467996456495e-02 7.182565117204420257e-01
-1.487856874753046565e-01 7.328456204658639894e-01
-2.042595218635302190e-01 6.810891988615188630e-01
-2.319501828867820969e-01 6.884998517647350491e-01
-1.964462471808333388e-01 5.428123058513623089e-01
-1.244961379550682673e-01 7.049798045491002529e-01
-1.473996115098198112e-01 8.604134791342713529e-01
-3.999096409837997745e-01 7.522198714471449721e-01
-3.516266555000737704e-01 7.819443408968648201e-01
-3.747282831568984895e-01 7.676732095481139106e-01
-3.257837732707812295e-01 7.989186872463805988e-01
-3.884301644368086115e-01 7.601065610400473682e-01
-3.380686636110653009e-01 7.915421261764999938e-01
-3.102289340227074033e-01 8.100615399162699459e-01
-4.146223031649158841e-01 7.470768562368600429e-01
-4.390116607236201340e-01 7.287356853417397140e-01
-4.202382889269568600e-01 7.365933324651576797e-01
-3.022306403825344434e-01 8.106807273109472023e-01
-4.942928334440659932e-01 7.678428804281950404e-01
-5.046100147598964192e-01 7.585212319899123923e-01
-2.974910510222255056e-01 8.764069354693742042e-01
-4.649836666750640224e-01 7.927542764839846656e-01
6.990675265827004381e-01 6.121404625778295028e-01
6.933238297266337558e-01 6.201730576690966945e-01
6.104134384656110246e-01 6.569874087667867402e-01
6.876182295001157518e-01 6.277244116185241030e-01
6.611993618022858898e-01 6.614749476569496967e-01
6.444519736244541663e-01 6.823577614086800969e-01
6.082425072046064862e-01 7.125026160487113458e-01
6.017339327418962380e-01 7.176977907638486531e-01
6.033049938586488858e-01 6.124029555161355498e-01
6.226003378169087110e-01 6.995916912370279128e-01
6.305709664711085516e-01 6.920303055145584636e-01
6.505465369619818361e-01 6.716274050041689536e-01
5.950108967297059737e-01 7.227185623121251679e-01
6.148936659527496351e-01 7.066192530383411663e-01
6.581468050644126988e-01 7.052913950532870846e-01
6.771378939940139174e-01 6.858138588783445622e-01
6.677845973390457157e-01 6.956630038638942359e-01
-6.052316882394277453e-01 4.844606554006167798e-01
-6.525439461094481031e-01 5.672840185433593030e-01
-6.561287103917835539e-01 6.344084620112897532e-01
-6.913408389306892055e-01 6.003976439803944132e-01
-7.086666369474607929e-01 5.793951688791818544e-01
-6.819880497247008400e-01 6.094938617813685511e-01
-6.996377602000631857e-01 5.909388463920470791e-01
-7.225042440839924973e-01 5.663567578231843980e-01
-6.424765403192647106e-01 6.939674094327566989e-01
-6.588958167332420457e-01 6.799236905220632510e-01
-6.506994875615048635e-01 6.871998893846456014e-01
-7.595658960114538560e-01 5.729596268462853192e-01
-7.522796957183710553e-01 5.842096109004100146e-01
8.496838349849682170e-02 8.353834099209144215e-01
2.005906787576856587e-01 9.170961795851927389e-01
1.677328072806121839e-01 8.827105417233691576e-01
2.161092136396627339e-01 9.382549313185114537e-01
7.838578581880303875e-02 8.974123907904202335e-01
1.473348867857584288e-01 8.857586488599147323e-01
1.248344926065912269e-01 8.921467122178261544e-01
1.356991272635893753e-01 8.893252112715095414e-01
1.027999599619159737e-01 8.955073317440458425e-01
3.814906139543226826e-02 8.970914753840203426e-01
9.050380478241576432e-02 8.967648626846741466e-01
6.658416900439140251e-02 9.015609827438019197e-01
5.404027890499569359e-02 8.977270430863305561e-01
1.141432959758540838e-01 8.941584134517873705e-01
6.341408799763337267e-02 9.447585386409312891e-01
-5.512355713629480958e-01 2.937882156800695199e-01
-6.698603394335042038e-01 3.996494195932178695e-01
-6.493552199393474167e-01 4.293416882010487323e-01
-3.845331391028125601e-01 5.404563501942575426e-02
-9.637129005094216549e-02 3.822334109568601979e-01
-1.969055739850107123e-01 6.098233422765296508e-02
-1.635031108802086908e-01 2.565463025835750255e-01
-7.202779449138724255e-01 -5.966275593519244635e-01
-6.376980547182566905e-01 -5.944064592306800288e-01
-7.386907205192004833e-01 -6.199249867822143045e-01
-7.562084209947297353e-01 -5.973544100885038732e-01
-7.501791364514799332e-01 -6.055095216180091944e-01
-7.444319908619135839e-01 -6.128998246637161751e-01
-6.505669521623517193e-01 -6.720285160717605066e-01
8.485846417021660759e-01 -3.014202638207056917e-01
8.456425582051594336e-01 -3.730497404844321796e-01
8.559257972115013047e-01 -3.399210638735533085e-01
8.692464170146165792e-01 -4.003320522450440344e-01
8.661415186005269051e-01 -4.065722172622918684e-01
8.176437973635126699e-01 -3.909140984977436672e-01
8.794528581125087285e-01 -3.697149552385305959e-01
8.840972363267460832e-01 -3.582136900045455041e-01
8.861571030083950085e-01 -3.509275718000801625e-01
8.882789034306550757e-01 -3.434285893196874495e-01
8.906931769564306878e-01 -3.346921085803254980e-01
8.937291898129767764e-01 -3.244073073306681376e-01
8.455106554401745633e-01 -4.308132832934069567e-01
8.417448679499779374e-01 -4.369277926848657012e-01
-9.282158038209030737e-01 1.617936585055602117e-01
-9.447922357371247859e-01 1.706308738029384542e-01
-9.580779658789142506e-01 1.824693753533567497e-01
-9.616821094355738619e-01 1.630041419611401310e-01
-9.589268721316182020e-01 1.734178420874560589e-01
-9.625634492755563709e-01 1.572825298863093912e-01
-9.631890524334427717e-01 1.514835866099191464e-01
-9.621739787564742574e-01 1.601424440976429997e-01
-9.610091654097748792e-01 1.659836882632817479e-01
-9.600972700546991367e-01 1.693691184707279140e-01
-9.572802207816909492e-01 1.783729926057020243e-01
-9.629018640327946521e-01 1.543957590996399287e-01
-9.704461637680260599e-01 1.766812870604361485e-01
-9.674017181995873127e-01 1.880144589511287823e-01
-9.727272998114375735e-01 1.918418815082025830e-01
-9.735148481401355580e-01 1.888383623178574999e-01
-7.213709716914781245e-01 6.820195168810899711e-01
-7.226666318531433930e-01 6.849457545581387752e-01
-7.206626843507756286e-01 6.760069235151773270e-01
-7.242373110370434741e-01 6.791144254964240901e-01
-7.264517349670885915e-01 6.764721263950570496e-01
-7.269386631170038360e-01 6.805953526388186514e-01
-7.334586808713827732e-01 6.728467647851733568e-01
5.503569071136162894e-01 -4.489497463689750001e-01
6.408209636106285689e-01 -5.630573579896560599e-01
6.321943888205047157e-01 -5.741509117392248340e-01
4.803395350631481375e-01 -2.917486786657282338e-01
4.218690697493701625e-01 -2.936052878266435795e-01
5.405039791357401091e-01 -3.954738365103968589e-01
5.856080129392682299e-01 -2.762588923160371746e-01
5.899989283530344686e-01 -3.498102129090003287e-01
5.477362391406050968e-01 -3.588023825387938182e-01
6.293579885165895282e-01 -2.636181416422495594e-01
5.799275079744590222e-01 -3.815547742613161764e-01
5.063223366126716751e-01 -4.522112850336690859e-01
6.309291524504265780e-01 -3.560758430011909392e-01
5.687320802915454276e-01 -3.149567223992419951e-01
6.213157691334478816e-01 -2.372080844926453269e-01
6.095908185319320882e-01 -3.162051739201220402e-01
4.551394139410468442e-01 -1.950804516907914121e-01
6.246896554486350839e-01 -2.906169144102738744e-01
5.199746842471207886e-01 -4.858937200816034752e-01
5.740206682506344693e-01 -4.166621258734663491e-01
5.942381748442951972e-01 -2.402284119491626957e-01
5.196648456993180343e-01 -4.163252353412899009e-01
8.238000434204685307e-01 5.893202572591677707e-02
7.194836471006670342e-01 -3.164198342155789823e-02
8.353826415929519467e-01 1.003036359243585258e-02
8.398187052660011087e-01 -9.793851211710004681e-03
8.297555418181760123e-01 3.126954415661458569e-02
8.432884962547412266e-01 -2.863981003433301725e-02
7.019512376105285778e-01 -8.088953022443465257e-02
6.873049764047517440e-01 -5.765229045059288432e-02
7.126095228340685317e-01 -1.005731424385692130e-01
1.758390140705366755e-01 -4.339584912444345299e-01
6.231712531837039215e-01 1.154012639753123209e-01
6.388203469045270477e-01 7.236999286714153323e-02
6.335359019808718406e-01 9.617658657386175813e-02
5.971639097670146112e-01 -6.071396770412563759e-01
5.797464290358291805e-01 -6.208873441886711975e-01
5.706696527889294490e-01 -6.272657330624695771e-01
5.885798771240388083e-01 -6.142049674542223725e-01
5.362439501233625672e-01 -6.551463445211291869e-01
7.511075644512941185e-01 -3.927360550322629984e-01
7.392862909744315481e-01 -4.234932736989218682e-01
7.457467924697316342e-01 -4.094121161340995574e-01
6.725634509041736875e-01 -5.190756791359382172e-01
-8.414909994002093274e-01 -1.108107033855750684e-01
-9.072688988225640072e-01 -1.262195852297131882e-01
-9.367315676526885015e-01 -1.587564981493598815e-01
-9.417027451989293807e-01 -1.236303677303837723e-01
-9.615450230712506707e-01 -1.271433684932468389e-01
-9.734166235092778230e-01 -1.280721202700020600e-01
-7.444700951988684201e-01 2.874677034763093927e-02
-7.035317804189795687e-01 -6.174780662667345849e-02
-9.027712675689175681e-01 -1.755259651948249677e-01
-8.402855862466370729e-01 -1.445599778426102933e-01
-9.055407730949713851e-01 -1.596945760313261686e-01
-8.259982413057457284e-01 -9.029212478550356635e-02
-8.310024691469026781e-01 -1.101948445281726169e-01
-8.393032172025000071e-01 -7.413189275027060043e-02
-8.202682168341373092e-01 -4.285132774111729409e-02
-8.233622183472569800e-01 -6.003549150896609482e-02
-8.290023185729270550e-01 -1.283569375252071598e-01
-9.148588206872986239e-01 -7.432670730425575134e-02
-5.887661975500754208e-01 -4.952185456149777454e-01
-6.819433907936116590e-01 -5.212264081010372641e-01
-7.596314662011107721e-01 -5.356893383468085412e-01
-7.833927005502714369e-01 -4.923141305828068748e-01
-7.031361859745847154e-01 -4.888602410368597107e-01
-6.462540816273277811e-01 -5.641515478478409396e-01
-6.355494647080117687e-01 -6.813681317201769616e-01
7.956827836035645918e-01 -5.942040451336505491e-01
8.003380247715999873e-01 -5.951850439033271600e-01
7.978198093418981118e-01 -5.958825211259245469e-01
7.978799654560105870e-01 -5.985228056022744436e-01
7.996510946990269542e-01 -5.961974150216010626e-01
7.983393105409274382e-01 -5.979495508180558971e-01
7.988015884079346929e-01 -5.973638942267681662e-01
8.006602307680810160e-01 -5.965627277564805597e-01
7.949591620703989614e-01 -5.994726381464278164e-01
2.984240272557651674e-01 -1.752322523041356384e-01
6.998897313773173590e-01 1.027167580303354477e-01
4.981263189947969239e-01 -5.532985497190431173e-02
4.651860084305407539e-01 -1.868530388084427563e-01
3.923183489866147733e-01 7.787301371275203721e-01
3.217264772868698164e-01 7.897433499660344580e-01
5.173710631702694851e-01 7.626546671493265039e-01
4.601106849048894332e-01 7.943281231369285766e-01
4.821123170902844590e-01 8.244358319446559724e-01
4.263711459459503250e-01 8.154867094199949040e-01
4.531120478037177768e-01 7.956749490939899472e-01
3.729828785413906722e-01 8.434675209179076649e-01
4.313812991160828614e-01 8.098455944248238447e-01
3.857295082352822368e-01 8.305182344321472288e-01
4.149235656513314829e-01 8.216132749065028218e-01
3.950977875594320343e-01 8.282089257237114088e-01
4.649457749267214002e-01 7.678783938523848773e-01
4.206174447429635310e-01 8.186876615315967776e-01
4.025487220031326308e-01 8.263152503752175804e-01
4.388131510573206606e-01 8.126011443670368983e-01
4.411397169052671541e-01 8.041876778533608716e-01
4.089658904000483819e-01 8.240832725614594123e-01
4.477782211885478203e-01 8.008894207383429054e-01
4.584753196538614017e-01 8.415065223675581851e-01
3.714293491450227913e-01 8.779073957520791005e-01
3.930484031753458951e-01 8.711248133985497466e-01
3.784645309496751930e-01 8.758170155179468841e-01
3.644152071673564808e-01 8.798996042793409966e-01
4.008856595450011606e-01 8.683536374335124597e-01
3.573267154126190670e-01 8.818456525095151877e-01
3.856310786072090768e-01 8.735803405429155566e-01
5.063696181098397142e-01 7.926938091268957987e-01
5.128109036358713402e-01 7.865347527791372029e-01
2.833075729811374011e-01 8.645546375134348649e-01
-1.286232168962727351e-01 8.145977126779986310e-01
-1.241429191088517653e-01 9.288280162230152515e-01
-1.375011415521252001e-01 8.827687110087598654e-01
-1.029299026261461247e-01 9.321490757282516748e-01
8.011345903929765200e-01 -5.866156218875301365e-01
7.973622645638855921e-01 -5.851514655496998785e-01
8.014071080939046965e-01 -5.874166537143046263e-01
7.962537911554942172e-01 -5.917069923509586937e-01
7.985775444739121598e-01 -5.901625706901323376e-01
8.004148689104023662e-01 -5.881616623751412254e-01
7.995041547622492306e-01 -5.900278880379865587e-01
7.984422629515789405e-01 -5.906780871758841034e-01
8.034191060272752871e-01 -5.828399748982172612e-01
8.031507222904770149e-01 -5.844255713281875098e-01
7.979787226754868623e-01 -5.909878063156315253e-01
8.009187203766708896e-01 -5.888599220491254060e-01
8.022461596545208407e-01 -5.840050781024013205e-01
8.008839504155701450e-01 -5.855905694145211449e-01
7.967033945484326418e-01 -5.912729348885698011e-01
8.037057323227120298e-01 -5.810094149990788770e-01
7.999127367771161623e-01 -5.887154708134233472e-01
8.018211293141501717e-01 -5.870002396372663300e-01
8.001546147668696651e-01 -5.865730128810827670e-01
7.995445866076519303e-01 -5.892733954938305097e-01
7.984825393597073662e-01 -5.887536259015496709e-01
8.020811404864440775e-01 -5.864683273466556601e-01
7.969987005602217067e-01 -5.904710115075229027e-01
8.023376182967377757e-01 -5.848694343436466880e-01
8.001481463355442081e-01 -5.874452822608463576e-01
7.958146234902464533e-01 -5.919090497304292375e-01
8.030331558135103132e-01 -5.852370491898210014e-01
7.955953726412865468e-01 -5.927559217999422980e-01
8.023719688297462627e-01 -5.832883201915138871e-01
8.010871912144282847e-01 -5.878679217807051272e-01
8.014977438972475943e-01 -5.845756663418744115e-01
8.028189320448995137e-01 -5.826545514459334774e-01
7.976487284816372592e-01 -5.897915742274100204e-01
7.992296894761088399e-01 -5.879849304426496559e-01
7.971500933800844679e-01 -5.919132121952841441e-01
7.974745236907255785e-01 -5.912746224000077211e-01
8.032932411201644252e-01 -5.814855859972952734e-01
7.987706325402627039e-01 -5.895310371222250989e-01
7.954773073461460786e-01 -5.923243415070339468e-01
8.032671448022786764e-01 -5.821083232509666194e-01
8.031454921443604844e-01 -5.835784198457394378e-01
8.023666988777836684e-01 -5.858601063453782176e-01
8.017705152522667245e-01 -5.856593353581373007e-01
8.041064577098794297e-01 -5.816241471774701299e-01
8.052663031511875236e-01 -5.873187467631623138e-01
8.064220750027336626e-01 -5.850938878490016259e-01
7.959716535969081352e-01 -5.969611237467218334e-01
8.082132450902290710e-01 -5.803277936969063466e-01
8.021131616038847945e-01 -5.917167104601399608e-01
8.059022948201131076e-01 -5.861761757012970975e-01
8.015966064696753435e-01 -5.922385757614750945e-01
8.036820581666405117e-01 -5.897277178258726327e-01
8.032131990181773373e-01 -5.903515834084482883e-01
8.077101679874414408e-01 -5.819413012206301472e-01
8.074550610103593540e-01 -5.826437374623739673e-01
7.973705780004402000e-01 -5.959392660853438661e-01
7.996426517338329765e-01 -5.941799334119942655e-01
-4.561096349962267538e-01 7.833999015819244072e-01
-4.418239759955160939e-01 7.124059534562946494e-01
-5.124766935030408144e-01 6.496640185917640364e-01
-4.449965538047871427e-01 7.872417401364409928e-01
-5.607839632668779606e-01 5.268887124602650296e-01
-5.648648668159781394e-01 6.905696090478763427e-01
-5.896809880311588703e-01 6.658008457290996995e-01
-5.138431999169975617e-01 7.221667042245859536e-01
-5.728603507252133520e-01 6.835240667780442259e-01
-5.809440880934249041e-01 6.755329940951796397e-01
-5.355607855226283132e-01 7.087282371687607663e-01
-5.284779416911691285e-01 7.225610757439874243e-01
-6.049273234125556176e-01 6.613825269922050110e-01
-5.563425006130654493e-01 6.968375844131983188e-01
-6.090287315007185676e-01 6.469073746946163439e-01
-5.469093304142838008e-01 7.027977839372885338e-01
-5.373231101785449493e-01 7.703437168656501743e-01
-5.501540457189438849e-01 7.628673252018902673e-01
-5.635113058613879788e-01 7.545450863460496649e-01
-6.453629185444921257e-01 7.177596406907708060e-01
-6.363606764847659081e-01 6.935120920506677722e-01
-6.587110716725909088e-01 7.045545128161591064e-01
-6.376831702426472015e-01 -6.215968794177150203e-01
-6.785776101987104347e-01 -7.072949768096618017e-01
-6.623779637043549773e-01 -7.008700683452694369e-01
-6.753763811928904515e-01 -7.099301600514683619e-01
-6.723464548525359685e-01 -7.123448903784875830e-01
-6.693946003694579705e-01 -7.146379966883088519e-01
-6.634823579071289501e-01 -7.190830964976396844e-01
-6.604220781421216158e-01 -7.213320897644739382e-01
-6.664567128612413072e-01 -7.168670987945879869e-01
-6.594228495944862711e-01 -6.688631992167128892e-01
-7.029624193061961845e-01 -6.833410559299920584e-01
-6.934764833861007949e-01 -6.696116575539042826e-01
-7.072095683320485104e-01 -6.778212241694233642e-01
-6.172304795955415591e-01 -6.956749839225233600e-01
-6.781223330293768559e-01 -6.852510272679529502e-01
-6.850115080553649261e-01 -6.777815903377502060e-01
-6.753894708024665849e-01 -6.874214767563869843e-01
-6.898150914973245618e-01 -6.709047894683098923e-01
-6.806285179336688529e-01 -6.830566898480793236e-01
-6.873010675556423532e-01 -6.746862519168888017e-01
-6.827832764042091052e-01 -6.804950481006238894e-01
-6.720803999091071734e-01 -6.896198258502769241e-01
-3.838859125893326341e-01 -5.110691542169075730e-01
-4.209301640402509648e-01 -8.496605066488885916e-01
-3.413907394088314118e-01 -8.347296290919007378e-01
-2.891707417849643802e-01 -9.003481535327183538e-01
-2.713522862726462370e-01 -9.055533088017401200e-01
-3.507523311507557140e-01 -7.488050713424986293e-01
-2.739526299662760067e-01 -9.285341907178158438e-01
-5.243318406998063175e-01 -6.922328111085497282e-01
-5.394821506898273000e-01 -7.627636720922218450e-01
-5.583022680066414001e-01 -7.842388433153132388e-01
-5.401081967584893118e-01 -5.480344967264024758e-01
-5.519115426188021534e-01 -7.516792301387306141e-01
-4.884310839478985811e-01 -8.230946501643783275e-01
-5.338476268445482287e-01 -6.861077033725606622e-01
-5.685403412883776042e-01 -7.403298609291778520e-01
-4.902154706104026177e-02 -2.441880566213521508e-01
-3.117757896072372720e-02 -4.466156023723628632e-01
-2.287564283911811269e-01 -2.524469322806521809e-01
9.261656981013655088e-02 -6.929351884543160089e-01
-9.831430040500080403e-02 -2.020469871195295086e-01
8.192627037099961193e-03 -4.661678506953049750e-01
-2.438459276782592791e-02 -3.419088589629886155e-01
3.809203534950485887e-02 -3.854486132260888098e-01
1.650308172786936825e-02 -2.851680724431248648e-01
1.647596884745984314e-01 -7.946402226657318657e-01
1.047493226053076709e-01 -8.150222339541571825e-01
1.772824435017075762e-01 -8.093390969090324960e-01
1.386631876407669883e-01 -8.246250971221676940e-01
1.193185355474631060e-01 -8.238539073198389850e-01
1.528456483541387190e-01 -8.117588092328019700e-01
9.929011448825937960e-03 -8.296793545507171741e-01
1.633475554397273155e-01 -8.275336575638080339e-01
8.854400666904642392e-02 -8.165400179491352217e-01
1.866386887976275444e-01 -7.941851278293514671e-01
2.316000888749144837e-01 -7.652208946670013834e-01
6.107055852430590820e-02 -8.264957728827687644e-01
1.299389926257411010e-01 -8.045515866777255276e-01
2.686368491413058598e-02 -8.252326805922166608e-01
-3.957069215319096445e-02 -9.196732552772287628e-01
-4.454215655730990597e-02 -9.177859636210737859e-01
1.904784658832496536e-01 -9.013072527045010718e-01
3.271455662477430471e-01 -8.019300656573297159e-01
2.944916610595934015e-01 -8.410915756009587074e-01
2.511893648650100896e-01 -8.655985269312228558e-01
2.618408911279531681e-01 -8.599536714574181895e-01
2.725519279747139478e-01 -8.539570738895391200e-01
2.834255136436024669e-01 -8.476390981705966832e-01
2.333800634812341693e-02 -9.156656630846004008e-01
1.194691506274070912e-02 -9.176024503420999734e-01
-8.366116539523198170e-02 -9.108798808842207828e-01
-1.846603166446258645e-02 -9.173946088398146070e-01
-7.235572897825072458e-02 -9.126227815157490486e-01
5.500217995156152506e-01 -4.593240889845171537e-01
5.922557047462986279e-01 -6.112797009202985965e-01
6.029165554760774759e-01 -5.964280721219583636e-01
6.121045318617561737e-01 -5.789997679553153809e-01
5.739683728027648035e-01 -6.399757078680490263e-01
6.109221722931477139e-01 -6.897018831386673154e-01
5.910852744398434888e-01 -7.064215745922545198e-01
-9.623208356971295618e-01 1.619918187432530798e-01
-9.825726050893992536e-01 1.549943512074007101e-01
-9.787190531521857695e-01 1.577992922223532268e-01
-9.822659391986438004e-01 1.575473311984629532e-01
-9.725878491033203010e-01 1.586495839870942781e-01
-9.818459054809195452e-01 1.605068321069849369e-01
-9.709993328539224811e-01 1.673280032059549782e-01
-9.732247169881215187e-01 1.493810764221667198e-01
-9.706205133390859441e-01 1.705101496125122351e-01
-4.079401964864089458e-01 -8.030765207967102137e-01
-4.381043834532367121e-01 -8.759395232005716680e-01
-4.335063113605479024e-01 -8.638671001625151114e-01
-4.143441288975689973e-01 -8.457442105258207166e-01
-4.267781970623091281e-01 -8.812958960134210651e-01
-7.299850208740857882e-01 6.728521291137855576e-01
-7.328649007551010230e-01 6.739063607367833386e-01
-7.341560587827177242e-01 6.750597903849593351e-01
-5.385990937909190812e-01 -5.878587512225228462e-01
-6.049688137007329658e-01 -7.524996247564860186e-01
-5.920004653979294984e-01 -7.310370261976162354e-01
-6.292774707136078449e-01 -7.519786290389577355e-01
-5.844746674168692646e-01 -7.659075360606203420e-01
-6.252414421889389562e-01 -7.356263155814967147e-01
-6.156863536557726224e-01 -7.436263428378880880e-01
-5.680335854253050210e-01 -6.858325124840549680e-01
-6.071032509175869896e-01 -7.506503568569630191e-01
-6.113784012463725492e-01 -7.473313037136827264e-01
-6.205724772108029974e-01 -7.403885513942215502e-01
-5.927757639230287756e-01 -7.609281420806983665e-01
-5.974469499170261821e-01 -7.572056903190055310e-01
-6.265471296366091902e-01 -6.964077070682155313e-01
-6.309111240922131714e-01 -6.916589388175808928e-01
-6.211737030098994916e-01 -7.004014802681328700e-01
-5.867782598325276266e-01 -7.828395449360532332e-01
-6.031925349317813767e-01 -7.725524050476828553e-01
-7.319158472485076672e-01 -6.620119872319650822e-01
-7.254628818482220520e-01 -6.562587937700150587e-01
-7.136437802569247646e-01 -6.473363140508403557e-01
-6.943106616357036520e-01 -6.263710013486096795e-01
9.844836035637113403e-01 -1.008768106948123855e-01
9.886549332083944819e-01 -1.002333498794211741e-01
9.911560010032361978e-01 -1.001229125433727579e-01
9.924382402658510349e-01 -1.020752326768102486e-01
9.927937838127094405e-01 -9.837098401239575962e-02
9.926485347583430263e-01 -1.002302857946166803e-01
9.935605541183775147e-01 -1.003264070833124466e-01
-7.652852672431468273e-01 -2.553476308218382562e-01
-9.077604052349395047e-01 -2.379890740865320264e-01
-8.580783714828735809e-01 -2.416206759824388317e-01
-9.046961003044751148e-01 -2.540148107114948983e-01
-8.906144702925323786e-01 -3.062646984176116693e-01
-8.430175842846333589e-01 -2.944724935110657471e-01
-8.425922140604142907e-01 -2.796431780368398567e-01
-8.469067511034099605e-01 -2.597480947059543910e-01
3.515624262159003366e-01 -9.080097406451153041e-01
3.250415413130824938e-01 -9.008527675613597907e-01
3.218182934142121421e-01 -9.198314420875124409e-01
3.282796297305008992e-01 -9.175816605105964197e-01
3.450718905205245601e-01 -9.108726646112500491e-01
3.149988334449432825e-01 -9.220630801358011830e-01
3.084905816149728364e-01 -8.778276783145695372e-01
3.388357807567161650e-01 -9.134713568960742824e-01
2.868776645354156329e-01 -9.136290024318441949e-01
2.613963521871836421e-02 8.360276776931580001e-01
1.774258705999522401e-01 8.169143416749499176e-01
3.415340175985435989e-02 7.846154290791370611e-01
-9.873903858339933698e-03 9.036352814583192838e-01
4.069698226978151617e-02 9.036688528872737214e-01
-2.007379463823143889e-02 9.061328983795273739e-01
5.150754890393833413e-02 9.026480249319656091e-01
1.505989558664574089e-02 9.043911468047027835e-01
1.006854940466021531e-01 8.897487765945446547e-01
2.851254505280159668e-02 9.037976996698554588e-01
7.514681800809309975e-02 8.967245007731575734e-01
2.800601150444144774e-03 9.045472707044016625e-01
6.244374827640308129e-02 9.004628367235172348e-01
-1.325994840485207084e-02 9.483223060264710513e-01
8.773756765163137628e-01 -3.787224364268982901e-01
9.001607213741493752e-01 -3.973444756985721749e-01
8.909877270619339651e-01 -3.920469757564608582e-01
9.281031323733049954e-01 -2.143304369519892782e-01
8.947781190613586233e-01 -2.096371722912204194e-01
8.325136815846538862e-01 -2.299153281378573110e-01
9.311297684461473656e-01 -1.974970372946804886e-01
9.263069912449589660e-01 -2.252880054335916205e-01
9.508086254570451423e-01 -2.008322702045502450e-01
-9.592862900835557038e-01 2.114291474506596324e-01
-9.655840806788099639e-01 2.155888158789385778e-01
-9.696839870049301924e-01 2.166760416653087107e-01
-8.977159801599766675e-01 1.313431343234058857e-01
-9.182156204733881166e-01 2.594487888321024213e-02
-8.652321157686855280e-01 6.603873088331245478e-02
-9.087522858803022130e-01 9.970902012277341186e-02
-9.194026026939059459e-01 3.649889382478278821e-02
-9.182269660134739775e-01 6.821634278655828998e-02
-9.199924033365152187e-01 4.501589277926883875e-02
-9.147171243459791823e-01 8.326676190382831244e-02
-9.167990177419750308e-01 7.569889849526066639e-02
-9.199073731394901143e-01 5.290443049168595813e-02
-9.191408194119109476e-01 6.060535774905172202e-02
-9.119406487593384458e-01 9.115965322921967817e-02
-9.255780085692228987e-01 1.720445465029444773e-02
-9.560003679761428508e-01 -1.628430911856089489e-03
-9.582681878563508171e-01 2.799730307253654044e-02
-9.576593970583688886e-01 1.740117406745329831e-02
-9.568806021227431735e-01 7.615371542105424905e-03
1.278183233829303656e-01 8.923859548338066716e-01
1.485790493091077857e-01 9.285018019035810033e-01
1.715683219898166967e-01 9.478041848432599004e-01
1.791908730385034509e-01 9.611375372077785029e-01
1.460485687255288767e-01 9.529288241375932778e-01
1.333093859174264428e-01 9.548966995065930607e-01
-7.161416006149577962e-01 6.875475299261761819e-01
-7.201674373295617881e-01 6.874647735796307613e-01
-7.118499328902654355e-01 6.851609803905391871e-01
-7.164763255616934945e-01 6.913885904974798047e-01
-7.173137723036916436e-01 6.905552918892883252e-01
-7.194174262126783459e-01 6.883071318956824891e-01
-7.186382307811126635e-01 6.891860904678774880e-01
-7.106170992955216370e-01 6.928957011739168559e-01
-7.120728826223474695e-01 6.913960174458791963e-01
-7.115740666642720313e-01 6.961587269527930166e-01
2.044943829333558671e-01 -8.531558073901892580e-01
2.645448019473962686e-01 -8.908116920319473220e-01
1.282506390425668663e-01 -9.265000472569515644e-01
1.190621707203287361e-01 -9.568306187189465906e-01
-7.519984785693171504e-03 -5.597686463178076777e-02
3.354669522632142686e-01 3.839498532961711508e-01
5.034298849344741589e-01 5.249897084412752379e-01
6.474404328984413592e-02 2.149825857732251544e-01
2.206643687966258482e-01 4.123384031886474510e-01
2.710673718272417210e-01 3.988504815108170343e-01
1.600049776330670359e-01 4.215091728810752003e-01
-5.086154646398345358e-01 -8.154595557479205059e-01
-5.172716768001039966e-01 -8.284322703354649597e-01
-4.925867069828423483e-01 -7.916372573269746526e-01
5.516933905193318610e-01 -4.431480335851528674e-01
5.880986581210133624e-01 -6.200171668462058916e-01
6.126883047591318299e-01 -6.834466296014792830e-01
-7.888137800960599577e-01 -5.256797483939524840e-01
-8.065125867698645923e-01 -5.384715222699599790e-01
-8.165333508413055164e-01 -5.453392335610907082e-01
-8.247962132458026563e-01 -5.457302779114602265e-01
-8.201869333945156493e-01 -5.528855732230881781e-01
-8.176899853759540537e-01 -5.564127877775113529e-01
-8.226364357893476420e-01 -5.491993383746469615e-01
-8.268556498772744456e-01 -5.422763909397679827e-01
-3.641080980017993851e-01 -4.441453326527015633e-01
-5.676508403833693261e-01 -3.693655189358941437e-01
-3.359066084046739009e-01 -7.483626056576596630e-01
-7.329598696968084859e-01 -3.422691370588718529e-01
-7.192314009440127220e-01 -3.663297211040560386e-01
-1.934771107138207047e-01 9.189173189269407294e-01
-1.877127737974088328e-01 9.445427227050207097e-01
-2.258959597993278889e-01 9.355372882747148289e-01
-2.153559634362176844e-01 9.381076139667243741e-01
-1.936498705606505000e-01 9.582648245307097135e-01
-1.960262783528033959e-01 9.668442212824253090e-01
2.148672565862634054e-01 8.432733983845926984e-01
1.420243676263762966e-01 7.672581903792594638e-01
2.631044697623379641e-02 6.573002723145238146e-01
1.713152519897992998e-01 8.525133512567205640e-01
2.506407214203760780e-01 8.320581940211977390e-01
1.949842803484295173e-01 8.479776315883712501e-01
2.330639018212801172e-01 8.380495727617550683e-01
9.858081203719393226e-03 4.880385661732313807e-01
4.459604464367119409e-02 7.728920687102727172e-01
1.253999182072467605e-02 7.740248138996466132e-01
-2.260478731064172880e-02 7.717123593669737991e-01
-5.645206619245930479e-01 -5.250409267743676445e-01
-6.198168536821939689e-01 -7.005074948124065948e-01
-6.093610132705241655e-01 -6.157284754356372458e-01
-6.296524357042300180e-01 -6.904287624102969367e-01
-8.785596168188801458e-02 -9.594035497565621684e-01
-8.972696094550954016e-02 -9.738491924181426063e-01
-9.376823175855044656e-01 2.620804791841170878e-01
-9.472108122148459319e-01 2.667651325890156855e-01
-9.544807822042219447e-01 2.644792546483298312e-01
-9.527484236894635528e-01 2.698229942815668081e-01
-9.559134228464691851e-01 2.595067312645317759e-01
-9.536714780456129192e-01 2.670586033732083031e-01
-9.516906207143364105e-01 2.727915511944948301e-01
-9.552146370500596007e-01 2.619947272282190376e-01
8.178192728783929555e-01 2.957174417924753884e-01
7.883951431777046492e-01 3.994800345047868073e-01
7.453227229503792683e-01 4.883263612680665555e-01
6.695986063458316817e-01 5.736838520029238220e-01
7.917258772065455252e-01 -5.799169469225118334e-01
7.852365595359687145e-01 -5.691333522187335126e-01
7.735102865138148154e-01 -5.535592240682696286e-01
7.541941533275225984e-01 -5.275754745371631360e-01
-4.121241511828598325e-01 -8.880692778106258345e-01
-4.189851473642410840e-01 -8.701895796731596855e-01
-4.301186300094800297e-01 -8.797772072160172652e-01
-4.117432499939314705e-01 -8.479763534078582632e-01
-4.209776184858103898e-01 -8.841212372413059795e-01
