-4.905469315031728006e-01 -7.830040249699320443e-01
-5.144434635373140718e-01 -7.567836584392553245e-01
-5.078711498831618432e-01 -7.603314681492010507e-01
-5.195339758779554673e-01 -7.529064311572292167e-01
-5.017637921962835312e-01 -7.943963112406119409e-01
-4.862917304429791865e-01 -7.994014855378595019e-01
-4.777539806342054329e-01 -8.066953674248892314e-01
-5.105322241729493005e-01 -8.034287759216151015e-01
-4.977003006512706884e-01 -8.114655360442735166e-01
-5.144565733531376583e-01 -8.131898963825260340e-01
-5.230686976777453312e-01 -8.056577706066773148e-01
-1.092773196970130561e-01 -9.343015673407129018e-01
-1.384304273655121431e-01 -9.294662851024494410e-01
-1.022631426103021712e-01 -9.458872421051949253e-01
-1.267615375658922572e-01 -9.431000564699181243e-01
-1.046287437921164798e-01 -9.556960943770678174e-01
-8.973255366646464004e-02 -9.536473885873684164e-01
-1.071938565650068786e-01 -9.636577093917414460e-01
-9.675405716708856962e-02 -9.629974592793409949e-01
-1.048091701937235720e-01 -9.700787762567737449e-01
-1.173501937533786982e-01 -9.678617428204170370e-01
-1.021856306856079311e-01 -9.749563012873225798e-01
-1.111652336757646548e-01 -9.732668634707266619e-01
-1.003131020904947379e-01 -9.784690783408148684e-01
-1.059063878731040659e-01 -9.787513997147230249e-01
-9.810666747672557031e-02 -9.817891720891245289e-01
-9.514562645266731733e-02 -9.816338830759336886e-01
-9.658605665157271591e-02 -9.817425710270055728e-01
-9.989592250780221505e-02 -9.817636875695917587e-01
-1.083444775434175139e-01 -9.818478945033040084e-01
-1.310376583017967556e-01 -7.671840913126506400e-01
-1.155867569604911993e-01 -8.104470086660380268e-01
-1.076779053280565307e-01 -8.471059625644469238e-01
-8.243039092586734728e-02 -8.204405123201784500e-01
-1.095969309391461588e-01 -8.766810974437405646e-01
-6.214743110630796541e-02 -8.663706283568937128e-01
-1.026693061118301303e-01 -9.005122589506389108e-01
-1.391695965848197269e-01 -8.935582995374788950e-01
-1.068321105058374076e-01 -9.195420959902990132e-01
-7.897787586435359164e-02 -9.168120044417269465e-01
-3.054350308700527483e-01 9.338386744824475061e-01
-3.139748762295354045e-01 9.312692258774875054e-01
-3.167876275104278827e-01 9.337567270830872124e-01
-3.106900569619510666e-01 9.358285909408321501e-01
-3.191779316882499828e-01 9.357684981508260780e-01
-3.148818834516036724e-01 9.376002202891545734e-01
-3.201067830827517557e-01 9.379790315360901909e-01
-3.221558462159622716e-01 9.367282003313143202e-01
-3.044886285495586042e-01 9.083172590000521129e-01
-3.246574138423373168e-01 8.967093198624436212e-01
-3.045116593359560864e-01 9.170419408540663175e-01
-3.203718652284552881e-01 9.092507281589957691e-01
-3.174186413435658438e-01 9.092087513498999796e-01
-3.141447205494652395e-01 9.192619264735679696e-01
-3.041813854133980644e-01 9.243860896385386328e-01
-3.110407600310589049e-01 9.280302420136905539e-01
-3.061552317202480555e-01 9.291700784465548590e-01
-3.026175564106403648e-01 9.304006020847391811e-01
-2.974141210617289310e-01 9.310558096351230217e-01
-2.990952951291616646e-01 9.309474891164820631e-01
-3.043772888943298560e-01 9.298569498218809404e-01
-3.008421703683645254e-01 9.307656744947915284e-01
-3.080044853705348196e-01 9.282766668122931497e-01
-2.750963020692269168e-01 -6.323247199858348377e-01
-3.377013364415523688e-01 -6.521189622834538957e-01
-2.647545789880552669e-01 -6.781367518243311965e-01
-3.418319665493420589e-01 -6.917308178835421817e-01
-3.912871801163042007e-01 -6.685190119449953006e-01
-4.357543006087180038e-01 -6.684992383635668389e-01
-4.763428127085156949e-01 -6.767606115260348387e-01
-4.969303415868658313e-01 -6.474057557283516839e-01
-4.876844273315615874e-01 -6.619169197227735557e-01
-1.452723974984883593e-01 -5.694350400252018440e-01
-1.952467926049736568e-01 -4.245924460007160506e-01
-1.802853272517786209e-01 -6.353554287304497006e-01
-2.112100793820667621e-01 -5.464137599209433205e-01
-1.621878979163376977e-01 -7.029298042351670439e-01
-1.658056183781319581e-01 -7.423309388748404736e-01
-4.078346964395733187e-01 -7.212432288573569217e-01
-4.453998810064962455e-01 -7.262127468275002551e-01
-3.994870307643524909e-01 -7.625871635807935922e-01
-4.674670820496898971e-01 -7.471362204506125648e-01
-4.818112113268180896e-01 -7.178716222902973287e-01
-3.910548563895089869e-01 -8.040373100715207944e-01
-3.986131817680449441e-01 -7.994284007569743000e-01
-4.817325132436178214e-01 -7.681941086548594866e-01
-4.993848658611723113e-01 -7.459600872206766375e-01
3.221142660105376643e-01 -3.791434273212340167e-01
3.667696458283177252e-01 -4.810485073557801416e-01
2.859921278111710596e-01 -3.828971547552744159e-01
4.116142455664457134e-01 -5.595328996709911795e-01
3.502717547615028515e-01 -5.358449632003119412e-01
4.510280333793857954e-01 -6.104304870609575939e-01
3.973705299585872375e-01 -6.210309455751594765e-01
4.432463090984310461e-01 -6.676883366053452118e-01
6.070919300016573983e-01 -7.456916794864770770e-01
6.146482647658572107e-01 -7.493732112634804432e-01
6.021088714069646741e-01 -7.576934514661187725e-01
6.213806817163247675e-01 -7.517003454644960447e-01
6.126224711165885184e-01 -7.583171037471392317e-01
6.271227893703998912e-01 -7.532045380910794563e-01
6.210712919140773947e-01 -7.584243668470633803e-01
6.282915023148781808e-01 -7.576562362832882647e-01
-2.082526346807191397e-01 7.386889264687952483e-01
-1.115903642715386501e-01 7.576184561313474841e-01
-1.006243496254598802e-01 7.701885189653064900e-01
-1.307828143329244075e-01 7.430241035799832749e-01
-8.772908201641964332e-02 7.737309500331761569e-01
-2.361157241667783957e-01 7.729085483070727847e-01
-1.620029771720555845e-01 8.017898350176942968e-01
-2.601449669486002869e-01 8.025589537419148822e-01
-2.981751497758624581e-01 7.648294180480000870e-01
-2.664790548039989160e-01 8.341480564973583478e-01
-3.068601813574383663e-01 8.057190736521138152e-01
9.679815060428642592e-02 1.451410196021379884e-02
6.844044250721889600e-02 1.613960759862314021e-01
3.433724780408084921e-03 2.670033627554443262e-02
4.858072296011609927e-03 3.053506194249693828e-01
9.976890732003212969e-02 2.714251091331064125e-01
-8.148906672671459017e-02 1.518356454426829502e-03
-1.335562853828580754e-01 -9.752078733001861427e-03
-1.788348968336984646e-01 7.112963871481968112e-03
-1.944865587474224333e-01 4.768328818815344844e-02
-1.553211559262376584e-01 6.677853345809701968e-02
-1.053511026532483880e-01 4.887826910535299912e-02
-1.673500860003484386e-02 4.228962046590645230e-01
-6.512505041701663333e-02 3.794071891167332677e-01
4.606852300609018958e-01 -6.588825945515363047e-01
4.878679764860601176e-01 -6.882132060309904542e-01
4.276270195297559584e-01 -7.019791542064823808e-01
5.172660273460860658e-01 -7.067522345783219251e-01
4.730829747598048751e-01 -7.233968260044533194e-01
5.432870582968174489e-01 -7.182045815265051258e-01
5.110513533544048803e-01 -7.356133268983778839e-01
5.419887112448994460e-01 -7.424102672208070519e-01
6.194214942832594328e-01 2.452265727249795524e-01
6.874017762555837407e-01 2.161234223030002455e-01
6.283540800507299018e-01 3.377425279823743076e-01
6.163847468899554816e-01 3.510153294146996505e-01
7.213573014954706153e-01 2.625893354303746041e-01
7.539433181192607414e-01 2.218319290383027331e-01
7.549767056862011216e-01 3.047481400697962806e-01
7.420771676405722994e-01 3.231810772334485771e-01
8.046607458349961384e-01 2.166510084814707582e-01
7.748823300150503579e-01 2.774806279764585049e-01
8.152244226001663652e-01 2.666611692159508995e-01
7.850275066736317475e-01 3.181705228362339266e-01
8.546870618004791531e-01 2.523722865531312642e-01
8.512549854350338618e-01 2.659357733595725803e-01
8.168406005184656316e-01 3.238423973073100703e-01
8.021021223670937728e-01 3.452192539892655621e-01
8.128286654024432512e-01 3.732486624093591665e-01
8.252198677529622994e-01 3.590584874313659802e-01
7.276099030406576462e-01 -7.919287667919304441e-02
7.892327773624582266e-01 -5.584849724915749714e-02
7.469762560833501652e-01 -1.305446355868490060e-01
7.683473600965565753e-01 -1.039938987227283645e-01
7.448081157734747215e-01 -6.791537114323138724e-02
7.263591168598804160e-01 -3.642053263723769863e-02
7.256142128440815631e-01 -9.234185428950511532e-02
7.203348121971624440e-01 -5.967335485240907178e-02
7.430960575092590004e-01 -4.456770766082124302e-02
8.281997164617432849e-01 -1.732391911221538988e-02
8.378100868461091366e-01 -5.505188072838348295e-02
8.382125380246587820e-01 -4.483365552351652183e-02
8.248056247440538336e-01 -7.498837361358274417e-03
8.344204008220701407e-01 -2.588844297399620770e-02
8.326717909783898364e-01 -3.617409990415221266e-02
7.994600719095199537e-01 -1.847230232731507937e-01
7.813869539875377690e-01 -1.881304907500499501e-01
7.915846558349147744e-01 -1.928548337764205423e-01
8.167694231819002670e-01 -1.478355470802101002e-01
8.169135001122246331e-01 -1.337084466211808376e-01
8.221154476036039993e-01 -1.148346628048483170e-01
-2.615871126086027898e-01 8.615012592933504187e-01
-3.060338108839604221e-01 8.307433526573849703e-01
-2.784137555699662259e-01 8.755431949053243956e-01
-2.339393775829604616e-01 8.876692636860489261e-01
-2.394304843206849776e-01 8.868839339378243869e-01
-2.512277276847298957e-01 8.778248031684510178e-01
-2.441499524726508663e-01 8.828074106071976956e-01
-2.910498877862760514e-01 8.876413643206028103e-01
-2.695445470208938099e-01 8.959262547987404401e-01
-2.967025430984358558e-01 9.002794472098203382e-01
-3.090057914535297989e-01 8.906950451054391760e-01
-1.561623473628458159e-01 4.396361518768404641e-01
-2.800592283847631592e-01 2.729898042067908648e-01
-2.430668007012103948e-01 2.878919285111961046e-01
-1.949636675497220251e-01 5.170015892931592028e-01
-2.930027041401016552e-01 4.105645004027868583e-01
-1.992844808777919363e-01 5.993195299156319766e-01
-3.030853438026301916e-01 5.180996076672729211e-01
-1.967155436788660672e-01 6.717315803152646980e-01
-2.596606060581488906e-01 6.286929997275469972e-01
-2.989096110393622552e-01 6.126086441140126126e-01
8.309844885207570142e-01 -8.652635178176852626e-02
8.623850818232852156e-01 -1.033343466928318966e-01
8.612243483449238957e-01 -4.586878911756033655e-02
8.617705101455546135e-01 -3.665927650275321165e-02
8.529679822534232958e-01 -6.787240086380030846e-02
8.573744730724193186e-01 -5.561022078021796156e-02
8.907628756320795649e-01 -1.018034052511032628e-01
8.808594660348454397e-01 -1.243537588683288758e-01
8.787631113443122866e-01 -1.378716786649809012e-01
9.122612345407276058e-01 -1.081601130929819160e-01
9.137939575244332646e-01 -8.261920860544604006e-02
9.301225857707222655e-01 -1.025705184978276674e-01
2.373844282534203765e-01 -1.787164048182197928e-01
2.156603768695913581e-01 -9.161396955688261290e-02
1.466907243488271007e-01 -2.498982936859175663e-01
5.432244098807226251e-02 -3.184921114771050443e-01
1.235262640318074145e-01 -2.151131917881475286e-01
-2.073382197779272476e-02 -3.997806127572721691e-01
-4.523030977364148053e-02 -2.649108032113435263e-01
-7.913627541955764455e-02 -4.831264976373947917e-01
-1.231950343733987790e-01 -3.831058296914437444e-01
5.340920196330990466e-01 -3.207262747843130368e-01
5.904485463889531660e-01 -3.905687377100053315e-01
5.665820787833555361e-01 -3.452393059529850206e-01
6.169045331238536267e-01 -4.498950743405459862e-01
6.567432213964132792e-01 -4.321662031445616670e-01
6.788690023033633336e-01 -3.469719532957613595e-01
6.580090955842886613e-01 -3.630680895173219458e-01
7.101571283672459822e-01 -4.450140214515493353e-01
6.876585625827428272e-01 -4.699014727768333621e-01
-5.283538956799617159e-01 -8.094726848670825703e-01
-5.165197726359831432e-01 -8.193853469031034953e-01
-5.205101960847112741e-01 -8.243603835371985378e-01
-5.122476486438177767e-01 -8.295795181046126121e-01
-5.271675759695462204e-01 -8.257848556420122055e-01
-5.232316876851162979e-01 -8.288455519619511991e-01
-3.176675317660448972e-01 9.406784099106676456e-01
-3.211320273724667662e-01 9.395385236959949982e-01
-3.226202904280382477e-01 9.404391520033201779e-01
-3.200595640454551027e-01 9.414432841872133473e-01
-3.207646141896215441e-01 9.411681408314631625e-01
-3.240243583293720975e-01 9.410971867581958694e-01
-3.231755905273511198e-01 9.415382893210478832e-01
5.635322536712396024e-01 -7.304226222816506686e-01
5.793631378874828375e-01 -7.382067731330371751e-01
5.507841688965054994e-01 -7.521557786393130440e-01
5.919922666052168658e-01 -7.440225106680223854e-01
5.716505813607477560e-01 -7.554106134850644416e-01
5.931668728031591620e-01 -7.551390557132392489e-01
5.918051175533556307e-01 -7.659665308841649978e-01
5.962506934200914044e-01 -7.631031741702218874e-01
-1.738576999713636884e-01 -7.949959089900764386e-01
-1.778734356223205526e-01 -8.205199418845242620e-01
-2.070499934815165921e-01 -8.290887741612477102e-01
-2.335359016342133665e-01 -8.580648787764555419e-01
-2.228897805885622641e-01 -8.617155480445136684e-01
7.142935048439041923e-01 -4.817197025526686605e-01
7.420992151112260071e-01 -4.538835091469471394e-01
7.666950124068792061e-01 -4.648052472939848134e-01
7.767095816127956853e-01 -4.461360863448906033e-01
7.772189689148963909e-01 -4.874939370701839580e-01
7.884274339774116624e-01 -4.721665611199510892e-01
9.266925574593631865e-01 -1.116656547894032403e-01
9.393264817397638522e-01 -1.175462700653099879e-01
9.402290331535743118e-01 -9.477502234964407801e-02
9.504825974637605146e-01 -1.103761330620441489e-01
9.483504628927256208e-01 -1.268304237884477492e-01
9.560322420794840070e-01 -1.338838626649858921e-01
9.577227736705467009e-01 -1.252908176026271692e-01
3.915738726456309826e-01 -2.174249946662479838e-01
3.535323142451271550e-01 -1.413088665138054478e-01
4.420052309513415878e-01 -7.506138904394127342e-02
5.505775628173636971e-01 -4.489176686669107269e-02
4.399624787641212564e-01 -8.929354677640459828e-03
4.504050781783136559e-01 4.766951680242449696e-02
4.407810004337329723e-01 1.029679015227676075e-01
4.750768606196130173e-01 2.316081220144008690e-01
4.498899317723488167e-01 2.427929807636355630e-01
-1.030552042092942738e-01 -9.823746078122892467e-01
-1.067616822818461680e-01 -9.839825924891667519e-01
-1.017632865087889499e-01 -9.848046249630878490e-01
-1.085226690380317327e-01 -9.860998583221812774e-01
-1.089778935073377197e-01 -9.858008360467801490e-01
-1.003691980440890863e-01 -9.870950820580225438e-01
-9.936115873664642939e-02 -9.862134325719074113e-01
-1.024178185391009382e-01 -9.871320788213350239e-01
-1.010528837054418261e-01 -9.871407301742550766e-01
-1.020986902644326899e-01 -9.863802776031534991e-01
-1.037400478403294607e-01 -9.863467256344169432e-01
-1.036438908316946322e-01 -9.869331911882794905e-01
-9.969297081204867017e-02 -9.869096276321556171e-01
-1.042803796750461226e-01 -9.865741415407165427e-01
-9.854736198236996314e-02 -9.863837358375744380e-01
-1.030086260467584502e-01 -9.869587908805750320e-01
-1.002648884142396390e-01 -9.862554179371233465e-01
-1.017335122790705565e-01 -9.871458295069776012e-01
-9.898635585815108995e-02 -9.867605638920561306e-01
-1.011545369936842492e-01 -9.863587637883201031e-01
6.332345750493230119e-01 -7.539926245156224338e-01
6.354524742197179554e-01 -7.561587568431599182e-01
6.375354099444219269e-01 -7.521777302920484853e-01
6.305583314733171907e-01 -7.585251893997156936e-01
6.390883585904012509e-01 -7.559480006835636035e-01
6.348440665232731872e-01 -7.595887003156930328e-01
6.355773579707439946e-01 -7.595167548806820434e-01
6.370687378135408974e-01 -7.584305306226685195e-01
6.382056281191168523e-01 -7.568955059801989460e-01
6.364479074956157501e-01 -7.589132934776451345e-01
6.380467940924405834e-01 -7.576437671740825497e-01
6.356740535148532878e-01 -7.586759028720851950e-01
6.343238271721332033e-01 -7.599863538534803453e-01
6.388261586889411037e-01 -7.565804308792455357e-01
6.372558932601622983e-01 -7.577200612265833080e-01
6.426211236368359891e-01 -7.515874586516697597e-01
6.302665529967464986e-01 -7.626651525663085129e-01
5.727853461241307897e-01 9.461375051524995028e-02
6.333484174061679850e-01 1.035931977591342673e-01
5.951826053213220558e-01 1.718270564104490972e-01
6.161027305074325833e-01 2.571845758298234030e-01
6.467635878747471923e-01 1.894856303816112308e-01
6.786762450233221333e-01 2.895026229882826652e-01
6.503987691142135708e-01 3.199955679529466468e-01
6.651744487443588261e-01 3.059718957876739753e-01
6.174754990004059918e-01 3.411909213562866472e-01
6.345494439189083291e-01 3.319001446612788730e-01
6.406128921252340902e-01 -7.547675478719543252e-01
6.440869221075922191e-01 -7.541069468298539080e-01
6.397762781596124659e-01 -7.579459356481350607e-01
6.421092924043696470e-01 -7.560783119743512692e-01
6.437462602701412573e-01 -7.569300531747945593e-01
6.424573718470854011e-01 -7.580451976436252126e-01
6.493645553827696038e-01 -2.009523869788695447e-02
7.108790947776838509e-01 -8.525271219849660242e-04
7.718198428799667443e-01 1.772528662529928439e-02
7.172557934907217714e-01 -3.264488388761344062e-02
8.312583561102326879e-01 3.061697298364826278e-03
8.250603251476863464e-01 -9.627653468131826611e-03
8.128158866358734524e-01 4.642595808491850606e-02
7.935761643266769916e-01 5.462755400179932636e-02
8.346448424749626227e-01 1.783539491827931464e-02
8.324277467037877187e-01 3.229547237272892279e-02
8.300454983124622155e-01 4.629603311305984653e-02
8.128949665113464063e-01 -1.624591787745663027e-02
8.115681723809856640e-01 7.118988081977281612e-02
8.014825176197423184e-01 2.946620869614582569e-02
8.070708234400102432e-01 4.375300847093446755e-04
7.972484244693077704e-01 7.200163247763559371e-02
8.175742747801042487e-01 1.740720760973748019e-02
8.224455386831230896e-01 6.097607337433833680e-02
