-4.822812747059136429e-01 -8.116974722618920390e-01
-1.172391818661054491e-01 -9.489191216475825197e-01
-1.114656959084729393e-01 -9.773648690626220992e-01
-1.176940431058909192e-01 -8.689017294926141277e-01
-3.154825483671892528e-01 9.359225287029795393e-01
-3.004407634987633080e-01 9.260510309032018439e-01
-3.560537034935071232e-01 -7.177976935055413454e-01
-1.496263368915044523e-01 -6.335256506854642922e-01
-4.285271793325898804e-01 -7.717423495554737167e-01
4.313639506752575126e-01 -4.661928386365624122e-01
6.208772835798408440e-01 -7.489900604834115461e-01
-1.728556787655392002e-01 7.949761850437617738e-01
6.216666119202182011e-02 2.194586421759666117e-01
5.569872084328596484e-01 -6.653003339933549753e-01
7.357529049216490202e-01 2.033950636289385272e-01
8.277523947086087297e-01 2.703078352206569890e-01
7.512375518399063701e-01 -1.023851893703455335e-01
-2.592251207573967875e-01 8.881607810522783586e-01
-8.336300624005009430e-02 6.101511189052482020e-01
8.523902604114896864e-01 -1.270236140432998428e-01
6.542861286150851441e-02 -3.110302087185393138e-01
6.134388712510835395e-01 -3.402341558387746434e-01
-5.167152261517125034e-01 -8.278686396592871422e-01
-3.217322280458804751e-01 9.408038715238635774e-01
5.897811247751174601e-01 -7.426351527699177613e-01
-2.109993995082241336e-01 -8.331647537619033539e-01
7.797556681420270142e-01 -4.143150827541567383e-01
9.349796143505834101e-01 -1.330901732759190714e-01
4.718516791802120358e-01 -1.099534521024884831e-01
-1.029510118165518351e-01 -9.861027254655974073e-01
6.360244503291700990e-01 -7.560051344635766446e-01
6.905727111398399787e-01 1.279351101731259488e-01
6.425059102294113922e-01 -7.544569143581099091e-01
7.592386477583898952e-01 7.586076340588682014e-03
