-7.154161440794637450e-01 -6.532117929552850866e-01
-8.688835024093829462e-01 -4.044186862991818732e-01
-6.989064174718746525e-01 6.763673267602680061e-01
-8.693390447795198428e-01 -3.516777324551660922e-01
-8.678577690837407932e-01 -1.908405714785229301e-01
9.525633398323127832e-01 -1.215450705217183819e-01
-8.254475025204801586e-01 -2.926299157449327448e-01
-8.366583277835250021e-01 5.419925770925111408e-01
-4.612578277565917428e-01 -8.545124730704662941e-01
-9.219441377218283717e-01 3.761708162260143928e-01
6.984995794349898590e-01 -7.112327341508483114e-01
2.127150280637576940e-02 -8.410795065520807468e-01
2.338482762166456744e-02 9.970026163555042453e-01
5.337270136316094593e-01 -8.361177229445475589e-01
-8.101231929552534794e-01 -5.432896034285561448e-01
-2.184134389399503551e-01 -9.484798869605245430e-01
-7.795792926374691678e-01 5.820104800980392401e-01
8.891608479655448427e-01 -3.965331103506701815e-01
-3.472163413635446783e-01 8.447729756295210279e-01
4.984877939750131937e-01 -8.589864776866320550e-01
-8.895793132228639877e-01 2.532847147877796412e-01
-9.899471854822747829e-01 -6.100936136429159495e-02
-5.726693130746354221e-01 -7.887770580833332046e-01
-3.845562917222390964e-01 -8.970147103129497701e-01
-8.966570619411937670e-01 -2.401334338507918054e-01
-8.994659511299162302e-01 -3.172359795594990595e-01
-7.513757413769471816e-01 6.294884063327690349e-01
-7.766492743719995984e-01 -5.316102840027455700e-01
-8.189320637116724866e-01 5.591122448121401689e-01
-8.862472806563861383e-01 -3.744401635302658377e-02
-7.106142929335098612e-01 -5.921299596005922261e-01
7.056840832025399468e-01 6.782485462530627451e-01
-1.171672794681766216e-02 -9.302099478351036899e-01
3.687754294390286902e-01 -8.962869917021817345e-01
1.842590072160295855e-01 -9.483023477458705219e-01
-6.984883662433412077e-01 -5.546303620070868190e-01
8.777401531796867884e-01 2.091322956432698499e-01
3.845683731676651784e-01 9.189089557031915323e-01
-3.441286539914022446e-01 -9.070845061952460542e-01
-6.241425262698763188e-01 -7.733799281242381696e-01
3.143123964555524230e-01 -9.243484570919278109e-01
-6.673277609864212145e-01 -7.367158739270387446e-01
-9.823345707846798947e-01 -1.433528297067011292e-01
6.487695731933019738e-01 -7.024930816128214239e-01
-8.891882174956500240e-01 -3.646437393785584291e-01
-8.511942170318494982e-01 4.555363854646992117e-01
5.425408406199809797e-01 7.840037243050459459e-01
-9.018369304321542934e-01 3.081737831630268487e-01
2.715793381222391112e-01 6.450414224845372191e-01
-8.461094860597853096e-01 -2.748251927539901995e-01
-8.918233665549407663e-01 -8.849651928565938075e-02
2.543918872817075294e-01 -8.620666679109039165e-01
-6.417761434508416629e-01 -7.625649866685395573e-01
9.603536769844116527e-01 -1.766991154910602657e-01
6.894092549050556684e-01 -4.662761475503196529e-01
-8.546011323044478969e-01 -2.496805958668237846e-01
-5.951217887833736009e-02 9.955091139355876084e-01
-9.097472593125702778e-01 -2.264843377586385209e-01
-8.062410022858809144e-01 5.666722885465957926e-01
-7.913898079219012782e-01 -5.804367870650324335e-01
7.192688677748612092e-01 5.544063829475947003e-01
7.201813492547185502e-01 -6.859151814686319515e-01
5.434759871802593567e-01 -8.332492769580336356e-01
-1.065672615052530720e-01 -9.123408430798670699e-01
8.524699258973359450e-01 -4.734332809829643884e-01
5.834655420263975545e-01 6.977448879765043577e-01
-3.020043266552662753e-01 -9.310304689246283738e-01
-8.866698759260003282e-01 3.695547625974199279e-01
-9.303544878995213541e-01 -1.202778895922248792e-01
9.237119305394497770e-01 -7.628034981813064386e-02
-6.641159325782464151e-01 -6.988239920050907106e-01
4.584355744026545887e-01 -8.832361957730446855e-01
2.732582246295885420e-01 9.542708795679428757e-01
-9.816909484685920617e-01 -1.676557752317048289e-01
-3.669542638716071226e-01 7.296992143067770886e-01
-9.375883072149351904e-02 9.926678118687516372e-01
-1.624101584870865905e-03 -9.909083739673396618e-01
-4.989861230233793576e-01 -8.405073226466991398e-01
-1.689096575905165432e-01 -8.439234648139900541e-01
8.005726955700301906e-01 -5.470899887477966850e-01
5.693512795021717920e-01 -8.130940617051037878e-01
-8.127798812987987453e-01 -4.864611961632206993e-01
-9.593938882582563332e-01 1.405208847621945700e-01
9.848445771772909030e-01 4.205690178119498440e-02
-9.780970040244326702e-01 1.086804212909630030e-01
-6.671401856515581930e-01 -5.818873503277719461e-01
-7.306112377124162061e-01 6.506136420755497252e-01
9.198439724966143149e-01 3.233369104275801709e-01
-8.232976285975411868e-01 -4.345081149904053697e-01
8.517891824320433791e-01 -5.152422904402161885e-01
-5.191662675737833688e-01 -8.047733387003591643e-01
-8.789110284070975609e-01 -3.394961391952521224e-01
1.649801925014640624e-01 9.164968582379185991e-01
9.653890718180666575e-01 -2.152670775092572764e-01
-8.852110996205801718e-02 -8.911918879032609819e-01
6.108109941657031972e-02 -9.538877394906595253e-01
-7.412734551257952331e-01 -5.763904723435219202e-01
8.304207540644926722e-01 -2.924207580665905137e-01
9.539341477989300433e-01 -2.656886204933104345e-01
6.434267851010156969e-01 -7.613865270486810388e-01
-9.715963003425129307e-02 -9.744989875539401547e-01
-7.815564422785472587e-01 6.045939786939085181e-01
-3.241523730408746862e-01 9.039087762079763833e-01
-8.854717609383525589e-01 -1.496858883874548907e-01
5.273264985824409612e-01 3.937822411814655421e-01
-5.119912133198697424e-01 -8.270357908099190691e-01
-8.991850571603153819e-01 -2.768291590870732288e-01
-4.230418952540061506e-01 7.168116446748462600e-01
-8.964129540693683840e-01 -1.815126893398882058e-01
-7.794435601663415314e-01 -5.520897832730764510e-01
-6.820311935916147927e-01 -7.137290076672039296e-01
8.373621000977115036e-01 -5.402118354496705521e-01
7.117657521053043501e-01 4.384501847806921981e-01
-1.459796767253014882e-01 -9.811869134003530224e-01
-6.663298935928444466e-01 -6.384758690217310351e-01
-1.713251347966752713e-01 -9.724009845087830950e-01
5.624305331820398379e-01 2.016042682529202990e-01
-8.848715337007735382e-01 2.859259444113476656e-01
4.691485379820631296e-01 6.904601191850937569e-01
-2.496235915413277384e-01 -9.227976863383945405e-01
-6.523208975027378065e-01 -7.409883042092274552e-01
-7.773877699790150420e-01 -6.019232182662238584e-01
-9.589104032838695613e-01 1.058736787022073605e-02
-3.856427582801639220e-01 7.458417940544365132e-01
-6.600191246814703927e-01 -6.547072046785893384e-01
3.632418417716279380e-01 9.253160962306082871e-01
-2.723595421683443901e-02 9.895966186815102761e-01
-8.561272518751839034e-01 3.804075495505499505e-01
-8.089883536057587143e-01 -4.487202384463122029e-01
-2.752837861951401566e-01 8.891737897704458105e-01
-5.139846670436187814e-02 -9.782405473565872756e-01
6.096883463381777002e-01 -7.858882837597738202e-01
-3.658679510054938522e-01 -9.066020405387643644e-01
-7.723017349395959741e-01 6.203996408297588472e-01
-7.508106945473629334e-01 -6.068539343270915598e-01
7.361185406552693822e-01 -6.223234986852130834e-01
-9.786466468941773522e-01 -8.596271896577373228e-02
-9.760658710853791220e-01 7.706641877724386414e-02
-2.318722868606861720e-01 7.109537985562388585e-01
-5.982531414597274111e-01 -6.812618137804845597e-01
4.712393846870492342e-01 -8.763690320955452862e-01
-5.691224367577099041e-01 -7.630531453946498566e-01
-7.132258354244292997e-01 -6.918076421684403732e-01
1.488066569835912456e-01 -9.178761265902561917e-01
-8.362648765059922384e-01 5.308486467608176662e-01
-8.610089134598157834e-01 5.013406604812827849e-01
-8.781971312067777813e-01 -2.619320001648388629e-01
9.381638428977688848e-01 -3.345920418713307365e-01
-5.906606517713846038e-01 -7.550926306705912916e-01
-8.534039041585247398e-01 -4.704129329395271286e-01
-5.386820253071317177e-01 -8.057171425742812865e-01
-4.496489434886534742e-01 -8.704477878449635719e-01
-1.291628960025707207e-01 9.885191490890556931e-01
9.443636850325465293e-01 -3.083810144726440439e-01
-9.694801635289344022e-01 1.991236604322784431e-01
-7.064281251127819683e-01 6.639418827227591136e-01
-8.681052320699558233e-01 7.263656709595169014e-02
-7.076971864122652001e-01 -6.281395704359965526e-01
-9.050954425985726637e-01 1.545231126531549093e-01
-8.746475447489725497e-01 -3.816027171464636547e-01
9.474153153694122587e-01 -2.720025044606784112e-02
-4.287786705380028374e-01 -8.804819793014601048e-01
-9.327608612698564672e-01 7.902883758085139931e-02
-3.195152265587861695e-01 -9.185263026658307961e-01
-4.598798648474071715e-01 7.147328200631657413e-01
-7.174237753077983282e-01 -3.000417513114509993e-01
-9.705866934355293907e-01 3.168325777356576639e-02
-1.086044105987699418e-02 -8.163731244081127159e-01
2.338100099382256492e-01 -9.199798673323386078e-01
-8.539957911157729509e-01 -2.983814780196849537e-01
-8.038504568536896100e-01 -5.581308679190956079e-01
-2.328888157778986612e-01 -8.744356580876653240e-01
-8.697391290336593528e-01 -2.173093761627437892e-01
-6.776967689625382762e-01 -6.330894170465034554e-01
-9.413659221111809750e-01 -4.179494103263817206e-02
-8.775174710566068237e-01 -1.309119428812882679e-01
4.686420399840839912e-01 5.633658840468618312e-01
1.101431910510096562e-01 -8.574869363122201715e-01
-9.581155341800561276e-01 -9.656523006548746110e-03
-1.234493216418046518e-01 -8.296000557822715837e-01
-1.566629031388303006e-01 -8.948121262942655418e-01
1.006861903251315554e-01 -9.543651033557979391e-01
-4.063135831911378615e-01 -8.901429296271244906e-01
-4.851719805936511865e-01 -8.440594257148616997e-01
9.573664918528894674e-01 9.604171553471368972e-02
-8.915783733094077013e-01 -1.346811266314085643e-03
-8.560309918598029144e-01 4.391094730877516672e-01
7.999870099133732371e-01 -5.801122924033884631e-01
-5.910766278160086706e-01 7.156337216878695395e-01
-5.538683753817258415e-01 -8.049397884160783834e-01
-9.573167891520150130e-01 2.710194770206246218e-01
-8.163533400175715382e-01 4.867803147623061544e-01
-7.357580989799621385e-01 -6.274269539443528831e-01
-5.972893793751115066e-01 -7.295312054209195374e-01
9.634615318610931789e-01 -2.496745664151965305e-01
1.526617953667674665e-01 9.430453405824226198e-01
-3.124689122241673944e-01 6.525354523995323675e-01
7.856825120092878478e-01 -6.079937872089807849e-01
-1.877158578418822443e-01 -7.899975163356995900e-01
7.122155687266659152e-01 3.906011574662048291e-01
-7.962279924846764612e-01 -5.019305854546644019e-01
-8.067060384383036853e-01 -5.161321626570697374e-01
-8.140668640710564397e-01 -4.805595474647404997e-01
-8.105829712956834632e-01 -5.000868716852222562e-01
-7.874711231379954990e-01 -5.106082383724029894e-01
-7.905259588017387040e-01 -4.188401569623385057e-01
-8.433456345493608453e-01 -3.735740421355434049e-01
-8.086969692103151974e-01 -3.674186111105124386e-01
-8.297373592175414370e-01 -3.961315774505883014e-01
-8.123008170667256334e-01 -4.201953393435607920e-01
