-5.499991318192102296e-01 1.263762499267563622e-01 -7.780628748254799776e-01
-4.902176222852295262e-01 -4.532595034745209167e-02 -8.094888469639008877e-01
-9.314278725442248774e-01 2.165499306160708487e-02 -2.694566010474221951e-01
-4.212008875826059318e-01 3.515180926895830615e-02 -8.424698503806324901e-01
-2.568735827981299957e-01 2.333062117747573827e-01 -8.646056837327730227e-01
5.991360177091940020e-01 3.506859969032480318e-01 -6.768541756128314546e-01
-2.888986066364926941e-01 1.867640054471271793e-01 -8.571010811267993912e-01
-9.193183973880727500e-01 -8.506516205855711721e-02 3.664092080442411525e-01
-3.433089425382130910e-01 -3.105517189028753067e-01 -8.434973954787940986e-01
7.261384219669220208e-01 1.651221875765249980e-01 -6.595715206313913503e-01
-3.607168501307475572e-01 -2.487606789861660228e-01 8.945023594558647595e-01
1.937739151760499738e-03 1.232331132798340778e-01 -9.214469028713438981e-01
-1.150404730987970858e-01 -4.140275648332266689e-01 8.971319194468172498e-01
-9.366691001643323577e-01 -5.123075743683784544e-02 2.968856702053058738e-01
-4.682958589626152190e-01 4.364865541617847788e-01 -7.124904610616734635e-01
5.740956010758528905e-01 2.252930397775596560e-01 5.686829866402955957e-01
-9.508817536043108198e-01 4.707810669952190719e-02 -7.703722068216008190e-02
7.091594399443466035e-01 1.118274054518658828e-01 -6.608514979380814003e-01
-5.437152306756064535e-01 7.045250349690327374e-01 1.360683156219506806e-02
-5.432311819426347520e-03 -8.622237548829787546e-01 -4.802355001416792057e-01
-7.697817236341970570e-01 1.394395918645022214e-01 -4.978378702333713934e-01
-5.320418096563148680e-01 7.222354649386675263e-01 -3.939252752035839467e-01
-3.583737018145424225e-01 -1.319585721664571776e-01 -8.934523802600011777e-01
-2.961015463124083702e-01 -4.163447121841220011e-01 -8.177997923309791029e-01
-2.290139768168227563e-01 2.098294834954625154e-01 -8.940201157591075587e-01
-5.454226678894115166e-01 6.548833781273318000e-02 -7.670885529354937171e-01
-9.593102647627598234e-01 5.477367373783116784e-03 -1.439731949079840756e-01
-4.153897444388691129e-01 2.889831092472227025e-01 -7.966144990715655627e-01
-8.556891689605520268e-01 -3.230067072087838276e-01 3.283673872889771861e-01
-1.221170099655076169e-01 4.575636618129388378e-01 -7.779532853085533439e-01
-2.232826349059488513e-01 2.687509854951388721e-01 -8.756105430856123695e-01
3.032866493417877285e-01 -6.969362890793339149e-01 -6.178805754127681960e-01
-1.613083546260104736e-02 -8.670176623386001424e-02 -9.508943450062737890e-01
-6.906563306494829524e-01 3.736760266689947985e-01 -5.790848724743452580e-01
1.625624520069356427e-01 -2.807971675785621568e-01 -9.107384198529243635e-01
-3.469297762776237803e-01 1.242960843137701776e-01 -8.601229083933121800e-01
3.420161478151537704e-01 3.493918605953785783e-01 -8.218755169792572035e-01
3.567721211081456567e-01 -1.669382216145030851e-01 9.086619072114441309e-01
-2.357892722888026982e-01 -4.730406803995585996e-01 -7.925986899567258881e-01
-5.718221470709137222e-01 6.274000302405629004e-01 -4.972850033397539504e-01
3.119912299032229219e-01 -2.558591639160556208e-01 -8.876571068668817066e-01
6.426505930040113945e-01 1.998127426493696290e-01 -7.206223000465754591e-01
-2.990706297722586227e-01 -8.146484356600673937e-01 -4.320768154203451505e-01
5.379392949709043137e-01 1.417825977230722720e-03 -7.991430555725382856e-01
-3.753484151593143858e-01 -5.306080388766212103e-02 -8.800112770314020283e-01
-8.981069987264798105e-01 3.729685965343857573e-02 -3.316057715546675833e-01
7.979510116548119147e-02 -5.489253707229139190e-01 -7.975290534945207455e-01
-7.993739520479072880e-01 1.928119331730966321e-02 -5.134255106232606947e-01
-5.337649214628412825e-02 3.429342689082561235e-01 -8.796338421705165445e-01
-2.514114500029919763e-01 1.236439189862817978e-01 -8.872713510629420819e-01
-5.451915477847416591e-01 1.569903281137400852e-01 -7.283219501907345350e-01
2.077090613960477505e-01 -1.784119270011452763e-01 -8.847794307685928894e-01
-4.337866126376063725e-02 8.491534982751494098e-01 4.988928352180613257e-01
6.574039534385008876e-01 2.663685771504459288e-01 -6.774110328644237233e-01
4.185210602874023800e-01 1.752750862955818612e-01 -7.933100633758187747e-01
-3.197107167751394585e-01 1.468343313858528898e-01 -8.641521250778964047e-01
-1.683801294330516951e-02 -3.313296466801918805e-01 9.381909452452034115e-01
-2.757698470738408902e-01 2.256725865837768408e-01 -8.841410138949241659e-01
-9.582436701571158677e-01 -1.268425510277410018e-01 -9.463827585814608978e-02
-3.956036277581335692e-01 5.191200057057979711e-01 -7.106409456971598537e-01
-3.358912862008703315e-01 -3.642177279931742562e-01 -8.325283734833058835e-01
-8.356585679201619099e-01 -2.761886811658286200e-01 4.543602856708648385e-01
-9.228770502915478735e-01 -7.422592079480493099e-02 3.532349850942193559e-01
-1.328474713333761825e-01 9.780363992952189472e-03 -9.481031440036605806e-01
7.586914879021924296e-01 2.638253287891513879e-02 -6.070464543076249386e-01
-1.119014394107037402e-01 -3.335010682032184537e-01 -9.013744925700966082e-01
-1.886432601312912349e-01 -5.505318661695896010e-01 -7.643006791066512262e-01
-8.569237299078727998e-01 3.510770137402812602e-02 -4.201099249820192116e-01
-1.817918646612576572e-01 4.139864139120424946e-01 -8.313112383400433902e-01
4.817304317792697188e-01 3.948425241949913289e-01 -7.229198028929469944e-01
-2.289559712981883433e-01 -2.867753206390185119e-02 -9.348410075183182233e-01
7.504663992403092232e-01 1.188516919096508223e-01 -6.407384857054354566e-01
1.366424648520402352e-01 -2.682239806306513201e-03 9.704741163639966084e-01
-2.658876955368233985e-01 8.251037317682379246e-01 -4.790137867557516249e-01
-1.523357375516717072e-01 2.523875065291183994e-01 -9.123031373260986898e-01
-5.381166984561517319e-01 -2.617769055315343762e-01 7.931633146859581318e-01
-2.200068529151326044e-02 7.154007968643423254e-01 6.306768954242112368e-01
-3.429885874359048792e-01 -2.550565486921033131e-01 -8.717453307030977872e-01
-4.794251456578443177e-02 1.762519099622291696e-01 -9.171486006926286016e-01
6.100931195685828090e-01 -1.785438059642676933e-01 -7.308396542735522416e-01
1.682037242605633753e-01 9.435568268956676663e-01 -2.332931704348789326e-01
-4.473468587854557699e-01 3.657386807133725104e-01 -7.456001372638949576e-01
-4.721556122556772733e-02 7.407636362801665042e-01 -5.927466998973616175e-01
6.168547368108321383e-01 1.088505935486261123e-01 -7.656198266082938630e-01
2.536654931071141705e-01 6.339370455337778321e-01 -6.895402897750264604e-01
-4.006420564851400634e-01 9.629040405993777307e-02 -8.310460305027322914e-01
-9.248385739331392852e-01 -5.061061124959427560e-02 -2.990615056931932858e-01
8.499029641850028849e-01 -8.785957916654600630e-02 -4.631073394404741639e-01
-3.150373570460401895e-01 3.251417631937668085e-01 -8.176377927413611690e-01
-9.148787128758112397e-01 -1.003036917860064825e-01 3.765635436913141731e-01
-3.909717287703670663e-01 -2.050532579628729091e-01 -8.443147015818934786e-01
-3.689317309609203566e-01 1.664859709486714301e-02 -8.728293375529988518e-01
-2.642734746546145375e-01 7.188493285802983745e-01 -5.866067237029006787e-01
6.889117513757160305e-01 2.315528886428938338e-01 -6.723732442337457815e-01
-8.335222270855005555e-02 6.645682472335973090e-02 -9.439951372679984409e-01
1.460340180861826598e-01 4.525125234844868533e-02 -9.546045378973481155e-01
-2.545066585771072476e-01 3.669919847458046891e-01 -8.263324740450931349e-01
5.235951181585409842e-01 1.903680958832260350e-01 -7.434101069649583504e-01
7.022153644524961047e-01 2.088605040922481559e-01 -6.671834022747392678e-01
2.814612827889593216e-01 -1.845343843221169955e-01 9.354580206328282355e-01
-5.764182146071007429e-01 -6.198006762255622304e-01 -4.350036566586171216e-01
-9.674562766759623456e-01 -2.187908534641785918e-02 8.921650817870369066e-02
-2.774312010612989821e-01 -8.784676481502453615e-01 -5.284359623169335857e-02
-2.872300397684700024e-01 1.075499715735831058e-01 -8.899404519043835338e-01
3.539615984442435331e-02 3.456360101982210997e-01 -8.585162834712766200e-01
-4.777923425879411212e-01 -2.367849984480265291e-01 -8.003144786774254449e-01
-4.708158090787000760e-01 1.413230008523946868e-01 -8.073949707216890870e-01
-2.222548776769606438e-01 1.440329760109066159e-01 -9.265017168516914703e-01
-2.857991373744575014e-01 2.845937069765073768e-01 -8.502374873818698831e-01
-3.672885845245233427e-01 4.177837184008718618e-01 -7.621566599776337103e-01
-6.339240398193513037e-01 -1.843244315913745712e-01 -7.149680393768348408e-01
-2.566575363688236577e-01 -3.070773111136772537e-01 9.097273775802845464e-01
1.123126729195779855e-01 3.540078353837358693e-01 -8.773540490185381957e-01
-3.764481331092511818e-01 8.950843818981569777e-01 3.751669583616871334e-02
-1.599574631047078754e-01 1.662874505147626525e-01 -9.148040659291530874e-01
-2.472979144960550102e-01 9.233700467840894044e-01 -6.237523583824838153e-02
1.672253998976167277e-01 2.764478691765185348e-01 -8.391544961389687529e-01
-7.693005255854129532e-01 7.992764663153742455e-02 -5.250776161732166880e-01
-1.013067286121679816e-01 -1.934346350429213823e-01 -9.305890988440294054e-01
-1.850575645655396229e-01 -1.212468149140770585e-01 -9.399083793955542721e-01
-5.738228343144333859e-02 8.978094684818866966e-01 -2.955751251561127280e-01
-4.185492721931841076e-01 5.792118110630469774e-01 -6.446596816466667601e-01
1.488325931433898408e-01 -9.491245122322408689e-02 -9.344739883205961384e-01
-1.066813580216790652e-01 2.634670513139352743e-01 -9.157882324769113236e-01
-1.784058410947594320e-01 7.913143501355443532e-02 -9.251574185194413324e-01
5.008483880224748885e-01 -1.317165012291980353e-01 8.373653959728183382e-01
-8.201003666469220965e-01 -3.107253824225225669e-01 4.426364088086559012e-01
-8.319367474973419219e-01 1.107275515277226369e-01 -4.105758146870166492e-01
-4.437117714046067141e-01 2.394388844631739344e-01 -7.823101668451922786e-01
-2.115996783916149898e-02 8.257410984029425194e-01 -4.461732869761372844e-01
2.330773283382050337e-02 9.326589016104656071e-01 2.459198593307886441e-02
4.767349419250131448e-01 4.711317814704382712e-02 8.560952282723345297e-01
-2.404749787918871728e-01 -4.296003859649377699e-01 -8.309255231081267290e-01
-9.792379816111740354e-01 -1.073030526031365332e-02 2.014297082392033436e-02
-2.731420289437037074e-01 4.727109555278408703e-01 -7.777445128633019289e-01
7.103142957979474703e-01 -2.807771830947701844e-02 -6.475655100889433635e-01
-6.335538799029811763e-01 5.063017821994796330e-01 -5.276673931259446837e-01
-6.624835994444140397e-01 6.382715509379446317e-01 -2.330490441851406080e-01
-1.028590137416588168e-01 3.123687980010519949e-01 -8.894953145267343597e-01
-2.255363681445245461e-01 -7.230449253305699930e-02 -8.934826164190360354e-01
7.242605649136322210e-01 1.845537500204257053e-01 -6.560485259080681697e-01
-3.898013383656935282e-01 -1.089685376293610397e-01 -8.622067810347149308e-01
-4.659925419495037358e-01 7.467574527318349142e-01 -4.302026806377974300e-01
1.197229812175757829e-01 -4.642613571734735545e-02 -9.448041384994146918e-01
-9.172605555675416023e-01 -1.006763266103032212e-01 3.017146428635715250e-01
-3.844530159035134953e-01 -2.522775531372084545e-01 8.733374092324921456e-01
-2.872179585447829364e-01 1.693685849523260678e-01 -8.811107157249723487e-01
7.408035255649988438e-01 1.960953845088087566e-01 -6.356344759877298189e-01
-3.303047423075479161e-01 -8.100919710812322372e-02 -8.973129143315239364e-01
-3.014695732244881410e-01 5.881167545290088006e-01 -6.783285784743031677e-01
-3.845247007319110288e-01 -1.804113841953289554e-01 -8.661263909279314221e-01
-4.305209892521451587e-01 -3.465441543204289543e-01 -7.948381681930484222e-01
-7.562008259381703956e-01 -3.438603327979554147e-01 5.446187339366180824e-01
7.630679964659641268e-01 2.896363559208798844e-01 -5.624165152638782583e-01
2.173933507511937868e-01 8.707737544357324611e-01 3.136689355988433459e-01
-9.381670473770943319e-01 -4.351470104114565918e-02 -2.100616280934586855e-01
-6.057501503563844647e-01 1.477999636645063175e-01 -6.624001638484080523e-01
-1.966135639798457513e-01 2.989433667945740614e-01 -8.814591111466159035e-01
-6.507825833518993131e-01 9.649417201710530634e-02 -6.673185574670845721e-01
-4.735615229366796908e-01 3.818761479979086021e-02 -8.218669341395063999e-01
5.436149253507288615e-01 3.224553698311015681e-01 -7.302094672634907857e-01
-2.987940348937858648e-01 -3.498818006475784559e-01 -8.548889196043135685e-01
-1.211955347176473102e-01 6.052332259032627837e-01 -6.941940387625239461e-01
-3.199842849382857346e-01 -5.366947853342796115e-01 -7.153205999610757759e-01
-8.819091682477453453e-02 3.906253029920754849e-01 -8.637809574142978342e-01
-3.186097702122732134e-01 1.387242852604539667e-01 -8.179938727852764657e-01
5.453035111084191672e-02 -1.185507987462610796e-01 -9.593033673585037446e-01
1.653168117737276524e-04 5.029591841455446216e-02 -9.167587923986103560e-01
1.999792388379879882e-01 -6.499028283552752035e-03 -9.428922443368474848e-01
-3.835627755619429591e-01 1.422244132232485525e-01 -8.374554174216907176e-01
-4.357853819955605501e-01 4.676701529809216273e-01 -7.198343969023471844e-01
-1.342741318219145552e-01 2.216323673563374286e-01 -9.175563457489909203e-01
-2.422686119193340759e-01 1.671216841027013678e-01 -8.887484439598868358e-01
-1.082906704483553584e-01 1.754477655555753413e-01 -9.171486154167292071e-01
-2.678464475195184158e-01 4.795149575718191809e-02 -9.237493480606389085e-01
-1.424130530082748092e-01 1.052090798875550681e-01 -9.181195380517667148e-01
-1.262232124004727604e-02 2.637435872744686716e-01 -9.125800959402932122e-01
7.155984739187318255e-02 5.053762040325848401e-03 -9.250492259386347005e-01
1.117772702797444756e-01 1.063143041474558376e-01 -9.433127433392252126e-01
-8.498897170276081825e-02 1.181249104492391594e-01 -9.239547528798814913e-01
-8.416728054169134166e-02 -2.672062392889141148e-03 -9.443437011468962528e-01
1.384461058718509663e-01 5.653417143437183823e-01 -7.617216971867867281e-01
-3.879266373224544151e-01 -4.265033284194606478e-01 -7.723756889557772398e-01
-3.824222543994560963e-01 -2.688509785162017107e-01 -8.455729622030511150e-01
5.546153760968913771e-01 2.662304005773161175e-01 -7.594870810209695122e-01
-2.210225864260653150e-01 3.946553228970606786e-01 -8.147480430073048563e-01
-9.044392428732606071e-01 1.956451042170244681e-01 -1.501762791146476761e-01
-9.026619320075842667e-01 1.316474149561516760e-02 3.739515834175060616e-01
-3.318120028755829065e-02 6.464855989099784761e-01 -7.064495517518394330e-01
-3.452722274174703232e-01 -1.820373142102065522e-01 -8.905789292025394488e-01
7.454318863043528642e-01 2.388453256831738203e-01 -6.102729303824249163e-01
-8.924368180312778343e-01 1.215594503914246560e-01 -2.690763719899102457e-01
-2.419162090884907079e-01 5.501411401350574382e-01 -7.274115831868016580e-01
-4.191869621045015148e-01 -5.864666596889298728e-02 -8.472592677161752128e-01
7.138300685746248320e-01 1.801688488785836428e-01 -6.694960104537610590e-01
-3.370411677998093047e-01 6.909380810352518942e-01 -6.011930113491703587e-01
-1.528121168103559746e-01 3.359192870533416198e-01 -8.706808188646675273e-01
7.975769118789622913e-01 1.140689968523555947e-01 -5.776527722606086268e-01
-6.711680849995582676e-02 4.713710380013634849e-01 -7.510722601391340847e-01
1.242086899816267631e-01 4.184943945938943144e-01 -8.339410448287873923e-01
-4.138332881688305820e-01 3.648245610796265748e-01 -7.496937743733997905e-01
-3.717588740224416211e-01 3.613221503503994403e-01 -7.829935549439021036e-01
-4.673397970585911332e-01 3.298115499358109659e-01 -7.457422715320001227e-01
-4.499844112552364161e-01 3.056135272862935959e-01 -7.600228307848979625e-01
-4.107786614122153623e-01 3.441881185338084848e-01 -7.694854879137494885e-01
-4.084358759116058502e-01 2.054382737315588459e-01 -7.984800414328440121e-01
-3.844219335053722930e-01 2.463466628974084749e-01 -8.138882988972325760e-01
-3.524996929889230302e-01 2.222255108759078335e-01 -8.219459775634966325e-01
-3.785097323199208552e-01 2.094548570191657189e-01 -8.321492129629446399e-01
-3.597645603648422785e-01 2.861158102261072700e-01 -8.067568440978394317e-01
