-7.222915593844136950e-01 -8.916562231129754323e-02 6.514379166758199613e-01
-7.628429481858503003e-01 -1.225089097859367454e-01 5.420698007247901629e-01
-7.719557202569047316e-01 -1.124602473784909878e-01 5.885817488686903021e-01
-6.000830792022657789e-01 -7.455349761390375751e-02 6.101713496306030438e-01
-7.636682264555380018e-01 -1.565863363795950425e-01 5.916203934789755481e-01
-7.555344861462011119e-01 -1.229131150000488393e-01 6.097236117698215940e-01
-7.605284199165379677e-01 -2.079948379935532832e-01 5.632159540728245428e-01
-7.168990827412633493e-01 -1.807570853857825011e-01 6.173013392723494253e-01
-8.576443415148026217e-01 -3.549439144597450468e-01 3.204687060838529167e-01
-8.776376866861295145e-01 -3.161670872031271950e-01 3.020768479080051527e-01
-8.680160759837951545e-01 -3.594684194404390576e-01 2.761473536516532712e-01
-8.426683252134862245e-01 -3.433542422735051947e-01 3.510078745025095870e-01
-8.446867612118958979e-01 -4.094764747872942090e-01 2.559060596288723066e-01
-8.453618990620457296e-01 -3.925399060105108084e-01 3.092683590781064029e-01
-8.592131175787159902e-01 -3.644690251208143605e-01 2.033903675531877620e-01
-8.675363560515506611e-01 -3.294482930960295763e-01 3.206118106449640237e-01
-8.755614203170113408e-01 -3.393268995561514734e-01 2.710558292260112356e-01
-8.077674634517759689e-01 -3.166135569095677726e-01 1.510445980820282752e-01
-8.984563361523195679e-01 -3.091197320495799872e-01 1.841822671247863030e-01
-8.077016779888600562e-01 -4.279674677555856399e-01 3.074790634786077614e-01
-8.959006058759171331e-01 -2.763846092646873864e-01 2.770193660594616469e-01
2.985710257225885900e-01 -9.085921624344198699e-01 1.790006391678421460e-01
3.169159842849241793e-01 -8.964941799640057107e-01 2.181554851611315904e-01
3.928517770242904161e-01 -8.913532373331930492e-01 1.406821816906070888e-01
2.589949275804648288e-01 -9.129955297613331355e-01 1.208048213695613882e-01
3.407800978902679190e-01 -9.078260839399665549e-01 1.630854060743031075e-01
3.776927619914335899e-01 -8.958985823951149952e-01 1.786383914748919388e-01
3.622638375391716292e-01 -8.688746085388646678e-01 2.111925734621962758e-01
4.170889456299439191e-01 -8.329300211440782142e-01 1.978377006590072151e-01
3.571499906682197301e-01 -9.056406021331327993e-01 1.673185585695975419e-01
2.562334168170971593e-01 -9.016991803603763289e-01 2.088194938574717274e-01
3.328377929244880629e-01 -8.608157598537194977e-01 2.757902861865438870e-01
3.597443518701716747e-01 -9.024005682621213387e-01 1.279307991187730031e-01
3.587504139099456091e-01 -8.949914830040145430e-01 1.970783576534361758e-01
-8.499059901488081881e-01 -2.058675756486375574e-01 3.609706948179940977e-01
-8.263519176316962422e-01 -2.127889323081609829e-01 4.344718039631993989e-01
-8.546225865231029672e-01 -1.134001820083528761e-01 5.864553552271287162e-02
-8.121683270158193135e-01 -2.840284462375724517e-01 4.195901866622989695e-01
-8.862555116456716231e-01 -9.778691071958489633e-02 3.450383453552685609e-01
-2.844825432917404973e-01 1.696618369654716851e-01 2.174732746747867762e-01
-8.456254422720662633e-01 2.673131025768832672e-02 4.277498597131867974e-01
-7.785886830364006084e-01 5.050367491051456215e-01 2.869094853875399642e-01
-8.074096484300231635e-01 4.948957385240774776e-01 2.471680650908786303e-01
-8.033623358347022902e-01 5.440398066482403650e-01 1.620781987567203042e-01
-7.749045935571675647e-01 5.700752368112458335e-01 2.169641682658844384e-01
-8.201384900713303283e-01 4.687923530107045433e-01 2.322872252005090399e-01
-7.755934302217503129e-01 5.755645717440610598e-01 1.825489323357118721e-01
-7.785766475916791052e-01 5.534012300837461984e-01 2.395198875619938828e-01
-8.000772915904620364e-01 5.126089811791931794e-01 2.148488533435127246e-01
-7.594768741628468156e-01 5.932737417717993678e-01 2.321412129347343589e-01
-2.323024293468112234e-01 -8.463762969656439816e-01 3.925732675395934845e-01
-3.519967235632189828e-01 -8.302849868778718889e-01 3.360602133660177127e-01
-2.764199734506866402e-01 -8.112624921550940504e-01 4.027498818775968048e-01
-2.202891798736639206e-01 -8.936424753428624523e-01 2.818565939667866949e-01
4.565271474308704513e-05 -8.857983189661258194e-01 1.834195068337755308e-01
-1.609838897874465435e-01 -8.575881528847425495e-01 3.734965219256468627e-01
-9.769273359303858317e-01 -7.008471605887499345e-02 2.364076121047073084e-02
-9.571089722618179030e-01 -6.353244128963178583e-02 9.494384892754666183e-02
-9.619395534304718831e-01 2.336412032839111155e-02 5.872896719582106767e-02
-7.250450781251629451e-01 -3.253797788454289019e-01 -1.967538372070330444e-01
-6.084294432823252885e-01 9.134673625287301202e-02 1.227286056231052663e-01
-9.775603648189707950e-01 -8.929775868331392419e-02 -1.502609559947820465e-02
-9.065041685070288624e-01 -8.323176235894164110e-02 -9.396204051825504666e-02
-9.726932112030203248e-01 -1.000709147099080043e-01 6.072489250910216574e-02
-8.647017448259481931e-01 1.248796701115076208e-01 8.685755547462825632e-02
-9.634989013634380761e-01 -1.280679848529525100e-01 2.119654275859290948e-02
-9.641231444843926246e-01 -1.539821576542080572e-01 7.676244707399239309e-02
-9.610899548695464034e-01 -1.638137312293174996e-01 -6.933407649050180033e-02
-9.285619606628442435e-01 -1.210572467711654582e-01 1.447005777105028479e-01
-6.871036464766471230e-01 -2.294833093477958164e-01 6.683810725611958325e-01
-6.850372245091540524e-01 -2.543917750533902788e-01 6.513981947832268027e-01
-7.205665775845945253e-01 -2.424863753559250712e-01 6.056999548198787053e-01
-6.802704042064771084e-01 -3.152802208807262141e-01 6.084774882607695279e-01
-6.310605421110393465e-01 -2.616395196092443642e-01 6.677609322182289642e-01
-6.997834198894730129e-01 -2.416325938776565652e-01 6.404485748794284117e-01
-7.309918067669591846e-01 -2.796686737026523040e-01 5.858041280290045005e-01
-7.041957661095150645e-01 -2.777253803930839204e-01 6.170882379614174296e-01
8.319561202588912074e-01 -1.587583936652288974e-01 -5.149282805111801142e-01
8.426690076241100114e-01 -2.136465628325646127e-01 -4.791379837780278539e-01
8.397458000403634770e-01 -1.409164999707744892e-01 -5.011651131078304067e-01
8.354429273489615282e-01 -1.804773980581669823e-01 -5.052724154047237848e-01
9.340750395864212408e-01 -2.212194002651954317e-01 -2.019507340991806565e-01
9.223195199985162462e-01 -3.182697321351461994e-01 -1.640193044777768505e-01
9.186429974652468022e-01 -3.383443332595509334e-01 -1.551117613029298903e-01
9.311736596835905599e-01 -2.682518042703588845e-01 -1.791414664962259207e-01
9.304820647382757715e-01 -1.555228034578610419e-01 -1.247961984243315114e-01
9.269472200856568866e-01 -2.985142951481468132e-01 -1.568715491257550720e-01
-7.134672828031289882e-01 6.886790400384374955e-01 -3.093599435620258270e-02
-7.152213019290357687e-01 6.852168896259925868e-01 -3.182616963066345513e-04
-7.099876162718187222e-01 6.974398106549887233e-01 -7.085377945464266247e-03
-7.097354127020185643e-01 7.004117119264882119e-01 8.397803535823337648e-03
-6.202437408564459576e-01 -6.341731937620259663e-01 -3.998944808748992052e-01
-5.771227852439602124e-01 -6.945335286201067548e-01 -2.846004110254572450e-01
-5.499270110620565477e-01 -7.544897978741096356e-01 -1.213070947636413627e-01
-5.760605388153145628e-02 -3.822924058165750871e-01 -5.334304741822142315e-01
-6.787944703393603563e-01 -5.471268531172568395e-01 -3.120127768339989172e-01
-4.971968686455320308e-01 -6.456315610906423474e-01 -4.798481827822018153e-01
-6.688125245286870024e-01 -6.047781695305566307e-01 -3.750027976997564183e-01
-7.129768611576486892e-01 6.458649486777264803e-01 1.530065226162049263e-01
-7.533773943495114533e-01 6.311657890601726217e-01 1.258715349147206675e-01
-7.206024687283033581e-01 6.742887857350517988e-01 1.117754312472526018e-01
-8.476767829778604213e-01 4.855856702954847171e-01 8.967233332833955683e-02
-8.710112816752854092e-01 3.839369556508230863e-01 1.201589356459510788e-01
-9.042002059863033514e-01 1.780822724510044419e-01 8.673154069709550218e-02
-5.144508204544714358e-01 5.325831129059304531e-02 7.233316482077486453e-01
-1.236427213712043213e-02 1.753029409443665199e-01 4.290429672404106887e-01
-2.844295382744975731e-01 2.170224038944887635e-01 8.697307041288520058e-01
-5.858907634384802332e-01 2.544838919379366904e-01 6.055956046926012082e-01
-4.958089301947986027e-01 3.844170284967138307e-01 6.320820423276137801e-01
-3.886389020454537047e-01 5.878298179236477461e-01 4.565075161257110548e-01
-4.572231064005651269e-01 2.512479216558485828e-01 7.640809366942724612e-01
-2.848347938213744435e-01 -5.006817807853561342e-02 8.671465695053186540e-01
-6.064814777164124759e-01 -3.100470931119569951e-01 -2.286954379236827428e-01
-3.823402667198625426e-01 -3.036374852556706361e-01 5.780713314192622576e-01
-7.515809073529017281e-01 -5.131668987682871386e-01 6.154291701820895771e-02
-5.342416405952390424e-01 -4.754304834508383260e-01 5.203197327845562326e-01
-6.513581819578959653e-01 8.796975358931578837e-02 2.030644188044098686e-01
-1.215858553231319583e-01 -5.547897259413974158e-01 5.339892429830872533e-02
-5.070777313699841304e-01 -6.183446322513267424e-01 1.254736692386372865e-01
-8.117712615311927227e-01 -3.386545112658522205e-01 -1.865173868286639294e-02
-2.291910701845929488e-01 -2.838615267585007373e-01 3.285832071532860388e-01
-4.740089115013498833e-01 -5.115653255240580899e-01 4.831009712906855769e-01
-5.917500841284786262e-01 -5.238312858228189040e-01 2.664464549680847782e-01
-4.891042324635463401e-01 -5.903082259715061175e-01 3.629285902351571669e-01
-4.829831473214434290e-01 -5.261844991530648108e-02 8.136087145878490023e-01
-4.299578234213446426e-01 5.599278437216408805e-02 8.664729245768902910e-01
-4.790886991271176565e-01 -2.099010561874338834e-02 8.503400638739648798e-01
-4.848893458105976162e-01 -6.448894549880075655e-02 8.443671328626065620e-01
-3.634599957786870394e-01 6.945519506440264723e-02 8.706214822876063852e-01
-4.257115157841588893e-01 -2.326044559356078151e-03 8.617184168883281759e-01
-3.980683456621452176e-01 1.008376757248709010e-01 8.805738202542212623e-01
-4.275253345617378575e-01 -6.711094973610576275e-02 8.603996701412366388e-01
-4.616613461940591856e-01 2.308451349258568153e-02 8.450010429171149751e-01
-4.515287981332132272e-01 -5.127581013392758236e-02 8.494491384931771583e-01
-3.576346326029123945e-01 -4.652140432596573588e-02 8.846631739285623075e-01
-2.651011236301156204e-01 7.341270142508900254e-02 9.038728867793568433e-01
-5.136062429649542738e-01 -3.200060960505596297e-02 8.222923151825191068e-01
5.574185034266538885e-01 4.906330251326008196e-01 -2.601603749679370914e-01
7.425945038296648537e-01 4.238590517790994383e-01 -4.778435785781294243e-01
6.936431037009768152e-01 4.325965853451757548e-01 -5.151543502698214816e-01
6.702461790204817804e-01 3.610584291759084685e-01 5.559965985351050799e-01
7.572742008269851555e-01 3.323066977593168159e-01 5.213700770546921825e-01
-2.259928560858593116e-01 -2.319076195025910614e-01 9.316560483357817501e-01
-1.702767312580974468e-01 -2.153565354088105566e-01 9.038882490863071606e-01
-2.037394300059301167e-01 -2.176928026086577539e-01 9.388337994033780776e-01
-2.167547087671631290e-01 -2.238449224596876230e-01 9.433451578612493948e-01
-1.706497378082026117e-01 -1.242131205407431827e-01 8.962719007568999974e-01
-5.799259033285842913e-01 -1.454692476589283801e-01 6.376528438055989456e-01
-6.065809064006536522e-01 -1.434587442841041560e-01 9.321926496505847370e-02
-8.522710661234018659e-01 -3.275741303972926066e-02 3.271710890506344116e-01
-4.336714240616051375e-01 -3.474189900536549525e-01 5.578715089563661689e-01
-5.794177730363982981e-01 8.294613499381364718e-02 5.649323709912882352e-01
-3.483649358251745265e-01 -9.039940733224592628e-02 2.101535652360769779e-02
-6.286787837658891487e-01 -1.667535369264389611e-01 5.888006102489135030e-01
-2.146839038813803668e-01 -6.508687885751586640e-03 4.953955105396730119e-01
-7.229174794937511805e-01 8.634068829223977282e-02 2.374677018833586395e-01
-6.108342926865695244e-01 -2.824906705069963331e-01 6.009209200560947650e-01
-7.224771215071167374e-01 1.140013084534586552e-01 3.932515394200664094e-01
-3.353997422697354569e-01 -1.714353542842300127e-01 6.067563310172849889e-01
-6.056855903728808332e-01 -4.483168638887343599e-02 5.733596995153737996e-01
-3.388612546762094779e-01 -4.095569902115245853e-01 3.141802386556973303e-01
-4.969155105303521558e-01 1.718599502254997413e-01 3.029541411882003543e-01
-6.228216624386172517e-01 -3.134569425120788816e-02 3.520529346953473193e-01
-3.485443298940482659e-01 -1.354739187488369391e-02 7.102527744092490547e-01
-6.143044159995277864e-01 1.808287518008573347e-01 4.315125369080924922e-01
-6.900851472014709609e-01 2.530867263186369065e-02 5.455839872870335006e-01
-8.657394469123509406e-01 -1.089752509887622484e-01 1.617376970437985340e-01
-7.880647663239190859e-01 -5.097348674632716688e-03 4.923848859781492782e-01
7.534196383688834819e-01 -4.295318761803467722e-01 -4.453326687513609050e-01
7.426736127155723066e-01 -4.653487816707501668e-01 -4.425474067273354462e-01
7.609649545780940993e-01 -4.940638637326225102e-01 -3.730288342259814316e-01
4.262035043568940806e-01 -8.777635098148257597e-01 9.135456900931354651e-02
4.200057682071486886e-01 -8.828677489050250626e-01 1.198669953834093915e-01
5.019848530813048049e-01 -8.330013127476010304e-01 1.125906452263015084e-01
4.803341245431554940e-01 -8.427395033034822402e-01 5.834656936487384732e-03
4.441683822221380029e-01 -8.708377794099159130e-01 1.359463881706041155e-01
4.741053970663510753e-01 -8.611860502029821118e-01 1.322415583547532636e-01
4.723083578369245417e-01 -8.604577770768965239e-01 1.126472997356700312e-01
4.240634422328349307e-01 -8.702612919336899511e-01 1.559192558488330105e-01
-7.639346292713344866e-01 6.357570849331612983e-01 4.896336042535896077e-02
-7.688724027162355812e-01 6.288386242392213221e-01 3.745510760020723251e-02
-7.764862507632703803e-01 6.184693930103608572e-01 5.889653676775200020e-02
2.761053533008269931e-02 -1.933668584009242131e-01 9.284084839315988047e-01
2.773412418158740980e-03 -1.371221156781466666e-01 9.598245467771719941e-01
1.053507901525624624e-01 -5.070691742715416513e-03 9.522672188480608702e-01
3.702265286968488972e-02 -8.741131719043747361e-02 9.512110197893949293e-01
2.335306811662761495e-01 -1.232707330367171922e-01 8.264318724339970723e-01
2.875424318273185967e-02 -3.213140997748764605e-01 8.488348150855684615e-01
-6.738547107565617811e-01 -5.095908356507199422e-01 -8.227233647383475198e-04
-8.136914392240991445e-01 -4.059000706739333136e-02 -1.807113285151915744e-02
-1.384513743284640219e-01 -1.041374534892015313e-01 4.388100347529682033e-01
-2.284609321265889392e-01 -5.053074524285334768e-01 4.533074815619251297e-01
-1.581331673975869268e-01 -5.071634278517637151e-01 -1.219802094497156042e-01
-8.265384582582844253e-01 -2.267756443988492021e-01 -1.488180577812053540e-01
-8.332286025652126948e-01 -4.231152791810599001e-01 -3.815668850330199841e-02
-6.472738714752310774e-01 8.110652499357424994e-02 -7.678630564744748366e-02
-1.915128491977435010e-01 5.885964714354557231e-02 9.704003740702112912e-01
-1.696198628430952149e-01 2.372241179233875938e-02 9.470416827042633656e-01
-1.658946665703009415e-01 6.543950495560846292e-02 9.694597127934254654e-01
-6.470925881273557369e-03 1.215127264978371584e-02 7.510163837981941315e-01
-2.027637932369211193e-01 5.327146959976764712e-02 9.498086678819832596e-01
-3.788857083758024324e-01 -2.637573061313651657e-01 -7.873882134583837233e-01
-3.792389353999493506e-01 -5.420602456259275836e-01 -6.434709035230693486e-01
-5.329168744893080234e-01 -1.291950915057722971e-01 7.915174735522327865e-01
-5.599069204444250270e-01 -6.443855385001040492e-02 7.926140995450168258e-01
-5.605722525939282885e-01 -1.225864922717700145e-01 7.952747261609425244e-01
-5.834123486385084378e-01 -1.098073894487298779e-01 7.832215027740186963e-01
-5.759330498618970839e-01 -1.456943747350754326e-01 7.779291462171271654e-01
-5.594171275006740718e-01 -8.156208479676317624e-02 8.073570414119337624e-01
-5.722007140057117081e-01 -1.241218784304685269e-01 7.811111114186023441e-01
-5.804942652157768501e-01 -8.915749905552911025e-02 7.830242640466468229e-01
-5.842583006273056601e-01 -1.594855578083249625e-01 7.678364601796771050e-01
-5.500625600411470639e-01 -1.354176818889628320e-01 8.002876728634495951e-01
-6.075630703610939154e-01 -1.355844914725875539e-01 7.517995773080901056e-01
-5.667406502798953971e-01 -1.759932505234741429e-01 7.674087645347332787e-01
-5.919124758160287936e-01 -1.165735130669597747e-01 7.724684030518215172e-01
-5.255419512085764966e-01 -1.126792653010724038e-01 8.119542536013191203e-01
-5.197071478100980801e-01 -8.476806387984091307e-02 8.271129307460116653e-01
-5.542976928810207093e-01 -1.574886704867858311e-01 7.877455802642503446e-01
-5.495365744564396637e-01 -1.003014149370127922e-01 8.079572546353025464e-01
-5.754326422343791769e-01 -1.063530099051032407e-01 7.906106915936887969e-01
-5.758063438700269376e-01 -9.715707559894712353e-02 7.925330397228408374e-01
-5.695713134362857533e-01 -1.033765162241737923e-01 7.953483050837877322e-01
-5.694861238855728480e-01 -9.484455267803219847e-02 7.991604430672104575e-01
-5.637585681162721185e-01 -8.853865965212155686e-02 7.935352811130418349e-01
-6.689205326309971555e-01 2.565264655673383243e-01 5.579460494347699973e-01
-7.218946930175609289e-01 4.392956458349662197e-01 4.342269603585194315e-01
-5.237074856039848347e-01 3.515640823045129704e-01 5.575025363735824913e-01
-7.512895562698482799e-01 4.647216247223074914e-01 3.775359392165760775e-01
-5.358484692881019251e-01 2.825821529542362973e-02 5.835937382690705721e-01
-6.604838132379652338e-01 4.992173826971129103e-01 4.342560775659096151e-01
-7.378043606405462196e-01 5.303026396945870191e-01 3.479075085840732107e-01
-7.452472694036353928e-01 3.572457016564292709e-01 4.091302845285543777e-01
-7.493881747393075221e-01 5.984312502015869395e-01 -9.213241048443839010e-02
-6.610259277688934620e-01 6.062419979337491105e-01 -1.864204975037292156e-01
-3.665998162149621264e-01 7.687988139448960201e-01 -1.566561495988039732e-01
-7.105036672263860265e-01 6.655538861657450678e-01 -7.217258330449979886e-02
-9.222798394629816432e-01 -1.661731899702441617e-01 -1.923145222656772180e-01
-9.368365368964940432e-01 -2.048716705215643807e-01 -1.953583058354504409e-01
-9.108880865143700323e-01 -2.563971613133534944e-01 -1.515733730837160176e-01
-7.626640917585293389e-01 -2.985677823806956455e-01 -2.931478357553309877e-01
-8.911360124479497102e-01 -2.666640963880352322e-01 -1.989724228478336188e-01
-9.450914836530318608e-01 -1.070540953765276027e-01 -2.312174304415678117e-01
-8.825373763050652354e-01 8.513978169322165834e-03 -2.481324489580493398e-01
-9.412716686246273001e-01 -1.897454635432764269e-01 -1.163484179254713341e-01
-9.845289497277756596e-02 -9.167222266639049044e-01 2.330461088011586690e-01
-1.065875681164962646e-01 -9.007291052692651956e-01 3.325175369109860668e-01
-2.341163264670720681e-02 -9.462447146731611802e-01 2.344558756329974125e-01
-9.628554326516491901e-02 -9.023130196593552865e-01 1.465687776419229149e-01
-8.799313095118883876e-02 -9.371634803464232721e-01 2.779299870595877131e-01
-5.759331692830753358e-02 -9.288181275488243127e-01 2.744505997828442512e-01
-3.067770889064793532e-02 -9.004538000444429757e-01 3.481205298314616337e-01
-1.290493265880194584e-01 -9.164489968972884260e-01 3.027571604970813457e-01
-7.509745954160865766e-01 1.435536598406216835e-01 6.176678035307758829e-01
-7.654651982714522074e-01 1.391269168474875417e-01 5.747450612187920971e-01
-7.457608642619151240e-01 1.788854701694455873e-01 6.223928822527846627e-01
-7.531180280890547030e-01 1.542529099925029623e-01 6.314350450279060389e-01
-1.704748821861879482e-01 -1.003017866537628255e-01 1.924186984458339245e-01
-5.945306176190752190e-01 4.049248979107248902e-01 -1.359014641979630067e-01
-8.431792822541711585e-01 -3.454453031558196718e-01 1.251296480299068092e-01
-7.202698063011008234e-01 -5.376001535093986039e-01 8.108370819502787319e-02
-2.074196121522828007e-01 -1.350879514743175136e-01 6.541866960404988385e-01
-6.321511857821842106e-01 6.862026508328070151e-02 5.518556761501308694e-01
-7.864599685070186030e-01 2.169110761892981409e-01 1.474785196865689429e-01
-8.770922344566559614e-01 -1.072597199590432232e-01 1.335815683526155317e-01
-5.915109286159819790e-01 -3.941734408967991765e-01 5.260072466099553479e-01
-8.333851692461626826e-01 -2.177181973833785533e-01 3.697690530502600881e-01
-9.147374734010421671e-01 5.898182387207599742e-02 1.206859259814065249e-01
-3.984538230836900952e-01 -2.702150921463375988e-01 -3.736620347603153980e-01
-7.821312312610619877e-01 -4.256184773327571502e-01 -2.924750390105292520e-03
-6.558174459625989439e-01 -2.444669375673056422e-01 5.924502433036550331e-01
-1.782917908991918376e-01 -4.870975681936066115e-01 2.740536624005782129e-01
-7.161633080050505695e-01 4.993547815361884523e-02 3.433200507439228555e-01
-8.402511154872219779e-01 -1.970628256097857467e-02 2.412369498559661929e-01
-8.070498009530230332e-01 -6.625861323079448861e-02 -1.006622749557599256e-01
-4.848543050201599147e-01 -5.521398120389043873e-01 3.536299786357316455e-01
-4.749508487800400136e-01 -6.460777414638504412e-01 -3.553094670663044789e-05
-8.350363564443435971e-01 -2.007598271282809432e-01 -1.544579780400075486e-01
-6.037921942396833330e-01 -6.102240846324689105e-01 1.429694474446151775e-01
-8.465205207329120629e-01 -5.580177252679586336e-02 3.962970597941523621e-01
-6.648693581569067312e-01 -5.521631444552439483e-01 -3.621069622963682400e-02
-8.269809803173130414e-01 -2.519125130586358785e-01 -2.495566794109635531e-03
-4.789148119845366702e-01 3.409821071459813724e-01 4.467646221772116344e-01
-6.967696366297937427e-01 -1.869885082293812617e-01 -2.003302510784342461e-01
-7.989296803560108629e-01 -2.814517936531944486e-01 4.077918782043331025e-01
-8.943416023809853677e-01 -2.183429997614740325e-01 1.182536883934297567e-01
-6.161086117226332037e-01 -1.808696285340820609e-01 5.385669066570981656e-01
-8.599837722425575093e-01 -8.241484310489406717e-02 3.931075485600334374e-01
-3.822315161494422853e-01 1.549733014562084711e-02 3.207990245328088963e-01
-2.738786421494655010e-01 -1.890415332172026008e-01 4.507090410122526203e-01
-8.545446277167384475e-01 -1.969878718437510501e-01 3.628726044968687559e-01
-6.971547203572605600e-01 -5.335267109289466153e-02 -3.720498236183508028e-02
-3.975528712209585591e-01 7.614609630651983374e-02 -1.568279928864912409e-01
-8.954412214717624163e-01 -1.107898669723318269e-01 2.746474184526859763e-01
-7.756941088748560142e-01 -6.141734115053108789e-02 4.364807533154254071e-01
-8.262961175888277054e-01 -5.873611471558593672e-02 2.314353588603958456e-01
-8.386454988898410789e-01 5.271125638741924746e-02 3.569242542610869817e-01
-5.220859723548075815e-01 -3.206028008736756529e-01 -1.472613102117287798e-01
-4.938971444159821478e-01 -1.840843149759521236e-01 5.120570047753253418e-01
-7.766206163138931196e-01 -1.506687789187123039e-01 4.712732126377283115e-01
-8.366061239015187834e-01 -1.444263528075075964e-01 4.319368525761331234e-01
-3.703944951291681109e-01 -4.001314617555356001e-01 1.817323434924114078e-01
-6.586701245228830937e-01 -7.124868082501442101e-01 1.694328294592625239e-01
-6.948769898801042677e-01 -6.836180985163540225e-01 1.675430003634172937e-01
-5.957874091161201591e-01 -6.982860409335072127e-01 3.435256938707170749e-02
-5.818340500405870808e-01 -6.907519358226337225e-01 1.920872684475119219e-01
-6.861626647293822545e-01 -6.997802997653034263e-01 1.720435396330184663e-01
-6.752374545252116667e-01 -7.045130569660063014e-01 1.750923937379371409e-01
-4.732976922894502891e-01 -7.394694586114626267e-01 1.344248114500618818e-01
-2.503463621099931147e-01 -6.555505403092364292e-01 5.932514815049446666e-01
-2.395115253533780797e-01 -7.331059955426681984e-01 5.511217748513180803e-01
-3.052682242870213836e-01 -7.075314118115301198e-01 5.437959890551735676e-01
-4.159064315269569989e-01 -7.309593700009932027e-01 4.067523371226873796e-01
-3.821984905444653080e-01 -6.453597212502908409e-01 5.973623210316721943e-01
-3.208831889607950405e-01 -7.386276823568659333e-01 5.135050912155315617e-01
-4.541516247628969993e-01 -6.653533662845613206e-01 4.689824140974866995e-01
-4.871240753207639052e-01 -7.433064449772911475e-01 2.699193507153991867e-01
-3.696262981205308829e-01 -7.846442418090513460e-01 4.042139023253414898e-01
-3.548784755845638683e-01 -7.207600498606491213e-01 4.891235450567971155e-01
-3.787569583479359347e-01 -5.189824484651384129e-01 5.935081137916969896e-01
-4.170915234793886595e-01 -6.237813691085307699e-01 5.567849869211101144e-01
-3.549949646434767958e-01 -6.873020400707813282e-01 5.595853586519204947e-01
-1.216126575071983934e-01 -5.619793039362960263e-01 2.785713117456027343e-01
-5.046029532347796609e-01 -5.773720159982065336e-01 4.590575008406315716e-01
-3.115009572780176872e-01 -7.667512238704641270e-01 4.822775349157216174e-01
-4.631181545093397411e-01 -6.990121331238875468e-01 4.094722558886242370e-01
-3.841204623713568300e-01 -7.016475816891050155e-01 5.085790524309479199e-01
8.015645305737348902e-01 -3.357355793016856271e-01 -4.773939687774225726e-01
8.291471278370936560e-01 -3.410563533271996350e-01 -4.217507227696182803e-01
8.208929194511965788e-01 -2.794068906650911122e-01 -4.816305446531514711e-01
8.096883122357907414e-01 -3.223944686127986903e-01 -4.666039383871339319e-01
8.138448649448757344e-01 -3.052854837281712697e-01 -4.782428650734105724e-01
-7.889344746953893539e-01 5.981843355822460406e-01 1.035227589832496270e-01
-7.901788474768465242e-01 5.992631254229138227e-01 9.136386866995342693e-02
-7.953186097601681048e-01 5.804385109394400999e-01 1.265167813335866254e-01
-7.951141382065755048e-01 5.751511650651903729e-01 1.047546256101259260e-01
8.174806756264307861e-01 -5.302751231329584369e-01 -1.502075095728483134e-01
8.549542074438665207e-01 -4.782955037425724032e-01 -1.419325922277570040e-01
8.568026768651897385e-01 -4.696801186126292604e-01 -9.510275750278736340e-02
8.252740180709968731e-01 -5.176200086552142920e-01 -1.219225124346338812e-01
8.445262176036827384e-01 -4.946478621921167051e-01 -1.526651027998205956e-01
-6.913236936921098863e-01 -7.508001706162384381e-02 6.722339130126858686e-01
-6.161742733847163089e-01 -7.214792520795835530e-03 6.769809397722206246e-01
-6.931819461464289178e-01 -6.713677615266223919e-02 6.983916899133344458e-01
-6.919473875231556548e-01 -4.470285383610186902e-02 6.911224160894674506e-01
-6.579812516500007646e-01 -1.085921091632044838e-01 6.988372913656628604e-01
-8.025241712749980882e-01 5.447414812855757571e-01 1.526230126733807424e-01
-8.115392228219854287e-01 5.435538140181181976e-01 1.192977741065545660e-01
-8.562157058428777612e-01 4.704875251565043826e-01 1.186087997747189982e-01
-8.359330775102443711e-01 3.745138909716878572e-01 5.352686103263561146e-02
-8.350150332312510360e-01 4.932427104576412868e-01 1.474229274890671015e-01
-8.243415982882168480e-01 5.330870273656540537e-01 9.715450716946509579e-02
-8.342815099879188345e-01 5.208488487277493917e-01 1.179494419305919251e-01
-8.403028970948276388e-01 4.635452629486940812e-01 1.680389980356403468e-01
-8.154154067670181805e-01 5.210928164150023800e-01 1.549646965829465650e-01
-8.205274668172518604e-01 5.340774541315886914e-01 1.300261681522434098e-01
-8.294946416619563001e-01 5.064025050200265943e-01 1.834871719388859457e-01
-8.425725636851256750e-01 4.940337400742093599e-01 1.121794277995204620e-01
-8.449008741123575916e-01 4.588682892291099380e-01 9.244134640107720680e-02
-7.457618815760839182e-01 5.954192232825012976e-01 2.330604311800126838e-01
-7.141896009108836818e-01 6.504377430711884012e-01 2.399783528558386836e-01
-7.219794369612294593e-01 6.378987402504183724e-01 1.900812082061151542e-01
-7.269630173654595406e-01 6.385576753687641771e-01 2.369266219368408033e-01
-7.614535806970735843e-01 6.046734583469409730e-01 1.801772221426414800e-01
-7.064039685291502169e-01 6.299889761206882710e-01 2.605405645685502369e-01
-9.090115149941361272e-01 -1.292096293055498002e-01 2.731163306385199219e-01
-6.888575372716686518e-01 5.745605502008815230e-02 6.949311652452848376e-02
-9.428891610308500759e-01 -1.591762481282325281e-01 1.865840738844842805e-01
-9.400892132327610673e-01 -4.914164246130362651e-02 2.541355814509032029e-01
-9.339492233132846710e-01 -9.137052121414185324e-02 2.051671400277245150e-01
-9.397073550218604243e-01 -7.241285742051728480e-02 2.764313302278547657e-01
-9.427982955546164723e-01 -1.285639028904065340e-01 2.353707561771130885e-01
-8.670545623032529514e-01 1.821322567798795145e-01 1.941788807373658610e-01
-9.196956390685069316e-01 -1.132983541737542510e-01 3.181295990070037161e-01
-9.481226178698451967e-01 3.807909089168023259e-02 1.520928853877218379e-01
-9.178455111809861178e-01 -1.661207894903484472e-01 2.714648088823349847e-01
-9.408150410176887579e-01 -4.200981143473037083e-02 1.946465377286729359e-01
-9.066552804680101385e-01 -7.482731061175808274e-02 2.991691839076298098e-01
-9.283124864903582463e-01 -1.314026322063708563e-01 1.357701422286335946e-01
-8.589266116174961718e-01 -9.293958436191103456e-02 3.450132688560260674e-01
-8.231957018284038474e-01 5.889671941163176355e-02 3.299486451145920429e-01
-9.019799268686247151e-01 2.712911329617048728e-02 2.668723843273642093e-01
-7.695812592982553824e-01 6.091262467228649724e-01 1.120247187853944948e-01
-7.865292222639586051e-01 5.976145449235383822e-01 8.218034425344818150e-02
-7.804174491503027555e-01 6.127271264062252865e-01 5.054658130069884792e-02
-7.791686710525099757e-01 6.073858181036536630e-01 7.558639142432629909e-02
-7.552064043835707841e-01 6.383455748464532675e-01 3.183891719142460663e-02
-7.455646145570752337e-01 6.468972819382049488e-01 8.064968230432671692e-02
-7.796722357826375571e-01 6.093535147394908424e-01 9.317909910455618450e-02
-7.672035536591954585e-01 6.263801847515626520e-01 8.692763667867213495e-02
-7.517456651069722717e-01 6.457119271827049811e-01 5.575303696654137359e-02
-7.956215286750809579e-01 5.758422618165591755e-01 8.595621523833041344e-02
-7.644018256896102370e-01 6.247439357195970766e-01 6.838756431711473516e-02
-7.252858704040069382e-01 6.631821125805688055e-01 6.264720726406959594e-02
-4.574889446444039831e-01 1.139533636427615404e-01 5.888800315570702493e-01
-8.483296987414007395e-01 1.196161942654506011e-01 2.642940445247531356e-01
-7.913018159837278409e-01 1.156702003597614020e-01 4.551459077024303523e-01
-9.027947527971968977e-01 8.467248839886602763e-02 3.552904915159169619e-01
-7.419234022195004830e-01 2.752274004900494009e-01 8.308462695390643471e-02
-8.743544345038970489e-01 1.034700375937434025e-01 4.023958800421230109e-01
3.011498443963905869e-01 3.877275143287892689e-01 8.901033159287186081e-02
-3.874129682662685176e-02 9.045362407672213889e-02 8.776958335587079496e-01
1.047475525157386400e-01 3.476903256613126381e-01 8.477653162886712446e-01
-2.511294269722547656e-01 -7.162622513690570791e-01 -6.072044360629715865e-01
-1.842776532536945788e-01 -6.658371169582451010e-01 -6.826452723560822999e-01
-2.084705189168021555e-01 -7.707149597016528242e-01 -4.672522086089829219e-01
-6.928517498473739655e-01 -6.607960923869502512e-01 4.801261139523961552e-02
-6.182626265640197571e-01 -6.857470792212084776e-01 1.153993265035836990e-01
-7.486124679677098603e-01 -5.712980191318127732e-01 -5.103444493221048067e-02
-6.281555693157756526e-01 -7.082559138163853074e-01 -1.186000138350742777e-01
-4.115704134276268467e-01 -5.959958408067199676e-01 2.487373751480435879e-01
-5.909453834072504463e-01 -7.176104402165943696e-01 -3.451342187051304605e-03
-7.204634618050863581e-01 -3.596699228908869506e-01 -2.497016082283474714e-01
-8.070971070771669476e-02 -8.307144333050292540e-01 4.776621158219718777e-01
1.623199136681520568e-03 -8.576491819303302400e-01 4.438332914617144631e-01
-1.236802210146231290e-01 -8.579289519337531811e-01 4.329713450087130933e-01
-6.544368946012993349e-02 -8.889999610473737768e-01 3.652474321391792067e-01
1.015693364841213087e-01 -8.181915793230748468e-01 4.119812137581594924e-01
-7.994635016422800555e-02 -8.638728685418564091e-01 4.169954735986591832e-01
-2.444080202420750164e-02 -8.663084587480961440e-01 4.491884231988789167e-01
-2.803646589598440125e-02 -7.814170195401296537e-01 5.237403940436108352e-01
-1.415688273527915819e-01 -8.666218290370294453e-01 3.603189084877394532e-01
-1.149907601925189982e-01 -8.743801523176949475e-01 3.925308565092874846e-01
-1.282960757888046421e-02 -8.941543986587502379e-01 3.694375411894025296e-01
-3.814984567629643025e-02 -8.828842277896570279e-01 3.928857944193588358e-01
-5.800286866741765079e-01 -2.885025495115872141e-01 7.103195495250615998e-01
-5.807576965766001464e-01 -3.248968351233063601e-01 6.805053839230440493e-01
-5.378653907679901147e-01 -3.769305362811583571e-01 6.877186253447129527e-01
-6.708702520554983284e-01 -3.311777785844293165e-01 6.059429627632548776e-01
-6.176819266098827477e-01 -3.153074767210442553e-01 6.637496538775317090e-01
-6.257760713092801463e-01 -2.790031051989572131e-01 6.608928315022709610e-01
-5.896116705237890443e-01 -3.589535732333408724e-01 6.619068675706851757e-01
-5.662116903961210701e-01 -3.287104930069115749e-01 7.121375734510549949e-01
-5.308597133922222655e-01 -3.139882283551780340e-01 7.430639662798335099e-01
-5.617661108082423471e-01 -4.050662134805499415e-01 6.107118019583973600e-01
-5.212534536278524699e-01 -4.157696421844244150e-01 6.372077358140769698e-01
-6.186220208953943089e-01 -3.898972642757819185e-01 6.223415664056750618e-01
-5.503813070862257906e-01 -3.452433790694200422e-01 6.859736324940091112e-01
-4.928982802044626355e-01 -2.252265120728611791e-01 7.602234097245320621e-01
-3.327764217542012459e-01 -3.706827548343996082e-01 5.883139984796420530e-01
-4.539248061613413432e-01 -1.536414507803486595e-01 8.359701110768869015e-01
-4.642137829622757228e-01 -2.015572593618496500e-01 8.329037016597077292e-01
-3.697537419530777525e-01 -7.490276497282775947e-02 8.864044340896780616e-01
-4.875214838066689316e-01 -2.357896309716020211e-01 8.082932316458446564e-01
-4.159847884705158982e-01 -1.271657327571212304e-01 8.588002167404296117e-01
-4.460123102798095873e-01 -2.515712975149698716e-01 7.842222945294630154e-01
-2.279516174307162912e-01 -4.872760522153581769e-02 7.911950256271920168e-01
-4.402785595295122811e-01 -1.680664706458029345e-01 8.549448068481966256e-01
-8.297268991235886570e-01 4.611715557595374992e-01 -1.733869491917149341e-01
-8.308357936733371529e-01 5.150058273775102169e-01 -1.261106577794749162e-01
-8.222148566392971647e-01 5.150419217268520367e-01 -2.033870313678147468e-01
-8.173529149662998039e-01 4.958966722845005726e-01 -2.325462460225501404e-01
-6.042056914095288445e-01 -5.516105832237275797e-01 4.258189920796864869e-01
-7.051430233923390301e-01 -5.239036622550972133e-01 3.612444774818051041e-01
-5.901822604872882794e-01 -6.541901640998747380e-01 3.705150012162768403e-01
-1.479318100947577541e-01 -1.268676478092147508e-01 -1.285610254896424054e-01
-5.235044364817379448e-01 -6.582645522552126316e-01 3.809715139255142602e-01
-5.243021618542325069e-01 -7.193408361359302505e-01 2.335915758357418603e-01
-6.284094189326766555e-01 -6.465481673862035761e-01 1.890615704194538726e-01
-3.254673783844552193e-01 -2.279913287517065790e-01 5.047202418084746345e-01
-6.291739578546493572e-01 -6.144477120477029874e-01 3.736111642629709184e-01
-4.758023757574709189e-01 -4.516748857880274470e-01 5.882109875057494053e-01
-5.875186646331300722e-01 -5.690959803176601772e-01 1.144547405302121790e-01
-5.497000504123736864e-01 -5.675603655131448155e-01 4.249529639978705253e-01
-6.861945705458062372e-01 -5.702851608267894834e-01 3.120771513287561860e-01
-2.062736311340931661e-01 -5.690565271352090448e-01 2.490496139942477705e-01
-6.669210320743055309e-01 -5.699109751739868113e-01 3.873477579350255162e-01
-6.636980204451216059e-01 -6.266984171669855996e-01 2.894098510923631684e-01
-2.722027151206601325e-01 -4.941179994525189967e-01 7.855007526919013383e-01
-2.748517767763225539e-01 -4.751999727693397291e-01 8.069615707267954186e-01
-3.300055713067935881e-01 -4.713103456457370943e-01 7.903013795715950751e-01
-3.074802736628715061e-01 -5.252544765956282946e-01 7.597410720792665551e-01
-3.287281756660770382e-01 -3.999338790092142326e-01 8.227323791074088177e-01
-2.366789260740633227e-01 -3.831505379903838993e-01 8.361373834885741374e-01
-2.556416094831839292e-01 -4.494298943812727321e-01 8.148421959190134123e-01
-3.289653398600276835e-01 -6.268448791455436542e-01 1.890611762509277205e-01
-6.766814125048301598e-01 -5.487591765800168275e-01 2.957460109228778333e-01
-8.325617518506082115e-01 -3.318068082441538169e-01 1.599145054984746905e-01
-6.320024432614432808e-01 -6.059885341584422269e-01 8.624136115918111523e-02
-6.279486946940092684e-01 1.681370477660864560e-01 2.696133307145165969e-01
-7.076689666947477697e-01 -4.838771423827682994e-01 -6.362213304681298143e-02
-7.725339034557298090e-01 -5.287705825971434903e-01 8.295764380994916087e-02
-4.545722674554799059e-01 -6.816231704808579650e-01 3.010379256811461859e-02
-4.798123175522098216e-01 -1.154386153777244711e-01 5.682634274081306280e-01
-6.068990836730474570e-01 -6.145768898433948690e-01 2.072511779103609064e-01
-5.826178949080179637e-01 -4.773715453469411507e-01 -1.235331845506492110e-01
-6.713075785226736425e-01 -6.501803374866231833e-01 1.592319603520077065e-01
-4.695800550595079503e-01 -5.078471542076636869e-01 4.459078045047785710e-01
-1.438146711440509429e-01 -9.083251949387942392e-02 -2.679251545495094922e-01
-7.351712354529825744e-01 -1.930549092950041290e-01 -1.288363950630523613e-01
-5.694860152965672828e-01 -5.905661732151412657e-01 3.309344566593103720e-01
-7.840578229530216214e-01 -3.723069193203247806e-01 5.951603863865950056e-02
-7.938452057123568384e-01 -2.304189878125771362e-01 6.796078977317020209e-02
-7.422736064388029131e-01 -5.218764041294648992e-01 2.425631270825866492e-01
-7.122244222683826731e-01 -5.561805997520106182e-01 1.629497905782446576e-01
-3.012576426488646208e-01 -3.346538400175318451e-01 4.031263908812749430e-01
-8.045042955515077088e-01 -4.899814129574008303e-01 1.528341082871227663e-01
-1.473056184915971789e-01 -4.074658314998178543e-01 3.517195260411433155e-01
-1.911647724744170926e-02 -5.362185907530324647e-01 -9.145318886827807914e-02
-9.662508554813904471e-01 -1.655855142443343753e-01 1.570531690771121954e-03
-8.558168868890337899e-01 -3.612800569571821829e-01 -6.749294167531919020e-02
-9.214625275647415625e-01 -2.363997556680993151e-01 -4.973987459972986636e-02
-9.535587498303897958e-01 -2.221772766366577612e-01 -2.524324341054958940e-02
-4.073466130190319112e-01 -2.296069125192962412e-01 7.574777980754768825e-01
-6.072264968610849856e-01 -3.787673755671406295e-01 5.866297021305393322e-01
-5.186221652942792915e-01 -4.565751857311177164e-01 3.157156015722050180e-01
-5.553010693901510031e-01 -3.611510097675227349e-01 5.062115759598694309e-01
-4.576291514248291281e-01 -3.700184679877241423e-01 4.914683838119716097e-01
-6.952378143874587968e-01 -2.937462924144931820e-01 7.797538597824092699e-02
-6.514684005629031160e-01 -3.443378180509411024e-01 5.738054353962170895e-01
-2.487877506692583451e-01 -3.506541935261791587e-01 8.036058608626610311e-02
-4.177814549077529249e-01 -5.694971200573279990e-01 3.658039585769561342e-01
-6.292643945165594666e-01 -8.979010191107598959e-02 3.961021969886243665e-01
-4.743145516837001807e-01 -5.234981581291443531e-01 4.894862710657791882e-01
-7.118751878763314167e-01 -2.284539535865699467e-01 5.649836921699015191e-01
-6.956699495355498364e-01 -1.621493596821749761e-01 3.115673557437778629e-01
-6.731431731680282970e-01 -4.523624505198910462e-01 1.928119001964736789e-01
-5.706718931094695302e-01 -4.018031220353425748e-01 1.912167030023982084e-01
-3.342518888854465464e-01 -4.060136487821394136e-01 2.722469882457900225e-01
-6.582864474313273595e-01 -2.998524308094441815e-01 5.587707996140469646e-01
-6.711468299825467110e-01 -4.563741894465577764e-01 4.421974841141186885e-01
-7.307686594391678003e-01 -2.981639675289979863e-01 4.229251183225327670e-01
-7.502037366207022773e-01 -1.541711519968773925e-01 1.024627242862465315e-01
-4.237313518443072136e-01 -3.110286609577568844e-03 6.771192146529413369e-01
-4.903459069034237783e-01 -1.591380803029202873e-01 7.638024487411063657e-01
-4.635657708717687564e-01 -4.307928090198556020e-02 7.433390368288385064e-01
-4.714915325640058885e-01 -9.811508406432643825e-02 8.121126618277757503e-01
-4.866005774496202640e-01 -2.762574269077616718e-02 6.661710916673951877e-01
-9.033044690019120804e-01 -5.356138722164181798e-02 1.417013729383410914e-01
-8.090573628736069667e-01 2.122243952008258105e-01 3.219170672352740237e-01
-6.978269355017145958e-01 1.420217401969608717e-01 5.781699183630883976e-01
-6.493682801795191972e-01 3.008729424258099749e-01 5.465400225210388374e-01
-8.527152992732376369e-01 6.322714233698480124e-02 2.555341566215888482e-01
-7.896962902774833371e-01 3.443241405350538353e-01 2.871507292183844151e-01
-4.173335834929662314e-01 -1.582212606636694829e-01 -5.254955631061590526e-02
-7.881531513475944495e-01 -1.744207829839642884e-02 4.972115837988236309e-01
-7.643472038190186613e-01 1.748446345380327283e-01 -1.892838048367496626e-02
-7.785761766686891683e-01 2.313530540791106926e-01 4.789737304742701096e-01
-5.878492199076472691e-01 -4.341456425434717104e-02 6.552379485224184563e-01
-5.070597274192488735e-01 2.682155343573633943e-01 2.007465242911422032e-01
-6.897844572253071238e-01 -1.397816525179959302e-01 -6.738724597822781659e-01
-6.977643712006538212e-01 -1.087125416514845011e-01 -6.884421909492829394e-01
-9.133267149751330694e-01 1.197868019075429696e-01 1.286413570244687998e-01
-8.295323605480121598e-01 -2.184923863634975483e-01 -2.033874192119756175e-01
-7.312258461763577744e-01 2.446055157103849131e-01 6.425700928982994165e-02
-9.653434882926628102e-01 -4.992742642790976709e-02 -1.089386015885976666e-01
-9.556477238915430661e-01 4.515073174029603231e-02 1.105280374319635162e-01
-8.709078048909150160e-01 1.793064249006744992e-01 -1.644618405835783781e-01
-5.897925402704209397e-01 1.767574665236078257e-01 -2.504215983438236037e-01
-9.303857364000410746e-01 1.760633206263105544e-01 -1.982342191529124290e-02
-9.592704759302684847e-01 2.300387056618400511e-02 -1.533244930419238108e-02
1.382513033274940240e-01 -8.769100143157700922e-01 3.784093871482924754e-01
9.842761155723658839e-02 -9.078482843748227893e-01 3.096510702656527503e-01
5.636536850087658923e-02 -8.955117110621124699e-01 2.076737047380904921e-01
9.089851948812492644e-02 -9.219489709719707049e-01 2.552048041802708611e-01
9.406711530068193050e-02 -8.717015907127887431e-01 3.865549541998272165e-01
3.916278539219383847e-02 -9.022757292083970482e-01 3.143615448181654171e-01
2.416895957167211617e-01 -8.696086212022408057e-01 3.078159524718347417e-01
1.664512382805389545e-01 -8.885761564947922686e-01 3.381321509662112978e-01
-6.045391060682484552e-01 7.614803614667629006e-01 1.576259500180614281e-01
-6.508801838538815776e-01 7.226981332825577198e-01 1.643309948809083543e-01
-5.751687033341235100e-01 7.865036872439845617e-01 1.397644699228368925e-01
-2.015372362231514780e-01 -8.907830840061213840e-01 3.139385962138527830e-01
-2.754444074046825119e-01 -8.618484577311638084e-01 1.347607648871375352e-01
-7.846510022526216599e-02 -9.385348322971871493e-01 1.313696975330214123e-01
-3.560905076862561081e-01 -7.564219111714408639e-01 3.083682901748995842e-01
-1.705189605666205532e-01 -9.402040470561573438e-01 -8.571653911721600905e-02
3.257469797197098949e-01 -5.768078380861917376e-01 1.197958168342051349e-01
-6.170302462317960035e-02 -8.205170077133686624e-01 -4.210717783608208253e-01
-3.016631429956105337e-01 -7.290290251351908557e-01 -4.530227722985270544e-01
5.657855174357828698e-01 -2.598891103541547953e-01 2.774817258728159985e-01
3.984480490945466746e-01 -6.717943643402930487e-01 -1.810767106423326056e-01
3.839544561087004232e-02 -6.326461224160285779e-01 -7.193595656333178212e-01
-8.191631916378494527e-01 3.746392932206207838e-01 -5.113943440609485663e-02
-5.388131014629989890e-01 7.400412610320566964e-01 -2.067891425841614228e-01
-8.478207590565792762e-01 2.692758915419717347e-01 3.236826771004485126e-01
-4.578348833235924009e-01 7.495003126384980341e-01 3.324594995574960826e-02
-8.286198441539043280e-01 4.142086192924214760e-01 1.905167701073199882e-01
-6.144638692673675129e-01 3.743113410809131847e-01 3.398830535121533658e-01
-6.147313710672821507e-01 5.955425135885309418e-01 2.133564835708403606e-01
-4.251619365218557711e-02 4.188231090841535442e-01 3.536312167735635170e-01
-8.840112587079632656e-01 2.056006464535631018e-01 2.282191760992860752e-01
-8.717095222890083317e-01 3.293893666033073098e-01 1.317271783652231298e-01
-3.943888418442764721e-01 7.943891678090377051e-02 -2.031931787265985057e-01
-7.531337052548965350e-01 -5.201213924169754144e-01 -3.005908452476191983e-01
-7.364901149000868674e-01 -2.947064579217192337e-01 -1.340766315106387829e-01
-6.912742020734745640e-01 -6.283049788848603656e-01 -2.456741293953442762e-01
-7.657409180407180882e-01 -5.245331613957152639e-01 -2.116518411648808662e-01
-9.135485246799506243e-01 -2.922707723386748779e-01 5.138705615933525372e-02
-8.809541580563582386e-01 -3.217288478866695001e-01 -7.658536125125425809e-02
-8.490739209558830769e-01 -3.907858701410921176e-01 1.577554185988990984e-02
-8.683958923825582099e-01 -3.436528210388998805e-01 1.644881197078662538e-01
-9.169214274116325170e-01 -2.977181717895600044e-01 1.094802413610990038e-01
-9.159904746328753067e-01 -2.782435068575425108e-01 -4.913439185703955166e-03
-8.966626264581086803e-01 -3.612120530723690881e-01 8.670017354807822707e-02
-9.188509597251016681e-01 -2.288982610230820003e-01 -7.517627414876743887e-03
-7.536895249431422306e-01 -1.744803290012143238e-01 -1.333081571875299742e-01
-9.245241031268951470e-01 -2.515797767882555491e-01 6.846619480785726131e-02
8.277830160730096365e-01 3.262643445586435598e-01 -3.866559985609570593e-01
7.947488480248475762e-01 3.686330226112854991e-01 -4.285194918234482842e-01
8.613447788437196273e-01 2.397285042006647160e-01 -3.509825217200155945e-01
7.980373085089872420e-01 3.006868158863047480e-01 -4.259538568955973936e-01
-6.226272284639963184e-01 3.700367445876796557e-01 5.616413631789882732e-01
-4.382715885413572265e-01 7.919144425370414075e-02 6.653231527141827417e-01
-4.805947049982948333e-02 5.908239541469405554e-01 3.826220785139437530e-01
-4.868928171259001569e-01 3.859876692527841047e-01 7.015605407898135581e-01
-9.742735551220794710e-01 9.408479156223679973e-02 1.419979960232206351e-01
-9.481254623066268650e-01 9.520552462028857021e-02 1.792606989698134756e-01
-9.714489950125702045e-01 1.179180870330683584e-01 1.019770299353438131e-01
-9.740228131734998129e-01 9.986785129567406216e-02 1.221677261370750223e-01
-1.079120420961117433e-01 3.116852686440569897e-01 4.351692745142243801e-01
-5.063322838806021409e-01 1.960403732610919991e-02 7.113819047108945748e-01
-6.375159744549383500e-01 1.518749818473004165e-01 5.732606627742666827e-01
-7.447391627059122277e-01 1.154338385140505630e-01 4.931646958926727553e-01
-7.245704263369745490e-01 5.084925515037514929e-03 5.536368036065216769e-01
-4.510306103544547973e-01 1.504548029165193312e-01 5.399695526797735345e-01
-7.195304450440945798e-01 2.326728790123098745e-01 5.281656078985252911e-01
-7.497299305805079639e-01 2.767478516569323310e-01 2.623471240191371234e-01
-7.097869347476473134e-01 2.703575676239961534e-01 4.000580678928751799e-01
-7.601188763943249604e-01 1.357916316631346543e-01 4.258791472752305185e-01
-7.824363965347935768e-01 1.007098056932501651e-01 3.124895967566354016e-01
-5.969747292916632864e-01 4.403022687592941797e-01 4.785193987254123815e-01
-7.661420553635460706e-01 5.172938721879607321e-02 4.321156672960322909e-01
-5.439425856547915883e-01 3.588425045481863918e-01 6.005311836192255281e-01
-4.239906210800864494e-01 3.411488505807177551e-01 -1.142214906896091703e-01
-7.733164257942163333e-01 6.055688885634726848e-01 1.931232255886644947e-02
-7.875104667815367998e-01 5.656467191441739706e-01 8.715016572512494786e-03
-7.865082813688382135e-01 5.855320018864562659e-01 5.292921822866023668e-02
-8.059307745276270696e-01 5.192704813994700741e-01 6.793819603147514818e-02
4.334092777838911559e-01 -8.297373029982086923e-01 -5.291733987264952283e-02
3.344059297266099295e-01 -8.503305135720301555e-01 -1.823316072495893003e-01
6.843841477546923624e-01 -5.449135787045040757e-01 -3.549379228415975862e-01
4.995037707981497821e-01 -7.500018305489779546e-01 -2.555731494231724410e-01
5.911643078265983453e-01 -6.549186957326300629e-01 -3.096514179998182126e-01
6.069788410399685752e-01 -7.439578857235257248e-01 -9.124935362642165593e-02
3.249153560391274120e-01 -7.977274924126886990e-01 -2.881293314791892324e-01
-7.116614229768032374e-01 -3.803825782998125349e-01 -4.705782965732406842e-01
-7.034699435574275350e-01 -3.277044773200906702e-01 -5.722113833671341743e-01
-3.868716314004857493e-01 -6.663195975870829235e-01 1.376591491237353915e-01
-8.721115221120796512e-01 -3.670950855996125139e-01 5.295566687555006841e-02
-8.596906967749811113e-01 -3.622116492393294140e-01 1.184419926513940735e-01
-6.574488268997277229e-01 -5.035611895303517827e-01 -1.908906072704418810e-01
-8.204828464266862298e-01 -4.131281934036207804e-01 2.055091072014179343e-01
-7.704257004185691704e-01 -5.189479526259280773e-01 1.800358365323553866e-01
-6.338146066453408389e-01 -6.572183187873197330e-01 1.684336016009649328e-01
-8.501946481329936134e-01 -2.966618024811209509e-01 1.646212410193179654e-01
-7.999526393542107927e-01 -4.719983426288207329e-01 5.937466089674641595e-02
-6.412529045798168736e-01 -4.200996400009893855e-02 9.460363687486391879e-03
-4.099408840270957755e-01 -5.194290983341015577e-01 6.089039759089425186e-01
-4.085816457327992590e-01 -4.089340456107959376e-01 6.852086786533887475e-01
-4.184817735470184874e-01 4.045940009663348547e-02 5.526499806505984491e-01
-4.474222856558345007e-02 7.588301353402168714e-02 6.496034407257400556e-01
-4.398562254845801434e-01 -6.492805366427654157e-01 4.836581882052105597e-01
-3.836661294885280737e-01 -1.786343565873262373e-01 7.326263340192868956e-01
9.199879490221736233e-01 1.862433720107473101e-01 3.033756142732745853e-01
3.913587426902200850e-01 5.856088677429831524e-01 1.183775997252655421e-01
5.800599546768913095e-01 4.898445722446316264e-01 5.546627319063895944e-01
9.290191339300156725e-01 1.854595436256342433e-01 7.166251548260750559e-02
8.111886682912557989e-01 3.328152428800538742e-01 3.403665494488357091e-01
-9.653272656669663609e-01 4.607355226260837627e-02 -1.730908955826060414e-01
-9.618590817409964355e-01 1.223794602662798409e-01 -7.290102379134361099e-02
-9.670597755979550847e-01 1.024786039381538338e-01 -1.380937555417403317e-01
-8.853469119376679020e-01 1.462712604298853358e-01 -1.860459286849579230e-01
-9.104009515759912130e-01 1.772914696428913028e-01 -9.299333736995538113e-02
-9.789659878721040931e-01 9.130273550475759281e-02 -1.056256445745117900e-01
-9.698722072949056416e-01 7.566992894571804296e-02 -5.723520282702561357e-02
-7.921106846400510770e-01 5.354713558415609420e-02 4.775315066569495448e-01
-8.004632449714764730e-01 -5.845830928429959078e-02 5.564472128290762765e-01
-8.132222244576049475e-01 -8.370747938356026124e-03 5.315899499724351385e-01
-7.171344952664239214e-01 9.375160612849407727e-04 6.295050961971698777e-01
-5.940496550755619554e-01 -2.059804354705422336e-01 7.529102348374999698e-01
-6.232086984445167621e-01 -2.484498920643969100e-01 7.043463229439617113e-01
-5.686587669292703096e-01 -2.272504699209690615e-01 7.599240590203298895e-01
-5.645591195551692421e-01 -3.027986671235209371e-01 7.112288463958552631e-01
-5.936764247352384061e-01 -2.215922337937377973e-01 7.491532721275530049e-01
-5.706759420823642737e-01 -2.052724365059667433e-01 7.649258642799616759e-01
-6.217270530283399710e-01 -2.415087793749343958e-01 7.239842621645813381e-01
-4.949715918357173172e-01 -2.537682936067707229e-01 7.773754935130465782e-01
-5.516360540022690051e-01 -2.685418253853927850e-01 7.410798700424623409e-01
-6.031928170882960849e-01 -2.150794042613888846e-01 7.322108880752665749e-01
-5.364345222141670977e-01 -2.076482598704672000e-01 7.452893257051224074e-01
-6.168309807436440639e-01 -2.281586741353646142e-01 7.328890369083006506e-01
-5.825330208625247863e-01 -2.525128455746573075e-01 7.321357472591717430e-01
-5.503237502977879059e-01 -2.490131412739466643e-01 7.685833422320369479e-01
-5.992552890935000098e-01 -2.735460671976028824e-01 7.177498402058090088e-01
-6.287385554168627433e-01 -2.271778338406227338e-01 7.200712708847413213e-01
-5.976567817674733885e-01 -2.769246524327240166e-01 6.951692258608125341e-01
-5.690473537995125453e-01 -2.423802838545516536e-01 7.505685704925348922e-01
-5.874505033201364856e-01 -2.498440933514090578e-01 7.388942825397812886e-01
-6.071233425000747141e-01 -2.354086767680035608e-01 7.348555757653100207e-01
-7.427803955533195286e-03 5.545743082894717402e-01 8.151401657137913315e-01
-6.075682587687291497e-02 5.458318632756291588e-01 7.706417841069389540e-01
-7.558451004325210665e-01 6.308577365472182175e-01 -3.729224691410741588e-02
-7.576822596747277982e-01 6.227831716375034077e-01 -8.482829153460537082e-05
-7.545958831407189038e-01 6.414880021762456863e-01 3.266211152571581178e-02
-7.498317722852485545e-01 6.507001492580480884e-01 1.310225349591917672e-02
-7.429198987580373226e-01 6.550916311110369650e-01 -2.784699571897316511e-02
-7.806877349491848639e-01 6.152420037683586918e-01 -1.794377964603906250e-02
-7.700720850519657823e-01 6.269715359251608611e-01 2.425935324979323904e-02
-5.925508741048212125e-01 6.619050823154059016e-01 -7.386955612188085551e-02
-7.379099116252323398e-01 6.468756455205496581e-01 -5.519251960426045656e-02
3.712666305725916827e-01 6.841729538806935462e-01 5.890282679153476808e-01
-1.248244646658667883e-01 -8.087031546179396235e-01 5.253863379317024185e-01
-1.728978222626268435e-01 -7.849391754683289202e-01 5.379851653645900678e-01
-9.041954026451458348e-02 -8.096048114057812217e-01 5.172873524106633703e-01
-8.571125213685287791e-02 -8.392424094409800528e-01 4.932560612382771992e-01
-1.125992180954952099e-01 -8.387708375904935343e-01 4.889941248971823584e-01
-1.290333580256639578e-01 -7.290718712932311441e-01 5.890185982771022344e-01
6.392066713162013469e-01 3.510249689278979734e-01 -6.458970637235946777e-01
7.122353468001796362e-01 2.497671551719261585e-01 -6.305625736292137518e-01
6.803837108654756660e-01 3.094676996496122934e-01 -6.406329439479573340e-01
-2.708126232222925478e-01 4.598559188134666575e-01 7.791601137407199174e-01
-2.380394118971868311e-01 4.646559885765761400e-01 8.283280007212874274e-01
-4.847775388517277517e-01 1.591177957852278335e-01 6.071504412911482573e-01
-8.175143743243000749e-01 4.587842922344375317e-03 4.617690320520463354e-01
-8.509511854989068036e-01 1.072902297067073185e-01 2.908211764023557189e-01
-3.808836162929074565e-01 5.078199462947068366e-01 -6.022699608179626733e-03
-5.938064223518119134e-01 -2.345042720878160736e-01 6.714737515545944335e-01
-5.850651600743009828e-01 -5.603674946195200124e-02 6.353086733577416600e-01
-2.941682393671304907e-01 -5.466077072867854270e-01 -2.577825488698894940e-01
-4.508477198771528305e-01 -2.116713012590985543e-01 6.994210962479229243e-01
6.531144065625855699e-01 3.420738246474396838e-01 3.487150758703457254e-01
2.910915958722791741e-01 -1.767072706383267799e-01 -1.040723755401307994e-02
-5.444484673555806120e-01 -3.966003695982234234e-01 6.478104451196911029e-01
-5.427930406130013763e-01 -5.875173823628463410e-01 4.993933761805494642e-01
-6.000685757950471322e-01 -4.649518413464229227e-01 6.057592557966243740e-01
-4.096898715546694048e-01 -5.455670884908855323e-01 6.221525093660342787e-01
-6.325977489690461919e-01 -4.417757013873251370e-01 5.452227252545288616e-01
-4.540912038313679178e-01 -5.854192884188492707e-01 5.401211584933677257e-01
-5.895490556186234743e-01 -5.436791877344158141e-01 5.128663068538186209e-01
-5.758371926079189906e-01 -5.146094372743063028e-01 5.756059399468772542e-01
-5.482319974888977265e-01 -5.474092049192599285e-01 5.774344982870948106e-01
-6.177014284224791041e-01 -4.738252239427514501e-01 5.855806683771637156e-01
-6.208636296048744008e-01 -4.363195750277008012e-01 6.164114341357405102e-01
-1.459333822432000438e-01 -8.325158660021410029e-01 4.591189913182808779e-01
-1.768027220291858159e-01 -8.289019196346905094e-01 4.427475651116906663e-01
-2.616687876242817512e-01 -8.462294081069182683e-01 4.042634449345045011e-01
-2.628653946818700349e-01 -8.008786044414661909e-01 4.474890404287366619e-01
-2.062802385507880865e-01 -8.383707648489691078e-01 4.433007578351589872e-01
-1.884656005887297703e-01 -8.778101657449337569e-01 3.379270728668923307e-01
-2.489434791777351275e-01 -7.630357695592772105e-01 5.182172443270666173e-01
-2.625244482280367220e-01 -7.943742047832125230e-01 4.866798365566878393e-01
-2.348096462509785820e-01 -8.387568617006212479e-01 4.391706086439097767e-01
-1.927400077065576089e-01 -8.264137773473888560e-01 4.787597670280716033e-01
-1.210846200117624422e-01 -6.983532282340382258e-01 5.153472908581534506e-01
-2.299127922598293572e-01 -8.070223118673363061e-01 4.776708959339572846e-01
-1.969685477162101406e-01 -8.517163347245104710e-01 4.171836274873145234e-01
-3.090556195987110844e-01 -7.753814072866412888e-01 4.016976622462173907e-01
-1.780717589336140994e-01 -7.995537455412048411e-01 5.116320992399040479e-01
-3.158970109182187014e-01 -7.717952517141489777e-01 4.427374479931721063e-01
-1.749675360481773301e-01 -8.676795898989160261e-01 3.922570854530387230e-01
6.239522345098216238e-01 -5.046540709901983224e-01 7.733212708467875063e-02
8.618169003193745237e-01 -3.703477412953603554e-01 -1.067538164038683846e-01
-8.360006729441117335e-01 -2.440036419772086407e-01 4.600242671904217207e-01
-8.058949903628892519e-01 -2.075791826276720264e-01 4.984034023466733521e-01
-8.486163152938200893e-01 -2.214441462447671594e-01 4.346855721506535652e-01
-8.356596740342048246e-01 -2.588280496294027011e-01 4.194511084218081609e-01
-8.394902282919481928e-01 -1.899659333536335981e-01 4.776363905767840867e-01
-7.830494654277311284e-01 -1.061312117619663403e-01 4.873482840379009806e-01
-8.477056337938687625e-01 -1.895972183260198618e-01 4.539342953074608222e-01
-8.352704525795969781e-01 -1.575881953001233016e-01 4.349716361631719153e-01
-8.607811488139512912e-01 -2.074215538595593211e-01 1.478878137929877379e-01
-3.730105107176975299e-01 -3.346333649826591650e-01 3.463471365217462017e-01
-5.939240047719863691e-01 -2.695154677090443873e-01 5.990723535964572743e-01
-8.270198978688260150e-01 1.975641356239938445e-02 5.373949033907880757e-02
-4.807347288002730701e-01 -4.851293072669318751e-01 4.767612336361687353e-01
-5.233215119861160947e-01 2.136905508484102101e-02 4.653183726762580297e-01
-6.736268511375814727e-01 -2.018303871426336549e-01 5.781723400882895492e-01
-5.554031786864940257e-01 -6.317574216782555485e-01 2.323636126280642644e-01
-6.292125954797943566e-01 -3.504586807436961271e-01 -1.165751972147721083e-01
-3.938567975470442795e-01 -1.586064584661448784e-01 6.185447087933473309e-01
-4.090012490197125761e-01 2.895899711024305101e-01 -7.283451473503302354e-02
-7.036619926192705377e-01 -3.821508155157835596e-01 9.128418452067271760e-02
-8.421254752751394790e-01 -5.380664322867941690e-02 2.159687717840886589e-01
-3.209008988549940655e-01 -5.917925208933054737e-01 2.282087277747104903e-01
-7.774581162022956571e-01 -1.513965525154057357e-01 4.815241490566070093e-01
-5.526129219980071561e-01 -3.925261739077867684e-01 4.603804268288864132e-01
4.181796147699135546e-01 -3.929946407445728540e-01 -4.545940014422049091e-01
-8.194534309393393390e-02 1.933769866075345789e-01 -8.751725295638459468e-01
1.788297739384301643e-01 2.223452166299038357e-01 -8.128426825477260698e-01
-9.746991281999772827e-01 -1.350400269270397337e-02 1.462644088106980766e-01
-9.611208220335297758e-01 2.867702788135364448e-03 9.021186694391790384e-02
-9.708709218961337761e-01 -4.787658278603262874e-02 1.127985135815223749e-01
-9.043947332272366246e-01 1.273930227281155625e-01 8.841219162341023424e-03
-9.542309492550247185e-01 4.202158130805028896e-02 1.650914948992102671e-01
-9.550577860233355754e-01 -5.555078155172452070e-02 1.700320691214914914e-01
-9.527602153510458249e-01 -1.088783852873355246e-01 1.148467453813827588e-01
-6.345577848372716545e-01 -1.755704209904088153e-01 -4.742483418468171896e-01
-8.140803431612244623e-01 -3.274014355038888380e-01 -1.022574658531916481e-01
-4.270326140141528226e-01 5.146386860382341499e-01 -8.482194795953510542e-04
-6.335703892472351051e-03 -1.243073095289004282e-01 7.965713536592977650e-02
-6.363505822876224238e-01 9.149464059520238945e-02 7.389622863224794003e-01
-6.897734266840196415e-01 5.010166383106552483e-03 6.539941044584263174e-01
-6.583295775250388449e-01 6.067995867236457980e-02 7.179446590150971863e-01
-6.641168895438169795e-01 1.236927040331265715e-01 6.673836341111480941e-01
-6.559940910276864656e-01 -3.379237384757524110e-01 5.541744560441284051e-01
-4.462123354465503122e-01 -1.065477299681254347e-01 6.336344383834979777e-01
-5.276233819980251649e-01 -3.247403153158660571e-01 6.654413776966328076e-01
-6.006636376298247759e-01 -2.940434455822802384e-01 5.886550462274744433e-01
-4.947186816252008845e-01 2.858176121272941808e-02 7.376664419397431505e-02
-3.675760015027775829e-01 -3.111795155188299966e-01 3.568764046208826035e-01
-6.503163484666086847e-01 1.135616995061577289e-02 4.642318130599050741e-01
-4.556332092965617586e-01 -2.419365657013659021e-01 6.674001753585339092e-01
-7.262847052636862699e-01 -1.302402458513030603e-01 5.213349307220860318e-01
-6.060244764330665612e-01 -1.703030406056369184e-01 6.381951530656313487e-01
-4.275491093166079448e-01 -3.549570237102838144e-01 5.651444544108599199e-01
-3.126380435507619127e-01 3.874956843079405480e-03 6.275917173470175747e-01
-2.058477964503906688e-01 -4.548916694511456194e-01 4.475159106202157844e-01
-6.801706032423773252e-01 -2.008071888327178922e-01 5.779530629698476085e-01
-5.514108108941746522e-01 -3.959918025031534672e-01 5.742242356707305539e-01
