-7.421715098619452444e-01 -1.692988837223592946e-01 5.507381079052692252e-01
-8.163606078978646874e-01 -3.313183291872499603e-01 2.765102599332682209e-01
3.370897624585407759e-01 -9.054666304900351737e-01 1.813430882040484304e-01
-8.333081598169541637e-01 -1.662835004857727839e-01 3.078052516910922409e-01
-7.847958752897981061e-01 5.298385443901630909e-01 2.142799784496474957e-01
-2.524741849997306775e-01 -8.299069627775472746e-01 3.539708104879671358e-01
-9.025174466693877129e-01 -1.027677532707332864e-01 7.173855974469646457e-02
-6.669296225815058987e-01 -2.414254417820608789e-01 6.108681542559142308e-01
8.396311397284159650e-01 -1.694597443597811726e-01 -5.017572634334496184e-01
9.306231818091433849e-01 -2.874846008506876105e-01 -1.693107672946495557e-01
-7.054975139007825247e-01 6.961729036305388529e-01 -1.183223224498996910e-02
-5.854787679472227557e-01 -6.314773766399297550e-01 -3.307968562863834450e-01
-7.383663049329518557e-01 6.415597743323168123e-01 1.306589462247832456e-01
-8.631257473913414024e-01 4.132481217888560598e-01 1.599996546914381201e-01
-3.474035831418762488e-01 3.013486928195838188e-01 8.092893268813325935e-01
-6.886274029615180314e-01 -4.405558443641204858e-01 3.873258890421987233e-01
-4.731239996394172032e-01 -1.025749125433426424e-02 8.241343624823580516e-01
7.032417597267073273e-01 4.560445611815124312e-01 -4.830405107378409890e-01
7.340961878995339029e-01 3.465686451623659625e-01 5.476091327868356506e-01
-2.013766130690328449e-01 -2.307489939009538249e-01 9.356784568203164731e-01
-7.553209386593501273e-01 -2.685578504823222246e-01 4.650482461274736412e-01
7.637079115341032232e-01 -4.675647869317543504e-01 -4.255644064616491140e-01
4.460953238515763530e-01 -8.780828873724201289e-01 1.184112519959384380e-01
-7.681939049510584372e-01 6.298673131858130159e-01 5.394322544310070633e-02
7.885613831858709344e-02 -1.546563240100923275e-01 9.384994873768874868e-01
-7.880440017663824515e-01 -4.104142440630670352e-01 3.226938214583198739e-01
-1.812897668102943782e-01 3.910286483335533025e-02 9.626783627969535129e-01
-4.263196223885606928e-01 -3.920091135285734829e-01 -7.104375879544158057e-01
-5.452667760152961618e-01 -1.064053066504796752e-01 7.825889041555109671e-01
-7.858318501122374400e-01 3.989397216512876598e-01 3.658260665658491506e-01
-7.171774323069238788e-01 6.042144253716060787e-01 -1.417689756358891107e-01
-9.346738815001558454e-01 -1.352860307968997422e-01 -1.391081337939918672e-01
-8.939316118266739386e-02 -9.143096143573337109e-01 2.996278773721471889e-01
-7.289305738572730009e-01 1.383023473717393814e-01 6.267417651110382959e-01
-8.058263245701132726e-01 -2.525621187966834991e-01 3.063977943480063471e-01
-7.919134520295096902e-01 -3.325654983012226729e-01 3.621716264301738653e-01
-6.659360368055916579e-01 -6.809075838470995956e-01 1.968436263427024435e-01
-3.960307714569236692e-01 -6.943837337093107243e-01 4.534901337837921043e-01
8.190584598996849541e-01 -3.071039867874429952e-01 -4.699048503059614079e-01
-7.900268719879057766e-01 5.918706916406847318e-01 1.056130127249365058e-01
8.485501328150395484e-01 -4.978774382137214349e-01 -1.346670223106676834e-01
-7.081375838246005694e-01 -7.944491754775154235e-02 6.358389846626606445e-01
-8.230319038755444794e-01 5.006911395822176702e-01 1.453566099256667910e-01
-7.243703914490821072e-01 6.223968867508090641e-01 2.226354418800723101e-01
-8.753744140937097518e-01 -1.429510353563449854e-01 2.039166342618769778e-01
-7.703782526281897081e-01 6.161736204365151348e-01 7.817170267421579000e-02
-8.791447046725822112e-01 -3.363649641841191112e-02 3.165744624107179050e-01
-1.230935360770974152e-01 3.300768035231303466e-01 8.729435171129903415e-01
-2.896137361473127281e-01 -6.755488654258908765e-01 -6.011155665343245191e-01
-6.988219353972905390e-01 -5.951876370077776590e-01 4.629231056465787052e-03
-9.354748897118256301e-02 -8.704360534797552784e-01 4.122097703666252055e-01
-6.152385751794087199e-01 -3.080074682499256977e-01 6.349685206599744447e-01
-4.755089148094868712e-01 -1.603484355164600528e-01 8.100697568521894043e-01
-8.192704288971320858e-01 4.979677421673426863e-01 -1.879299441986395092e-01
-6.256110097347505894e-01 -5.161475668501495084e-01 4.096668194717509315e-01
-2.930700819260667056e-01 -4.644164607520491206e-01 7.931494388012334529e-01
-7.203853609613296571e-01 -4.695793249096734123e-01 2.873854011598414582e-01
-9.190842648525142655e-01 -2.257675040862697768e-01 1.623925541015312085e-02
-6.995486588256628613e-01 -3.320483303121706808e-01 4.407825609820746893e-01
-8.369217537233092363e-01 1.054717865202391552e-01 3.828740603398339548e-01
-6.886970312351754497e-01 -1.220275778208703005e-01 -6.920472303984741558e-01
-9.107390202660203826e-01 -1.684109515284213862e-02 -2.719736752294509181e-03
6.977789361009473224e-02 -9.095149082994847811e-01 3.434222187122814018e-01
-6.001334538097492510e-01 7.533514229640132509e-01 1.733935444152331085e-01
-2.673993106471594383e-01 -8.476040800850555001e-01 2.197566654318813817e-01
-3.755598283726428455e-01 -8.161941830941606968e-01 -2.595216914518603257e-01
-7.992122030922852449e-01 3.219328445754025547e-01 2.451178829215105437e-01
-7.034030846827411532e-01 -5.527623199563962419e-01 -2.177811739868530383e-01
-8.797295406732610346e-01 -2.574727787781411759e-01 1.550745243135042417e-01
8.188941402959849514e-01 3.297957168489508706e-01 -4.056716394618300470e-01
-5.206166000418070983e-01 2.643991104635981526e-01 7.252329826711243488e-01
-9.559455269115277876e-01 7.551545796348643758e-02 1.268744016457897528e-01
-8.324424065495780178e-01 -9.908151646033690196e-02 4.619051688704526870e-01
-7.835934657508325518e-01 5.495308465476133053e-01 4.591707033996609427e-02
3.476940993826819204e-01 -9.140167086674129138e-01 -7.562414046357897324e-02
-6.773309517485596176e-01 -4.286208651181570017e-01 -5.143838770978265140e-01
-7.756561310467378068e-01 -4.293805650443176525e-01 2.163645529359597697e-01
-5.502500542534441985e-01 -4.537435038468695114e-01 5.839741726545455425e-01
8.307862692907655999e-01 2.216929469177510992e-01 3.847717967042342813e-01
-9.493896505901922023e-01 6.914951454496681693e-02 -1.160615731397992845e-01
-7.697800569368126178e-01 -1.486979035910658380e-02 5.436294883883810991e-01
-5.824439073767768704e-01 -2.193234236275579951e-01 7.231816082017081815e-01
-3.393753702373131231e-02 5.468471184307686084e-01 8.204063823365190800e-01
-7.482844185270161042e-01 6.346507419432987351e-01 -1.728397073139036066e-02
3.712666305725916827e-01 6.841729538806935462e-01 5.890282679153476808e-01
-1.301139483276298747e-01 -8.173531312444946018e-01 5.061615443191628261e-01
6.829215906044376894e-01 3.185279725911234761e-01 -6.314222946592454866e-01
-2.466059524051232299e-01 4.438065083020017454e-01 8.348348518011886599e-01
-7.204600736932478267e-01 -1.397910929915428535e-01 4.763918493483047523e-01
-5.834183424679785235e-01 -7.769340942380111859e-01 -5.462565125882024378e-03
-5.957001052182954171e-01 -4.998411278849227979e-01 5.057717643530185159e-01
-2.293054929006572984e-01 -8.108978144849309233e-01 4.437637639206654661e-01
8.022392467915263614e-01 -4.479125116549660945e-01 2.126797662405197076e-02
-8.152825355138191288e-01 -2.057730289469483220e-01 4.178409560456107230e-01
-7.329158482384912077e-01 -3.794233925296734422e-01 3.857747630474710476e-01
-1.244856824717048838e-01 -6.585143346982999524e-02 -8.962247189483352194e-01
-9.284423587405675748e-01 -5.380449905925268478e-02 1.354726593655862232e-01
-7.975490410984026335e-01 -4.743174398294003891e-01 3.401250085297909120e-02
-6.230328872889889791e-01 4.083220340442259011e-02 7.271262336896594514e-01
-6.831885119312726129e-01 -3.790323077831342924e-01 4.811147397297247386e-01
