-5.733006385475309524e-02 -8.481131791228663230e-01 -3.601438108337471911e-01
-8.170049406474813036e-01 -5.065264619522047429e-01 -1.099222985070507780e-01
-1.308584976261163157e-01 -7.799368842810154856e-01 5.868056102372656291e-01
4.906704538134709637e-01 2.712608450776264335e-01 -8.124397231328811531e-01
-3.686212052070265699e-01 -4.829967135919161492e-01 6.210406004292589044e-01
-1.888167791985045640e-01 -8.897660671046518921e-01 -1.188706348877476004e-01
-4.569592409295469282e-01 -8.264214350521735808e-01 -3.951674779376513486e-02
9.729746548068475276e-01 -1.132963939351990662e-01 1.516765185289011830e-01
-3.939325773489214533e-01 -8.085180073616016205e-01 -2.047756299401072844e-01
-4.512655734215523795e-01 -7.596755208491766664e-01 -4.043117961995014165e-01
1.593586035220639630e-01 -4.370468795746015878e-01 -6.744163407488649176e-01
-5.913417042124454737e-01 -7.456791100835331587e-01 -7.217642939037161032e-02
-2.694803391385116598e-01 -8.441142364309788260e-01 -2.268649424370450529e-01
-1.035955547602285774e-02 -8.362131809632155077e-01 4.896423491313693921e-01
6.672644704225069168e-01 -5.259774588416805674e-01 4.738054102810878576e-01
-7.190069127317488817e-01 -6.128267253144441540e-01 -1.593962513602852349e-01
-2.524258344537022025e-01 -3.321440347994709108e-01 -8.576790958099153039e-01
-3.990355476086234615e-02 -7.767238764945959550e-01 -4.947048015353925909e-01
-1.039452850989545096e-01 -8.646700283908150819e-01 3.219822893959789489e-01
-3.446633057755547624e-01 -7.669241487100180166e-01 -2.455513679238969793e-01
9.159397884833211378e-01 -1.097788871949569034e-01 3.563757172513575822e-01
6.751701517869115321e-01 -9.462544945642380190e-02 -6.605536826283733287e-01
1.642366271148645029e-01 -1.808338645344435280e-01 9.614767800717500812e-01
1.720650698361675668e-01 5.955877362307541167e-01 -7.300098868822607612e-01
-3.417395927203142891e-01 6.696491802919583014e-01 -6.452871508793591726e-01
-6.811455247120764556e-01 -4.007222685164137377e-01 -5.589033565388611402e-01
-5.992527043714546142e-01 -6.833604924995919649e-01 3.474849543659154216e-01
-2.827739942186299205e-01 -8.106642731426438875e-01 -3.588957609106449009e-01
-5.693424104200226626e-02 -7.900816386161814142e-01 5.722677045654283035e-01
-8.849337252318854041e-01 -3.284677430931465247e-01 -1.592032437928870003e-01
4.021078645788276895e-01 -3.114944121347611450e-01 -7.720075243903811169e-01
-1.952080942684479015e-01 -8.918679151929294058e-01 2.213786677701088113e-01
-3.394208568279720728e-01 -5.145889680043937986e-01 -6.878097956003018654e-01
-1.293272599279013113e-01 1.135196358992666826e-01 9.766222146474627941e-01
-9.411465071766845769e-01 1.927612969031043955e-01 2.474339450627383308e-01
5.749738323093995795e-01 -7.401667842334842540e-01 2.189022930522830923e-01
-5.612891133764277285e-01 -6.529756055785513880e-01 -3.295635896585406011e-01
2.166977366047433406e-01 6.340709502256867136e-01 7.331413932719552662e-01
7.822105337850046580e-02 -7.884389496847309386e-01 5.460639590184507286e-01
-1.536375978024818456e-01 -6.813249337478307632e-01 -5.505153814298778814e-01
-4.727051025642317050e-01 -6.962561561181673797e-01 -5.047772546570598040e-01
4.842651040381464322e-01 6.604309959332035906e-02 -8.372198394088115059e-01
-2.345985800081028597e-02 -7.041698601225909737e-01 6.916039749296047923e-01
1.119894784859105236e-01 -9.318780831499520190e-01 7.493356318861567854e-03
-2.800846922627797109e-01 -8.289762023758701082e-01 -1.500009200290912947e-01
8.095530840282516571e-01 -5.188594546562421694e-01 -3.129966517906771634e-02
2.107189219944985425e-01 7.452021061805647051e-01 6.207827226796959197e-01
-1.869655108712712788e-01 -4.187664004369691662e-01 -8.455157492112413964e-01
-4.413081232179766888e-01 8.984835747671379713e-02 -8.793314100878447670e-01
7.680886909899231618e-01 1.809459093380933470e-01 5.715751155042851916e-01
-9.224267674381386728e-02 -8.368466254231686774e-01 -4.063862618849150565e-01
-5.414490387681909489e-01 -4.546299517011944680e-01 -6.469881346988254345e-01
3.473114309320978754e-01 3.230732651482763895e-01 -8.063922069161686412e-01
-7.972180148390204391e-01 -4.081011025400808623e-01 -3.294263317452940654e-01
-2.953050437097817782e-01 -2.833332448172506957e-01 -8.356504856698515615e-01
1.382211834213155077e-01 -8.390940352739311159e-01 -3.737874751020811015e-01
-6.654955126152832801e-01 -6.864221696226706637e-01 -9.307609822475149119e-02
-1.710134293214714274e-01 -7.954048503899180389e-01 -4.717466421515232322e-01
-4.615015748466475554e-01 8.671720373190588971e-01 -1.233001086509871447e-01
-7.925356755316471657e-01 -4.933584589030799994e-01 -2.682861589459867302e-01
-9.018997614306618893e-02 -9.177185003258848672e-01 -2.161144474168671392e-01
-5.916958295216296904e-01 2.086664361119796862e-01 -7.668970571260669278e-01
-1.649917962960914877e-02 -8.886501782127637084e-01 -3.070661041950106251e-01
5.403367712904433295e-01 1.954563910913520997e-01 -7.955057725754902664e-01
-5.605331906204176484e-02 -4.252088491534833925e-01 8.890420232705799064e-01
1.229748537668646224e-01 6.064592439753861974e-01 7.766723413341889426e-01
-1.339602139810524006e-01 -9.264233440847333689e-01 5.898922438891532338e-02
-9.969500782844437081e-02 -7.424705026953546394e-01 6.401317510399282540e-01
2.020284659856064757e-01 -4.383710726348980513e-01 -8.651135107518906908e-01
-2.441771706154861887e-01 -8.612997667875679220e-01 -1.867967342365954297e-01
-3.702955399140366866e-01 2.156581408038168446e-01 -8.247400580073667165e-01
3.454079554368985616e-01 6.146456656266370278e-01 -6.933077206301828666e-01
-2.746964635609311367e-01 -9.091048691553315075e-01 -5.502483092417648214e-02
-1.010821183664645240e-01 -8.162355639770862981e-01 5.125033688710887159e-01
-7.971142392630620188e-01 2.691713642664420592e-01 -4.540291694361386354e-01
-4.462068674583304362e-01 -8.250636567574384239e-01 -1.029912109930099517e-01
-4.383470399351965113e-02 -8.856966926830101006e-01 3.120611306104208449e-01
2.722373228934490963e-01 -8.538272873710374133e-01 -2.846048473745912410e-01
-2.783228979216553212e-01 -6.224803363266205869e-01 -5.545387628882924025e-01
-6.727570764042793972e-01 -6.626521174288252380e-01 -1.412799576755694175e-01
1.517910842564643426e-01 -9.280490570860661093e-01 -4.042576765699486957e-02
-1.011528180906872722e-02 -8.419280360444849620e-01 4.633755049385323010e-01
4.087813219825612854e-01 3.568158292496420025e-01 -7.982988373996761089e-01
-2.772927572170832411e-01 -1.239002789318663228e-01 -9.379023448074192970e-01
-7.915830231000687833e-01 -5.533035543638706866e-01 -9.381722553414797994e-02
-6.640572636042965105e-01 -7.046132139884294654e-01 -2.548701934133614302e-02
-4.208092537514492859e-01 2.607593558514919030e-01 7.848146371639260765e-01
-1.287504715710464584e-02 -8.019596123216988781e-01 5.545833635307072518e-01
-2.878542491990728203e-01 -8.612657740855154120e-01 -1.681093351677484526e-01
-3.370250156857577117e-01 -8.041156143108375565e-01 -3.380706013352732797e-01
3.138212234373825016e-01 -7.932417985744627531e-01 -3.268623988361133437e-01
-8.593922484413335505e-01 -3.400428004793139558e-01 -1.907050511853994323e-01
-4.729189182363550126e-01 -5.473937391005382347e-01 -5.949299968264060157e-01
-9.237710477106496343e-03 7.689430157574859148e-01 6.280457437206473648e-01
-7.384772096953970966e-01 -5.345904068366663653e-01 2.647303192922542125e-01
-7.111704330254658979e-01 5.168283048505404320e-01 -4.611129652868067863e-01
5.459342554764321509e-01 -7.125911285913413273e-01 -2.987337304243978808e-01
1.734700732863637962e-02 -7.797079849399167761e-01 -5.184670511146436400e-01
8.035706752520247464e-01 -3.311324046561124612e-02 5.713151571764097936e-01
4.167642722078607753e-01 4.679037198484072846e-01 -6.669655374189201735e-01
8.903743083650210444e-02 -8.351283602933208261e-01 -4.431709324823476237e-01
-7.350214564575379139e-01 -5.927759043674434292e-01 -2.358886515332546396e-01
3.191353205610356625e-01 1.402834967245694398e-01 -9.049359776629839480e-01
-8.070519393453851054e-01 -4.997066941660790462e-01 -1.880602880689686007e-01
-1.260244476753396847e-01 -8.996823622166121304e-01 -2.354909387218025729e-01
-6.700740018914489449e-01 -6.568497635982084581e-01 2.385783483947285233e-01
-2.922830706346974394e-01 -9.075819672161046237e-01 -2.521267044984559780e-02
-7.069870099384029105e-01 2.699397119981277737e-01 5.962834090773644347e-01
-2.647476601405635011e-01 2.471365022389518384e-01 9.238180963500672860e-01
-7.159284851053786258e-02 -8.379102829886644344e-01 -4.434212159450309221e-01
-6.325046785501792224e-01 -2.043148570156763377e-01 -7.077466578277501474e-01
3.491823817678941372e-02 -5.032275568670129262e-01 8.517423549983834663e-01
-4.035413265314711784e-01 -5.215606984134680824e-01 -6.500499618451262007e-01
-6.052298547141465868e-01 -7.116877900267688517e-01 -2.338866702422407462e-01
-4.051686332732265527e-02 -9.126834319324016453e-01 -1.562376066612664038e-01
2.962638482489736158e-01 -8.832808273781047603e-01 -1.176876483785769534e-01
-3.089662677329381157e-01 -7.827025460168367532e-01 -4.488569373596658085e-01
4.310592192234799502e-01 4.189867204972869685e-01 -7.855272515077733608e-01
-5.144030586966420460e-01 -6.579293107353215708e-01 -5.112383244901720358e-01
5.692473691617701004e-01 5.369459618479295315e-01 -6.105421455825745802e-01
-8.339980941895505651e-02 -9.384899160344108981e-01 2.585413624212369588e-02
5.080024447835652657e-01 2.402352978496114233e-01 -8.135575936482787318e-01
2.586284104649253998e-02 -8.681248668235170829e-01 -3.879461852506282948e-01
-2.479718928076811713e-01 -5.354797446102108616e-01 -7.360641369947520385e-01
5.925711249227241240e-01 -8.326213427419112967e-02 -7.152854925605864889e-01
-1.012218247238751700e-01 -8.902671152649180852e-01 2.467433607300026921e-01
2.106094243780121805e-02 -8.847423865636540041e-01 -3.041632828128405519e-01
-2.498184267239948464e-01 -8.872344857771438109e-01 -1.223719166696304178e-01
-1.128149697864840317e-01 -7.444489119258794751e-01 -5.499053545862790937e-01
5.236084414429331702e-02 -4.432634313546354732e-01 8.839263984346530378e-01
-4.306823032488596437e-01 -4.341314603763636870e-01 -7.316414530329798938e-01
3.584054845175745907e-01 -6.288245845843802861e-01 -6.062929156003425968e-01
3.506829918311448191e-01 -8.654177593329464013e-01 2.478098373488122133e-02
-6.399028406962863347e-01 -6.456044362289407035e-01 -3.095619760841664680e-01
7.127732260055655300e-02 -5.704442992042556559e-01 -7.650421957510492588e-01
-7.510330626123901121e-01 -3.020911206467896681e-01 -5.228299866801883189e-01
-7.203499104634300543e-02 -8.340327369422779746e-01 4.907942920655494201e-01
-5.316629336423187024e-02 -7.309079285318514918e-01 6.549317870832866983e-01
5.821454463589791350e-01 -1.590319918361981222e-01 -6.363011695896186870e-01
6.557470514798816597e-01 -1.539971738485473307e-01 -6.444632837969090922e-01
6.493198641760059009e-02 -6.996918250313682863e-01 -5.680646133448907786e-01
1.842966404151664406e-01 -9.064722676567196213e-01 4.229412741125222752e-02
1.161884089440071294e-01 -9.047718951074256166e-01 -2.727939163827378666e-01
-7.166998994551847524e-01 -6.332563403911199984e-01 -1.497259537153683706e-01
6.762517547058329026e-02 -4.159230217750859437e-01 8.970074921172097593e-01
-2.793180078947238854e-01 -5.487461791671544020e-01 -7.001774453881409732e-01
5.351940127430884209e-01 2.819896915377070323e-01 -7.880607385944266019e-01
-1.967529192132789484e-01 -6.185281887725694316e-01 -6.842258050485806598e-01
-4.424107513427676941e-01 -7.487981966606983564e-01 -4.434386530014498007e-01
-3.659360035649213971e-01 -7.960901848712242934e-01 -3.140935937154989421e-01
-7.113603842948736933e-01 -6.442875475403728736e-01 -1.151792554878153657e-01
-6.503704766402008675e-01 -6.119239353907744983e-01 -4.041214495871725543e-01
-4.624923467944556249e-02 -9.053917707469117948e-01 -2.934614090194871405e-01
-2.817590675534903388e-01 -3.867034513970947773e-01 -8.308479000869669617e-01
-4.122526624526664518e-01 -8.676929450603164673e-01 7.199532102179954929e-02
-9.900460340227359990e-02 -7.734246311703926180e-01 -5.302697108904967926e-01
-1.208540304525653059e-01 -9.080515776144841844e-01 -1.659186744933446034e-01
-5.308265516706507370e-01 -7.225530379691397220e-01 -3.157197746954521489e-01
-2.087424842149442905e-01 -6.382851037924657245e-01 -6.201431281652910465e-01
-1.838718735692407569e-01 -8.704976857554312941e-01 -2.792788320812970571e-01
-5.695369572470337927e-02 -7.460774872050116580e-01 6.377853310670961173e-01
-2.116957894054730394e-01 -8.530855407795040479e-01 -3.631946497742259972e-01
-8.505387211232520173e-01 -4.228109475893441216e-01 -1.090933106506508654e-01
-6.148633599775138459e-01 -7.466054213518665827e-01 -2.537338623477675137e-02
3.509475673645268690e-01 4.873574373096138945e-01 7.900191382261604334e-01
-5.340805754359742030e-01 -7.847648966977956997e-01 -6.591792522476935812e-02
-4.650581443126548531e-01 -4.835908902362389128e-01 -6.905982342646239669e-01
5.336819890668336175e-01 -1.449349557564779956e-01 -7.643351567859513196e-01
-1.856361721169829948e-01 -8.876001407329748849e-01 2.950636195908631909e-01
-5.724600805422256355e-01 -7.165261707935991486e-01 3.432798837016631244e-01
6.022772584728466189e-02 -8.431798108535568659e-01 -3.986100812488379552e-01
-5.332022849164494982e-01 -3.660257513481008362e-01 -7.071792309171389679e-01
-3.493862650903251654e-01 -8.359777806495208852e-01 -2.556873091254013852e-01
9.061481719563146964e-02 6.539617544336951971e-01 -6.774495761820638062e-01
-2.164298528207859451e-01 -8.103854760800961454e-01 4.873073968961722513e-01
-5.091462601433877078e-01 -7.078408587476020530e-01 -4.547347264875442607e-01
-1.826447727095597273e-01 -8.858770919575772451e-01 9.894050776568490135e-02
-1.281985432050415097e-01 -8.240346136316990533e-01 -4.297435073796171956e-01
-3.435136230844346161e-01 -7.598663717482380120e-01 -4.684212791179275248e-01
-4.468540716691278281e-01 8.852133339679089108e-01 -1.396926043529441233e-02
-5.532575832578611186e-01 -5.700663828149161727e-01 -4.763697859767493381e-01
-5.374474383730607485e-01 -6.316674097308546676e-01 -5.059227850467106213e-01
2.732940936675089250e-02 -7.832261185637753309e-01 5.931616573671280035e-01
3.299592857256938849e-01 4.919903736986978027e-01 -7.797840942263855046e-01
1.902884913814798309e-02 -9.185430703536834329e-01 -1.608708482071148360e-01
1.560092406152590039e-01 -6.539837912567699751e-01 -7.089311641702754629e-01
5.358155213034562214e-01 1.601000853812673819e-01 -8.068436658108635307e-01
-8.438777842410125629e-01 -2.858723798734968957e-01 3.758815996927704628e-01
-1.444786241432665652e-01 -8.523718496472538764e-01 -3.454584710982126494e-01
1.560176962621577512e-01 -5.125459308106961737e-02 9.778829111835645183e-01
4.913672051962935106e-01 2.032699271773238947e-01 -8.331935766372027263e-01
4.680351732041599377e-01 3.445054764155022209e-01 -8.009904276064035988e-01
-4.827804393568910224e-01 -2.486970921188983441e-01 -7.745395206281490141e-01
-5.216148707623929903e-01 4.204787141871872413e-01 7.223203539639749815e-01
-4.937035003146253431e-01 -8.056686708581904943e-01 -6.617047478439717911e-02
-3.839346754825642694e-01 -7.925827412553673179e-01 -3.406651134361222133e-01
1.041043892388273349e-02 -9.242147391666155620e-01 2.674781495010958993e-02
-5.317072569160341544e-01 -7.513810135248891742e-01 3.247892229501800343e-01
-2.506920996372795085e-01 -8.854041930866616283e-01 -9.709919949874606937e-02
-4.412414414722152373e-02 -9.165999482550306610e-01 -5.505639478668238052e-02
4.845594064347663044e-01 -2.918501409689626680e-01 -7.626826367150726371e-01
-7.455476470513611176e-01 -6.018540420532019208e-01 -1.251897487396467501e-01
-7.606277829551990610e-01 9.580139838961776455e-02 5.331066654221088275e-01
-8.846843484428190338e-04 -6.570691505734256310e-01 7.289964736874050555e-01
2.890903989012021946e-01 2.174392684724699987e-01 -9.158874407859191047e-01
-9.111298247408602946e-02 -8.672522947791878600e-01 3.939029703272361460e-01
3.533081566561237924e-02 -8.908104337433213615e-01 -2.344590646184640526e-01
-6.060419936046808065e-01 -5.610683328082888277e-01 -5.226779286439861005e-01
-5.073497672209168474e-01 -3.918986269127721078e-01 6.628992960784748645e-01
-5.753213157159960955e-01 -6.041775402478261059e-01 -5.174967334075242231e-01
5.512187067689265918e-01 1.310941924966070038e-01 -7.990080582079139848e-01
4.339588015693801037e-01 -8.116454816348629420e-01 -2.264109454183342862e-01
-1.937686242986331187e-01 -8.736351413807031951e-01 -2.205342222820899645e-01
3.660317477737907721e-01 7.648100982234408152e-01 -4.614182447000054199e-01
-8.335430683959808018e-01 -3.462729826174273939e-01 1.732071529255639342e-01
1.282957026015703050e-01 -7.355139979649834292e-02 -9.010747193704258251e-01
-4.954114910107093595e-01 -7.995567438810338157e-01 -1.197770702040746316e-01
-3.614089525378108014e-01 -8.529199976433831099e-01 -1.822560798073735167e-01
4.747687318713746940e-01 -7.732460227122998075e-01 4.665196993213636262e-02
-8.774238215026479437e-02 -9.073680149223414260e-01 -1.259225686309563830e-01
4.144311360619375995e-01 1.767502757940298819e-01 -8.759920228905359041e-01
-1.524840787939466258e-01 -8.770018522496821900e-01 -2.829911418406704793e-01
-8.711741447572320940e-01 -2.580936850822385664e-01 -2.755142119220355124e-01
3.750481240053973320e-01 8.256876448385966349e-02 -9.019726479675146402e-01
8.382963809438654934e-01 -5.214482760844497689e-01 5.813803391048095320e-02
-2.398065567277899157e-01 -9.199035430168680527e-01 7.592840274875013729e-02
4.181426508033704303e-01 7.524899838619082404e-01 4.921586064440128805e-01
-8.175753288482840997e-01 -2.499786502329707713e-02 -5.451923671607181721e-01
-2.841749427012605356e-01 -7.999811457855343644e-01 -4.251906216172776087e-01
9.377648754811186704e-02 -9.159845959790638981e-01 -7.778723439068267742e-02
-4.643926761261498726e-01 -8.073621387871282584e-01 -2.199210746631484747e-01
-8.178908455088301777e-01 -1.452198005957460181e-01 -5.105244487094633410e-01
-1.606866574432163908e-01 -4.618959274491742928e-01 -8.256690293050604756e-01
5.887280888613922736e-01 1.420785728219187416e-01 -7.715157706744968369e-01
-5.450076412364049938e-01 -7.876992243602585209e-01 -3.141219486899445718e-02
-5.302838255872616147e-01 -6.740121002695356189e-01 -4.818002797087317934e-01
3.590569564751601717e-01 -2.482681883681504831e-01 -7.808842651157641424e-01
-6.054908888170893594e-02 -6.628163951428217571e-01 7.322307269234044069e-01
2.727121579158292564e-01 -2.352651022749209508e-02 -8.660551581841501312e-01
-9.094499602518243964e-02 -8.880137177830300654e-01 -2.636631095179827744e-01
3.378902322974193517e-02 -7.901223260719184571e-01 5.724405852793981175e-01
-3.652632800487490283e-01 -8.543016270119173639e-01 -9.188727263771734322e-02
-8.884922303249823683e-01 -3.644033251275939911e-01 6.492931126315666657e-02
-1.415637666977216935e-01 -9.047655572085537834e-01 1.933947224811712884e-01
6.691297243881723089e-01 -6.615933139821198461e-01 1.591182095932217877e-01
-9.537227219394586175e-01 1.378776663443710693e-01 1.714712183389127953e-01
-5.758288373797061377e-01 -1.210712751695389999e-01 7.470842572336384713e-01
-2.836675001356419590e-01 -7.800001023235886288e-01 -4.946786030184498473e-01
-3.797743939710327976e-01 -3.031113174555912226e-01 -8.274635396657805675e-01
-4.769701177202681497e-02 -6.436311125602168781e-01 7.460280109340685639e-01
-1.333630703273710749e-01 -7.943056516720606863e-01 -4.722397474450726884e-01
2.708644230866916192e-02 -8.265487759550553815e-01 -4.579910212583472306e-01
-2.488086341879950092e-01 -4.635169356146257580e-01 -8.082243095580685655e-01
-9.789892339621540651e-02 5.987789798109527384e-01 7.841111901907564796e-01
6.911994250307303966e-01 -1.184820017651438094e-02 -6.608680120933067004e-01
-7.402463476753633198e-02 -8.595834286637172861e-01 -3.802557770201393517e-01
4.221177191997824707e-01 -1.154148854130628704e-01 -8.642861992014079231e-01
5.624119273224934545e-01 5.676905176916476892e-01 5.893270926539830867e-01
-2.740132465598849598e-01 -8.499480133547462346e-01 -2.685460725961558714e-01
-4.240699111169360935e-01 -8.412010614665873520e-01 -1.503171791498725818e-01
-6.160026627588763848e-01 -9.924264642239082057e-02 -7.542777686815781424e-01
3.163907774239083787e-02 -1.205953291274112216e-01 9.833037322235552713e-01
5.172632123805603888e-02 -7.337362612606470602e-01 -5.396622390005867409e-01
-1.363838758170547727e-01 -6.643106919004468924e-01 -6.220705137244270100e-01
-8.324952170448403077e-01 -3.225227123680718400e-01 -3.464294679099633734e-01
6.531661266673637056e-02 -6.861817063164415975e-01 6.591636180012893087e-01
-3.202692767342962821e-01 -3.890848254093562386e-01 -7.915094218790110769e-01
-5.499399066985178886e-01 -6.914720781701939600e-01 -3.272436449263784186e-01
-1.339626723481563975e-01 -7.436304104185968988e-01 6.149852510337266986e-01
3.874358091085853412e-02 -9.332265019077765622e-01 6.631709762387191787e-02
-3.273611251490954888e-01 -8.727692574184738872e-01 5.018011740643062157e-02
1.812239127829124163e-01 -8.848281622350890885e-01 -2.321525285051067589e-01
-7.599686793648817718e-01 5.298583036818581560e-01 3.293872161424046818e-01
2.169770764793782225e-01 1.919680156561158757e-01 -9.329405453799213266e-01
9.104384570964765278e-01 -2.550662180720951189e-01 3.014883015716893211e-01
-2.797703269079339639e-01 -8.350069220242221091e-01 -3.070232879990401065e-01
-4.250052425974622516e-01 -3.506407620538728453e-01 -7.097886596502259726e-01
-8.373898862991522307e-01 -4.653715645472013551e-01 -1.528447505289334818e-01
1.257479403325411915e-01 -7.347233738525879021e-01 -5.096324741828435201e-01
-2.744631380982637814e-01 3.683182106976381487e-01 -8.716461230151439921e-01
4.573228830009107293e-01 4.723640515151465991e-01 7.442074188862439765e-01
1.097631928550171915e-01 -7.793965805643809919e-01 -5.096997875417039747e-01
2.040587030011221104e-01 -3.414675712452664436e-01 -7.182560029477216279e-01
-6.347249147064766284e-01 -7.025023142981612345e-01 -1.177841528183967562e-01
-1.457425718325929265e-01 -8.564444993313093946e-01 4.108471373815041350e-01
4.716492422719773536e-01 3.179700499002093839e-01 -8.119908932999392315e-01
-1.906398494415272038e-01 -8.345835349722777741e-01 -3.965688983567922654e-01
-1.517703208291055761e-01 -9.091493544510685920e-01 -1.998569842351428649e-01
-3.971525062845571857e-02 -8.250851074467020485e-01 5.225094090050123041e-01
-4.771856670704240910e-01 -7.948713506467902645e-01 -2.446272489054798771e-01
-4.450669988025349189e-01 -6.653425374359871469e-01 -5.574069168530517704e-01
-1.710864527641546562e-01 -8.964649616469992921e-01 -1.671494565451208669e-01
-6.907550000582546312e-01 -6.402432307515002474e-01 -2.365332438952171545e-01
-4.640594853646062834e-01 -1.508198497668552240e-01 -8.241228243722243940e-01
-9.122024757627308911e-02 -6.762633345676823948e-01 7.102317736218470845e-01
7.314477455295190778e-01 -1.669785917239225981e-01 -5.772550891388068539e-01
4.571275619688122127e-01 1.420521049731504892e-01 -8.642416835203685643e-01
-4.556082858336618288e-03 -8.596031892012047093e-01 -4.187693733509125771e-01
-3.386000291778306637e-01 -8.062597879130800615e-01 -3.807613351107298483e-01
1.019411692802959374e-02 1.231950001869728389e-01 -9.813802734025672825e-01
1.467886290857294551e-01 -9.549779946601073821e-02 -9.733979292583953002e-01
-2.326697568641935832e-01 -8.539210452241728921e-01 -3.164741710404506136e-01
-3.551954064814892842e-01 -8.259373640536800121e-01 8.303108588915192323e-02
1.156040858754333461e-01 7.299837920470285679e-01 -5.895453155098712150e-01
-1.501566116216541402e-01 -8.804681219409405957e-01 -2.389609842826311004e-01
-5.485022007783885156e-01 -2.149410992316325153e-01 -7.599866399471314482e-01
5.658084825199361650e-02 -1.152842380911562326e-01 -9.821116747063369790e-01
4.940940387781455612e-01 -8.131776741878570247e-01 1.276369786517572991e-01
-2.254506252001390113e-02 -9.195372981875096219e-01 -8.580320416905616587e-02
-4.228170480518482210e-01 -8.078364228031679195e-01 -2.679428392163069050e-01
-2.866721782301125954e-01 -8.479598079677059808e-01 -1.878887596246861524e-01
-8.819597669714754340e-02 -9.103437490755912354e-01 -1.692777543643038674e-01
-5.719340225782573173e-01 -2.571407117803052311e-01 7.037859077405058672e-01
-7.838957097390548967e-02 -9.240312058626610758e-01 -2.462159110027714037e-01
4.121418054021623867e-01 4.392092217917470398e-01 -7.898234411041430425e-01
-3.507086563774634153e-02 -8.630765435082451420e-01 -3.714409447874644776e-01
2.383243011223644750e-02 -8.431557858751344003e-01 3.646969720993059050e-01
-1.418048804439941100e-02 -7.353000725829881290e-01 6.286568397241575346e-01
-2.570593855939051209e-01 -8.690186197661153855e-01 -1.671318408323297922e-01
2.869834594207106709e-02 -8.791136721083460115e-01 -3.625308225254970096e-01
-8.008147030164172175e-01 -5.091569221241368792e-01 -8.019449431968914133e-02
-3.048250048390902522e-01 -9.096692506962337221e-01 -9.844026139866577166e-03
-2.297952062639243079e-02 -5.098333778977627295e-01 8.139902200927741083e-01
-3.236149593002851654e-01 -8.548766112785453064e-01 -2.463396220775895540e-01
4.953810133840433338e-01 -3.675431938420979650e-02 -8.361665111765973490e-01
-1.403370928321768796e-01 2.168448168143027321e-01 -9.502136379347916328e-01
-4.546475797481571157e-01 5.390702090611342312e-01 -6.579266846987972261e-01
-8.443231796405050726e-01 1.410740491331359189e-02 4.432891083461771853e-01
-1.015326382726693399e-01 -7.099903997778195253e-01 -5.743641523081555178e-01
-6.655711424043846414e-01 6.809565989813382014e-01 2.622012427751305719e-01
-8.120255893603181008e-01 -5.028525849022895677e-01 -1.474274151705639857e-01
-3.332048742785961859e-01 -8.585452455334835475e-01 -1.441976400142852277e-01
-7.293272693670639628e-02 -7.821678993127979540e-01 5.862649082406240497e-01
-3.402091856992037200e-01 -9.084359034169182667e-01 1.838703553502910384e-02
5.694579857709487491e-01 -4.579199143620587553e-01 -5.721787646794965765e-01
4.624775723896495938e-02 -8.954111541577196576e-01 -2.839950876847873174e-01
-1.439712300202289075e-01 -7.927740635307864991e-01 5.653303571222237922e-01
-7.081350030371222348e-02 -9.011538387022892671e-01 -2.702142818718395456e-01
-2.130868882682769305e-01 -2.503262909777392298e-01 -9.322885777516084493e-01
4.505280564062416060e-01 3.953755230911017993e-01 -7.504250465049078223e-01
4.341686342655681763e-02 -8.200458641496566337e-01 4.980281474761756866e-01
-3.912637883103903813e-01 -7.814893132609117554e-01 -3.908009932677478093e-01
-1.370964689385519575e-01 -6.539496273986765695e-01 -6.815960902227234941e-01
-9.402660970493244008e-01 3.162638940570416946e-01 -2.969011963373596741e-02
-5.596975671367002692e-01 4.197286731014566175e-01 6.999055314044284604e-01
4.841890905591490490e-01 4.739549184641552726e-01 -7.174092947416026433e-01
-6.562387535013080031e-01 -6.900166671936895924e-01 -6.285539879773023586e-02
-5.186118982424088308e-01 -7.890814557075489510e-01 -6.029872708708501616e-02
-2.887221624453659707e-01 -8.451158537884664312e-01 -8.441384122734289785e-02
-6.604559675369658933e-01 -6.509899499188562810e-01 -1.233321632301746518e-01
2.534173422023931060e-02 -9.021609836774833191e-01 -1.092664524887959343e-01
-3.536885383181582743e-01 -5.730947456400485862e-01 -5.728731882523764307e-01
-6.334092227094593186e-01 -2.136585692081373888e-01 7.332106535281142090e-01
-9.731349489844373646e-02 -7.944229332012535671e-01 5.580208178452753520e-01
1.757748360622990724e-01 -8.663536402751446097e-01 -7.882940075065451857e-02
-4.206045155398074331e-01 -7.780675215942040035e-01 -3.889158169093497319e-01
-3.270266593039943825e-01 -7.265275287205498200e-01 -5.310128024848836947e-01
-2.150269706619241661e-01 -6.077770892478938647e-01 -6.468573635189871496e-01
-3.675695888261253375e-01 -7.832126517888203798e-01 -3.833308438492443737e-01
-4.790051972154387716e-01 -1.835069839640540157e-01 -7.990674768767168645e-01
6.391761849566753861e-01 2.909759630367744210e-01 -6.932291115701443296e-01
3.173995349042633279e-02 -9.279414090694008133e-01 -2.014180538002815213e-01
-2.684979300046688167e-01 -8.724906672562335874e-01 -1.532752133584660559e-01
6.231362369255813993e-01 -1.899960828052550954e-01 -5.956597546535831178e-01
-6.778814886268121898e-01 -4.740142582333513599e-01 -5.140229572521115564e-01
-8.497384947299616575e-01 4.297596716692263508e-01 -2.828928978125285765e-01
4.795081791734748244e-02 2.430085133298642286e-01 -9.278180814883825178e-01
3.407096734544802219e-01 -8.550592612439924523e-01 1.252922087720921285e-01
-1.496480908791077147e-01 -8.551440157884321325e-01 -3.904774717159128494e-01
-3.521229388358102508e-01 7.861305932561454823e-02 9.231145604471723276e-01
-3.386066219458682136e-01 -8.284809089658623504e-01 -2.911996170209044665e-01
-7.784954282509924661e-02 -8.538438493571597343e-01 4.368371651322960902e-01
5.939821505695943964e-03 -5.360093309738078737e-01 8.318856236703197071e-01
2.266331838384163799e-01 -8.710437835496813719e-01 -1.412870220746661742e-01
-6.313109428653906896e-01 -3.262303358460716396e-01 -6.402881169421338337e-01
-6.754998824960602166e-02 -7.641125613295162156e-01 6.076316128358036917e-01
-2.026757952652342987e-01 -8.945200897622421765e-01 -1.627651859950337843e-01
8.728616971064868668e-01 2.492832504674226957e-01 4.021872222430048494e-01
-5.083798257956748667e-01 -7.850896183847951848e-01 -1.101353768802119382e-01
-8.558626194657149577e-01 -3.404457954576436407e-01 -2.351273419749541349e-01
-5.223983635446481921e-01 -7.777955932228617364e-01 1.288439140087913326e-01
-1.063190436585481347e-01 -8.734233397778472519e-01 -3.705827902333148072e-01
-7.661186261016816879e-01 -5.573950367075712897e-01 -1.481792333929037864e-01
-3.897696129245143970e-01 -7.358934678909377913e-01 -4.796905755548091510e-01
3.870723431157380712e-01 7.218209881295442054e-01 -5.596735447628081728e-01
-2.774677492078270191e-01 -8.810853117489410025e-01 -7.240386378408918133e-02
-7.836685012440416376e-01 -5.473510963249662575e-01 -5.381173422342282880e-02
6.581836031990485614e-01 1.723412623590941661e-01 -6.962136536620286975e-01
-4.520301647973427595e-01 -6.765613560842901331e-01 -4.819357089720611720e-01
1.877167007228840168e-01 1.485892036475235448e-02 9.739649204802930393e-01
2.246545006182419646e-01 -8.851149830908772165e-01 -9.447476865429230153e-02
-1.476249142030289785e-01 -3.200223485247778721e-02 -8.764967457633811021e-01
3.913292479560511739e-01 4.525579077041036458e-01 -7.915557225942810859e-01
4.684227127998730200e-01 3.817868395462469810e-01 -7.891021516702333427e-01
-2.057606955829993298e-02 -7.975077811675019834e-01 -4.552856327579017925e-01
-4.040868256972065392e-02 -8.746469457030195960e-01 3.928585917596056354e-01
5.254570222150543035e-01 2.297702473485593033e-01 -7.996738875788854672e-01
2.803898297192853467e-02 -7.930707192870616318e-01 -5.152912250727124110e-01
-7.693771743897228621e-01 -2.429637977395902038e-01 5.720143115086674390e-01
-7.245137826578286200e-01 -6.307145866380826638e-01 -9.266440091301123005e-02
-5.553099314009690701e-01 -2.774277876133218832e-03 7.363178088295357915e-01
2.222581170054087896e-01 4.353695171679623499e-01 -8.224985158048555567e-01
-4.677825404843535817e-01 -7.495443847481755295e-01 -4.175592253584832214e-01
-2.389701709407903440e-01 -9.007153825872594721e-01 1.313900584115342551e-01
-6.617191599513115863e-01 -1.403958419457567441e-01 6.315447605148127863e-01
-5.760555925580944647e-01 -7.589531828449990192e-01 -1.080877725602569089e-01
-6.841316808196183930e-01 -5.301896385968175585e-01 -4.446960813994101924e-01
-2.762384449586461344e-01 -7.761994404766485722e-01 -4.346894084172808204e-01
-2.567086444849206450e-01 -8.086350402350870326e-01 -4.519526411585261805e-01
-4.367827940529453445e-01 -7.442085476237012553e-01 -4.707573963150725738e-01
1.181315074575710056e-01 -7.399945918239875242e-01 5.975638496953984413e-01
-6.263298578802652949e-01 6.058847776752785963e-01 4.577535057295262222e-01
-1.791687157003016839e-01 -6.696334511252494126e-01 -5.913714410617338935e-01
-1.204818431662028899e-01 -8.588033193267418097e-01 1.608001374079302548e-01
-3.639568508406397229e-01 -4.029865270254357479e-01 -7.374715454029932005e-01
-2.056006441885677161e-01 -8.640985745076944502e-01 -2.442886200294889509e-01
-2.297281833005126173e-01 -8.718996748375065220e-01 -1.817450215404145253e-01
-3.862360355636900167e-01 -7.764913123068725720e-02 -8.929544571627862082e-01
-5.146095804021931785e-01 -4.872802612021682744e-01 -6.324605200696646889e-01
-6.995639721441722081e-01 -6.661818642887044062e-01 -6.930934177562868281e-02
-3.285639904241073328e-01 -8.342060911012341151e-01 -3.013230276025143373e-01
-4.022334935556544644e-01 -7.630013142429800110e-01 -4.416438742109186633e-01
4.613813982838514960e-01 -6.710393111734150873e-01 -4.497837360444697508e-01
-9.167070870756599543e-01 -2.976164121444066502e-01 2.160597101195042280e-01
-2.491408783651507253e-01 -8.576899045805898014e-01 -1.250049150541638343e-01
-4.504275534846158835e-01 -2.954903622864997748e-01 -8.073270633432628740e-01
6.727057337252976277e-01 -6.269821325131553769e-01 2.609863311289311039e-01
-9.055168082564044596e-01 -1.818076502853115117e-01 2.999682436257268270e-01
7.324730786180544406e-02 -9.115037544938028313e-01 1.556530588738479770e-01
-1.580621826583138989e-01 -5.600991666895522858e-01 -7.404970825336980589e-01
7.166765036308381243e-01 -2.728544413301141058e-01 5.867214835815034446e-01
-4.894042294169352880e-01 -7.012422430969385001e-01 -4.576082042547023887e-01
-8.489989519596111700e-01 -3.728362101363343895e-01 -2.806412861008667492e-01
-3.631864714166724850e-01 -8.404151162003197229e-01 -1.264668739441797696e-01
5.705190237689740096e-01 8.870642873512447901e-02 -7.797502748750237966e-01
-1.428639224949250774e-01 -7.052451531857174549e-01 -6.181543690560991067e-01
-7.904512120579941514e-02 4.519959710784871021e-01 -6.726406144859379266e-01
-5.788886202978433815e-01 -7.527897292676808405e-01 -4.971885066270356063e-02
-1.986736864275366887e-01 -9.227042074460888310e-01 -7.214434318774566590e-02
3.370444708897678554e-01 2.797737304697104910e-01 -8.720854045772252761e-01
-4.495204975364838068e-02 -9.448680568631347976e-01 -1.314592414125366655e-02
-6.591266287730882523e-01 1.435358265394228727e-01 -7.186859126849279855e-01
-1.889977759546410119e-01 -4.954371229908227647e-01 -7.739647640988464028e-01
-4.401841750253644436e-01 -7.608704112614071979e-01 -3.948736177939990988e-01
3.621384281447677655e-01 -7.044443493380216914e-01 -4.585904066695005721e-01
-6.392583451648491399e-01 -6.440503437124085462e-01 3.526697025788253503e-01
-9.930254821967599010e-02 -9.231464169158164479e-01 -3.746749452729601637e-02
-1.791642582420673036e-01 -8.884935680802029667e-01 -3.944638642529955767e-03
-8.295030745771223568e-01 -4.047501711050067730e-01 2.310962838676724196e-01
-1.133495428082971213e-01 5.391160612030171384e-01 -6.756337560142704479e-01
6.193848800385967079e-01 8.586987841524935938e-02 -7.506170543444476984e-01
-1.277279132980291276e-01 -7.781507888099346015e-01 5.667366536583900993e-01
-1.061249745226228586e-01 -7.655207722495451783e-01 6.093181633268643926e-01
7.257771094230984488e-02 -8.944023079503164997e-01 -2.201867886342054603e-01
-1.739481342463453373e-01 -8.493240419536669528e-01 -3.456257484953011438e-01
-8.277930434293387929e-01 -4.242442964233188452e-01 -2.282739354011898703e-01
5.330117372979439327e-01 -4.650605110938512560e-02 -7.864734950902231292e-01
-8.754714850770267676e-02 -8.296462971462758018e-01 5.026992326403435518e-01
-4.772420909825964008e-02 -8.455830576522090913e-01 -4.260509326564314581e-01
-9.690714888645392266e-02 -7.055294150953382859e-01 6.642530776490802591e-01
-2.932240879097779418e-01 -8.899164202121708778e-01 -9.279022834357156246e-02
-1.633898859753074931e-02 -8.136545408472349861e-01 5.320316874968900045e-01
-6.152297531874948433e-01 4.457124184138065992e-01 6.140274213750631649e-01
-4.729012465366522200e-01 -5.634543458483132206e-01 -5.530241299016378509e-01
-6.543847389561397235e-03 -9.404670338532828966e-01 -1.260099731227919129e-01
6.584849577587360836e-02 -7.553623949343434285e-01 6.227291732649302691e-01
-5.308291941668221575e-02 -9.236393383462314643e-01 -7.901727751481335549e-02
1.612756524642059985e-01 -8.454734447462953773e-01 -3.715283927983036305e-01
-2.217438356032866154e-01 -8.968427477917052526e-01 6.068911330497283457e-02
-1.217598922279790746e-01 -8.625430694103852769e-01 -2.164755259281246624e-01
7.347849905158004846e-01 -5.142238937820764466e-01 4.225001684577152083e-01
-7.067109965350237832e-01 -1.475077243138098460e-01 -6.549415245858282164e-01
-2.737689739331265470e-01 -9.113212062547570991e-01 6.975826801566785418e-02
-7.512270747407946425e-01 -6.069836243912105633e-01 -7.415663994381412050e-02
-3.045494161997317276e-02 -8.483759074966871205e-01 3.889657670348715124e-01
-1.295857074683691157e-01 -8.922781277202781469e-01 -2.723429838020849370e-01
-6.183986042582855641e-02 3.948227823210193610e-01 -8.776778448058077942e-01
-9.064451103808734977e-01 1.689157179513642582e-01 -3.464104629027567883e-01
-3.753804006910679836e-01 -8.104809807140460620e-01 -3.191662080952572533e-01
2.331096738570205551e-01 -6.666731274014969788e-01 -5.720907775160851694e-01
-1.537495930576844028e-01 -9.157517049868854064e-01 -1.307834070862848030e-01
-7.522254156334865494e-01 -5.406286003829270381e-01 -1.669572649311551471e-01
1.726400060252916147e-01 -7.723269043696872060e-01 5.259417474952073901e-01
-9.382384882712604401e-01 -1.601461580227869219e-01 -8.717402280164152084e-02
-7.604346739372574993e-01 -4.818160068116564276e-01 -2.958354589338921814e-01
-9.156507193105706266e-02 -9.114290997813870865e-01 -7.921335545144012058e-02
1.581028277833880225e-01 -6.942063282568902149e-01 -5.082166749183266719e-01
-1.501772085260378309e-01 -8.758150708884956392e-01 3.207244725419295950e-01
-4.091998443640790240e-01 -7.726107022018667836e-01 -3.828995954981886385e-01
-5.711727868222592486e-01 -7.032829699057749906e-01 3.620371979948004970e-01
-5.528489505881442057e-01 -1.548781778219684158e-01 -7.954223978556523855e-01
4.022658329597975646e-01 1.506915059649050481e-01 -8.883190326828980243e-01
2.831223194106672336e-01 -3.890519541758026834e-01 -6.867136934374948876e-01
-4.444394463296574838e-01 -8.209857816517892593e-01 -1.290700260563213686e-01
-7.686650624608031279e-01 -5.706805265175045605e-01 -1.116166894977118212e-01
-1.039270111794461382e-01 -9.200982822053642707e-01 3.188759771238441898e-02
-3.114827596390312148e-01 -4.306248073019861566e-01 -7.985083590508186280e-01
-1.803645354731812367e-01 -8.947064855992910015e-01 -1.917159356059292274e-01
6.966453624191353278e-01 -1.848510844215263405e-02 -6.115106989843364094e-01
-4.461152514421712345e-01 -7.528557050487506563e-01 -4.329621886390705443e-01
-8.997005202666539248e-01 -2.877083009269228997e-01 -2.008464768667062861e-01
-4.414158313370997178e-01 -8.150000597082952547e-01 -1.886233293787312748e-01
-2.971738104577347217e-01 -8.370444856658598720e-01 -2.750345118729361493e-01
6.423545010917010023e-01 -6.895920364774619227e-01 1.251643208300424193e-01
-6.896962367874074351e-01 -5.458665699221446621e-01 -3.853103858878863530e-01
1.503571639024929296e-01 -7.969807234440116073e-01 -4.265346194573781946e-01
-2.712017361262801796e-01 -8.127636606008293851e-01 -4.039485814169527234e-01
-6.556404717118504699e-01 -1.996777761659041528e-01 -6.676953252438211361e-01
-6.253396503531843953e-01 7.213940857918061944e-01 2.619451767793636310e-01
-3.577848705234309423e-01 -8.771507287909957595e-01 -2.509152965918931902e-02
-3.240093721967493012e-01 -6.247012928319223279e-01 -6.077960558559194482e-01
-5.320310392629525875e-01 -7.568128782613177119e-01 -2.941870894773557232e-01
1.298584590332441668e-01 -8.514975639269063423e-01 -3.217882986941355550e-01
-3.936221275179165036e-02 -6.529664286467382617e-01 -6.596391972491797429e-01
-6.936301668463247250e-01 -6.514244708782326310e-01 -1.043936607128349570e-01
-4.852061610542380277e-01 6.568256422448742748e-01 5.528466041471380432e-01
-8.697283764955477947e-01 -3.980558372372160481e-01 -1.399362926466462542e-01
5.706730628317026044e-01 1.573773740040129154e-01 -7.847882625949414992e-01
-5.572334137769623386e-01 -6.423521317761181626e-01 -4.296277880589325915e-01
-4.562251577224263333e-01 -5.496768033349449523e-01 -6.085616235178706868e-01
-4.421264106644340885e-01 -8.176430234361677929e-01 -5.350735498527383477e-02
1.872493942729638594e-01 -7.572939342250595285e-01 -4.674919874135959885e-01
8.464559784136826970e-02 -2.038289273536013357e-01 -9.665236857444042817e-01
-1.992425889797851402e-01 -7.373365090730308324e-01 -5.495961656800393280e-01
-5.179906714488639041e-01 -8.098181963501559499e-01 8.372492330047123787e-02
-1.034771759254588808e-01 -8.932234917995796053e-01 -2.924087815302526816e-01
1.904854032096689742e-01 -8.361497931523002025e-01 -4.042125915614681042e-01
-6.612473313982094592e-01 -4.863311875806608509e-01 -5.416706643980512270e-01
-8.584059391790046512e-01 -3.983255137132218349e-01 -1.791645152318232237e-01
-2.212559369723004210e-01 -9.080459036445838183e-01 -1.540607970118963166e-01
4.814996142813779412e-01 3.231489742647581931e-01 -8.037925437330273315e-01
-3.465825341394417891e-01 -8.134686081372641819e-01 -3.553287080805666576e-01
5.018866013253907576e-01 -1.903972159290003296e-01 -7.660912768280574436e-01
-8.843127348359401674e-02 -7.334636137736669781e-01 6.575447900673592194e-01
-6.551103999862348259e-02 -8.745798216267487435e-01 3.789107218501124863e-01
2.928061014255221584e-01 5.407867810568305345e-01 -7.576701973661875700e-01
-5.139673654572490813e-01 -7.350771442938529576e-01 -2.393839253028058056e-01
-3.182280172212674785e-01 -8.209837531583402681e-01 -3.446236297013399175e-01
-2.947328243900063094e-01 -8.702259735178111688e-01 1.913370423403888410e-01
-3.230496928329210787e-02 -6.127777660339658317e-01 7.766176159431043002e-01
-1.576106939734472079e-01 -8.943496499441273562e-01 -1.568534537751322677e-01
4.083412246232499127e-02 -9.038886032190409647e-01 -1.590690110858626327e-01
-2.134829848494634585e-01 -8.334183472084568667e-01 -2.586267801426230806e-01
4.305692711053599186e-01 -8.046067191584255207e-01 1.888612915262153497e-02
2.067742205747315765e-01 5.275963525108671170e-01 -7.913207515962381589e-01
-5.181421621525097304e-02 -6.981422334829996412e-01 6.950501122916222796e-01
-5.155456159715563480e-01 -7.765786757748202040e-01 -2.059707333934991391e-01
4.625407873275984572e-01 6.975728361012037415e-02 -8.582352230864549458e-01
-4.255968227172180485e-01 5.285470360530405420e-01 -7.226249439033044508e-01
6.541061151213227454e-02 -9.099162504160251963e-01 -2.407450712622467848e-01
-3.117165060164804880e-01 -8.179383076557809051e-01 -2.495853712026850635e-01
-5.356805489897015216e-01 -7.760449340091170045e-01 -1.283128297987602001e-02
-2.277186120352156784e-01 -8.194277267915385243e-01 4.060758251756952375e-01
-3.622292001111782067e-02 -6.205988267133286662e-01 -7.044749421121087041e-01
-5.520007871551000367e-01 -7.530133218405695716e-01 -1.992844467496162342e-01
-1.198821295214927002e-01 -8.815829436813626963e-01 -2.017417853700861352e-01
2.902829415766390933e-02 -5.173140605101396172e-01 8.431115742563466409e-01
-4.827808481014156383e-01 -7.901511750370859843e-01 -2.739252659790354372e-01
-6.802315776716065798e-01 -6.514761681838218133e-01 -1.735007639953713154e-01
-2.989928820108682661e-01 -5.978412993186814628e-01 -6.673676329009832209e-01
-7.284476137944225771e-01 -5.592912637857219149e-01 -2.634715590898963344e-01
-1.951993856769892732e-01 -9.192208426215892070e-01 -9.629299505996370689e-02
-7.595405394309635572e-01 -5.713848695873882111e-01 -1.706639450544512604e-01
-7.176176026923707374e-01 -5.356166656808791782e-01 3.410672688479263748e-01
5.949402153225449297e-01 1.896261119153613284e-01 -7.609975924099956490e-01
-4.194310125267556866e-01 -7.064129559748008047e-01 -5.116719331785726244e-01
-2.837674078387766863e-01 -8.492915184849492150e-01 -2.407559874499277386e-01
6.423513542213860061e-01 2.797057605039970363e-01 6.857423001537116258e-01
2.143284520407852944e-01 3.090547840564426552e-01 -9.183409895733919415e-01
-6.494302263603899394e-01 -7.066477395118164750e-01 -8.552064202992112896e-02
-3.190280117339919785e-01 -8.451613065510144018e-01 -2.247067503402060962e-01
-1.835745837002219771e-01 -3.757326845340994703e-01 8.758431028060964518e-01
-5.287758727545898152e-01 7.779163573683662847e-01 3.038359821814403672e-01
1.632056467751858142e-01 -8.830465901952487817e-01 -1.835797707260132250e-01
-2.334879052151096479e-01 -8.615468437257328693e-01 -2.083111745671371029e-01
-3.569736240746437805e-01 -2.398221354400136007e-01 -8.594902848319319055e-01
-2.723024561462035198e-01 -7.473696065000148270e-01 -5.156564876418499033e-01
-7.132928910078166485e-02 -8.358213282194167926e-01 -2.845375777951173468e-01
-4.119457106130750695e-02 -7.835374963845357366e-01 5.583140606192552591e-01
-3.710983002278517295e-01 -7.987231910678486146e-01 -3.486962226506467033e-01
5.148743817572910553e-01 4.241192702711293339e-01 -7.336370754802687966e-01
4.988812738295440169e-02 -3.639210427531322511e-01 9.203453180717168225e-01
-1.302909750351087526e-01 -9.325365091915629456e-01 -3.718669887916507821e-02
1.903629671501440301e-01 -7.051060890403151316e-01 6.279678397833611259e-01
-7.619403598360189322e-01 -5.753110429674987980e-01 -9.627969349475289096e-02
-7.879542943010754419e-01 5.917203047593568854e-01 8.902079371804658137e-02
-7.079688103959488887e-02 -8.749273585461778691e-01 -3.281262356026679594e-01
6.093556725454553069e-01 1.433556206634724883e-01 -7.579819983648317105e-01
1.114728495240299572e-01 -9.245995966598185012e-01 -1.307227213496648666e-01
-2.253238739514893119e-01 -7.929320541311095649e-01 -4.349552036987263670e-01
-2.090104808617534449e-01 -8.774260159424241978e-01 -2.059085824527573383e-01
2.954617494330272209e-01 -5.651906089281267809e-01 -6.245002452234498236e-01
7.388480554947159940e-01 1.138913878066370126e-03 6.279693069276418571e-01
-1.213003144330867672e-01 -8.590688686803742424e-01 -2.738925715687966500e-01
2.948392449457537534e-01 8.124605806418173648e-01 4.874409768722902103e-01
-1.639912737881805138e-01 -7.571062458038720910e-01 -4.843258660396283499e-01
1.808840106985671325e-01 -8.514025762193052627e-01 2.472741230042026783e-01
-2.424481757572727048e-01 -6.348517110884551728e-01 -5.710313073426986907e-01
-1.626506833498693738e-01 -8.223674533839815393e-01 -4.219489001139334339e-01
8.802367410594513775e-02 -8.846559337660530042e-01 -3.227471435222189489e-01
-3.987545430581724282e-01 -8.417172925234043257e-01 -1.665103126416022372e-01
-2.828621501142696837e-01 -8.242264754477492961e-01 -3.893937580870306947e-01
4.884321996650320408e-01 -1.273078378593568705e-01 -8.033731015374488971e-01
-2.157386164154524166e-01 -8.921731248653538282e-01 -1.251932475153993141e-01
2.885117397575729936e-01 -1.273896374921634489e-01 -9.383384652823452132e-01
-5.850549287934839748e-01 -6.932647491591410749e-02 7.963378375391505504e-01
-2.888933602086752317e-01 -8.403956259497171732e-01 -2.661637417318917787e-01
-3.543255468212762049e-01 -4.563123181309614584e-01 -7.439003885528251425e-01
-5.588125778414075873e-01 -7.828444319101537374e-01 1.232340855050284012e-01
-3.668050571032828444e-02 -9.076347495960493950e-01 -2.296643593252753190e-01
-3.576378002646863341e-01 -8.280814590376325279e-01 -1.460065292567549189e-01
-3.184391636319838792e-01 -8.191615025289327168e-01 -3.191118648720111528e-01
4.049215134299559149e-01 5.735006749993563080e-01 -7.015997488280678596e-01
-8.186652656174584486e-01 -4.381356213378096998e-01 -1.789589786470554833e-01
-3.788528500839721258e-01 -7.614097126472452182e-01 -4.561462189291428104e-01
-9.623326955895562529e-01 1.216878911151318826e-01 1.700105943082163562e-01
2.456745122050880414e-01 -7.473231414360701486e-01 -4.587276339052920315e-01
-3.060422707186257196e-01 3.454601005405735781e-01 -8.332812778696181422e-01
3.545851267605826251e-01 -5.998821543531802636e-01 -5.321482281317899687e-01
1.246560348378989574e-01 -8.906677318452681513e-01 -1.618776498139128661e-01
-2.389470463135338063e-01 -8.371813677332894388e-01 3.860214348370455961e-01
5.491443654089978033e-01 2.431284018547494041e-01 -7.868221475972816403e-01
-8.327347131719421425e-01 -4.005683548027011431e-01 -1.082777515794171863e-01
-5.108532364070311749e-01 -6.998863389367930843e-01 -4.749610544083185393e-01
-4.934335837374388412e-01 -4.002134215586657384e-01 -6.067156588104574144e-01
4.436282077001723612e-01 -1.864238844075442325e-01 -8.304267870663353257e-01
2.530021416488198449e-01 -8.397069169994778592e-01 -3.615138582420623914e-01
-2.341983300569546733e-01 -4.791329902480019332e-01 -7.680982227140393803e-01
-1.836029063811059070e-01 -7.253067943991755584e-01 -5.258265098779699720e-01
2.523048336177659556e-01 4.534681404859157092e-03 -9.115944626420205976e-01
-3.155366440664487682e-01 8.277293884831198349e-04 8.629633469121963385e-01
-5.875519545906414676e-01 -7.669255351098934748e-01 -1.953854126883649081e-02
-7.095200662609407738e-02 6.701943787752336068e-02 -9.470054485945487155e-01
1.195060885320455291e-01 -9.068024525260584001e-01 -2.338585497145407588e-01
-1.577298932110756113e-01 -8.685155267056379191e-01 -3.801857845091912158e-01
-7.169118490881443151e-02 -4.402690571211084203e-01 8.797162942193140767e-01
-6.315665648414671152e-01 -7.238502133099782299e-01 -5.855814285166003469e-02
4.202884122804871614e-02 -4.691386595002755566e-01 8.670592791586425596e-01
-4.113003033215402171e-01 -2.321337447738417159e-01 8.092139466914745061e-01
-4.868844855347755352e-01 -7.994867548958600745e-01 -8.369084212501079478e-02
-4.061367615624809080e-01 -7.636031594004787371e-01 -4.308714787356291986e-01
6.678163427530552365e-01 -3.302618679483528830e-01 -5.717911189770937819e-01
-2.098679727285242269e-01 -8.956561418626516335e-01 -1.057754884100482184e-01
1.124256830448238098e-01 5.247867782857614793e-01 -7.956551589209636122e-01
-2.104725669592794612e-01 -8.894440538341352731e-01 1.489576706455955357e-01
-1.696436043814232020e-01 -8.606368473403082087e-01 -3.187984024228337487e-01
-1.644652744235801933e-01 -8.966859108232709819e-01 -2.377583600198161784e-01
-2.201484799502052003e-01 -7.578916018927398524e-01 5.561388357009454664e-01
6.040527642017495813e-01 4.832468519284107145e-01 -6.225194084408846029e-01
9.280927103446623416e-01 -1.447289218521397858e-01 3.012729442404936120e-01
4.634438899243795706e-01 -5.383197501159971976e-01 -5.235910884309953328e-01
-1.383379561894022280e-01 -9.167394332662037737e-01 -1.132325334822923690e-01
-4.005235786991677149e-01 -3.876086409531694366e-01 -7.748651412138461980e-01
-1.930612176923285628e-01 -7.560457237726100344e-01 -3.614179872792868675e-01
-4.563512598087149374e-01 -7.179985104294597242e-01 -4.396289285122062518e-01
-2.513497381198779856e-01 -7.597279971946298005e-01 -4.787273940011922968e-01
-5.406693009618470658e-01 -2.559917134823834206e-01 -7.002569582447727425e-01
2.163979557567268508e-01 -8.742929748362370246e-01 -2.860034257297850435e-01
-5.207301508556750891e-01 -4.210627063377058721e-01 -6.768642010561862765e-01
-1.295949375536782633e-01 -6.209211673018281141e-01 -6.867742280197428606e-01
-1.007137181428904987e-01 -7.952444512853135139e-01 -4.758814049555879500e-01
-1.398617884108684373e-01 -8.699227345277794621e-01 -3.047900891699948933e-01
-1.335513420710366106e-01 -8.106060021508459945e-01 -4.046519993898622380e-01
-3.141584617652678491e-01 -4.728406590708610913e-01 -7.440655560584656936e-01
-7.885372201404090564e-01 -5.464417904116329883e-01 -1.363198049298345593e-01
-1.643318784746831684e-01 -8.776186014679180358e-01 3.556615674525219761e-01
5.744673235999698813e-01 7.708704492260048946e-01 -2.224453186207521194e-01
-1.285080456016743089e-01 -8.350765176465925199e-01 4.620987107594750620e-01
-6.041128663598044346e-01 1.407713183965249026e-01 7.526750725917084051e-01
-5.440862069741342344e-01 -7.310262737426788116e-01 -2.200148754693339315e-01
-2.688193665730102544e-01 -7.079625389220007836e-01 4.672874375892573928e-01
-3.833501469991659749e-01 -3.806526699390583995e-02 9.135653883348511251e-01
3.768883825136417620e-01 -2.576653104977166264e-01 8.799138540438127265e-01
9.766387460772909535e-01 -8.211958796855582665e-02 -1.493419790605025332e-01
7.190892712637236839e-02 -2.493279379569988130e-01 9.504203390170871124e-01
2.699775469834853059e-03 -6.035720360379785987e-01 7.421098588135832674e-01
-7.598700859230800297e-02 -6.091502026635156053e-01 -7.379914565229942491e-01
-4.056798942208759973e-02 -7.460609150927611788e-01 6.272995088152846233e-01
-2.810221031496125677e-01 6.381324911697645874e-02 9.498155348896553107e-01
-6.638303948460372306e-01 -6.856431247414752628e-01 -1.418784384315445735e-01
2.514282677728653104e-01 -8.256500410236535803e-01 -1.997503632030448728e-01
-3.905392728526686785e-02 -9.229786132011983391e-01 -1.852323176877536670e-01
-8.438259687798864705e-01 -4.617367892052894329e-01 -1.197113059643103578e-01
6.284620868838319829e-01 -4.280531953204334134e-02 -7.061917139877756933e-01
-6.344347422084177512e-02 -7.110896542113765983e-01 -6.297975064685503721e-01
-4.760355241582566732e-01 -7.148997091447480967e-01 -4.752928563169574461e-01
3.667532830480105255e-01 -5.902621419983226092e-01 -6.189044588625713939e-01
-1.626015321260072533e-01 -8.080643428736201672e-01 5.201895146415608240e-01
8.558784378641617896e-02 -9.049929728179573196e-01 -2.510610677840860450e-01
6.191201398213149742e-01 -2.206962037134496679e-01 -6.629456164142499830e-01
-1.002873623339171905e-01 -8.086601501978734063e-01 5.341193900368816916e-01
-4.032425635292487959e-02 -7.213381315851602471e-01 -5.852034052593196867e-01
-8.295167531454665788e-01 -1.206873274035386301e-01 5.051374963668933127e-01
-8.774759800634636120e-01 3.835263586307037786e-01 -2.527663305173107888e-01
-6.427640824766627237e-01 -1.451040992289783227e-01 -7.119233255058509124e-01
-4.951450842239741301e-01 7.941684425386477675e-02 8.328973384611302322e-01
-8.928619553742905834e-01 -1.722656674997421755e-01 3.357962089604814571e-01
-8.182313060582818709e-02 -7.114754704262246099e-01 6.828269211323739762e-01
3.872338838618727963e-01 -8.186857307069774770e-01 -6.445355651823495013e-02
-3.575525967908562142e-01 -5.652303098554570804e-01 -6.738776501873136038e-01
-1.361728187241117716e-01 -9.090647845830945872e-01 -8.884617492529073290e-02
-4.889805693327863301e-01 -7.230217900274471532e-01 -4.358855559514283051e-01
-9.099450878671820897e-01 -2.239384040730894587e-01 -2.377820934852005741e-01
-5.619280385207585382e-02 -8.364175514920081378e-01 4.827016685833705467e-01
5.176234907144444675e-01 -5.828207400791201032e-01 -5.016534858407106778e-01
1.843325414460397077e-02 -7.026960582662286070e-01 -6.012941458082732282e-01
-4.596576005995801073e-01 -8.218114996395669003e-01 8.987847820516113584e-02
4.480328730492976613e-02 -9.026708148508767460e-01 -1.925631020482352074e-01
3.423143787810917216e-02 -7.261032596275908135e-01 -5.695970929790411530e-01
2.238171458182825480e-01 -8.877400625949130042e-01 4.336344740252554703e-02
-7.856692059597616407e-01 -4.696861848855680699e-01 1.688947322822623165e-01
3.415401472724879928e-01 -5.108237693048331973e-01 -6.913671629473765456e-01
-2.673878970039603176e-01 -6.781356420395253659e-01 -6.047746025547069415e-01
-4.509568620824673246e-01 -1.330278583284014715e-01 -8.678013643587325632e-01
1.769327196511275707e-02 -8.943068133749799697e-01 2.953775371333287603e-01
-1.489621548779547777e-01 -7.299095749499779906e-01 -5.306920260407477219e-01
-7.029169944520395896e-01 -5.841769652920751899e-01 1.764545350017430736e-01
1.955134821244808307e-01 -7.810689915950110862e-01 -3.889879544855573412e-01
-1.690802730116606756e-01 -7.841396752068845455e-01 -4.629515077461947015e-01
-1.665201043483514609e-01 -9.268390894345043263e-01 3.273554969063459386e-02
-2.081490462557589738e-01 -8.595859933278348075e-01 -3.076641140847028444e-01
-1.204631720276078677e-01 -8.899609814165873045e-01 3.266792813484383773e-01
-5.768472144818261871e-01 -7.439820991715428988e-01 -1.293228968462851181e-01
-5.983585503440490561e-01 -7.446926560939012285e-01 1.519118472795656649e-01
-1.050189743078845106e-01 -8.559727477476042345e-01 4.444299286516615877e-01
3.418651367199826430e-01 3.977897693812010860e-01 -7.919632104082361401e-01
-1.080658570408934704e-01 -9.191744527254898101e-01 -1.879337576077201588e-01
-6.832574466878472697e-01 -6.580790759286756497e-01 -4.521699088457407228e-02
-3.326878075499795084e-01 -5.929434769751225076e-01 -6.189676523745266667e-01
4.173011394962308079e-02 -9.078736491716465906e-01 -7.462314070981505842e-02
6.067289179558803536e-01 1.471644205553569729e-01 7.709372401344348757e-01
-6.502449055914932829e-01 -7.198010536714896102e-01 -2.778083572302719739e-02
-2.943764550417597992e-01 -6.763114220049946113e-01 -5.949872848962204364e-01
5.598411424037506023e-01 -5.864136840198858058e-01 -4.300848074177758273e-01
-7.065151253640947759e-01 -6.584996601926385029e-01 -4.888897454527210695e-02
3.491960269465550493e-01 -8.251648798740180979e-01 -2.291000998963269308e-01
-3.806619895224792605e-01 -8.229705987372388787e-01 -1.873467817324965534e-01
-2.721145141114944543e-02 -9.005697781698779325e-01 -2.032892819455460465e-01
-2.129674538509284190e-02 -7.444763684365439671e-01 -5.590130051895861873e-01
-6.928354520966162333e-02 -7.259996799596574180e-01 -5.349188768730018806e-01
-5.386442143813542360e-01 -6.271509727867398132e-01 -3.648924236519551778e-01
-6.420102848909717830e-01 -6.884248303855911022e-01 -2.192528608443517213e-01
3.974767584204764725e-01 6.343686243571103334e-02 -8.773835947670356461e-01
5.208708095700745888e-01 -8.975271518693760109e-02 -7.887356833577193749e-01
-9.453508680139781628e-01 -1.489623762856011890e-01 9.927990621145511840e-02
-2.354180548600782463e-01 6.185065188753245957e-01 -7.361198069422998369e-01
-7.596393548922840411e-02 -7.997958123736366165e-01 5.507032117425475493e-01
4.025426812800244059e-01 3.875431664265330169e-03 -8.407657288235965698e-01
-1.470993017503224309e-01 -7.676112158145392828e-01 -5.190847346104117133e-01
-3.877582593177326120e-01 -8.522211132519188492e-01 -9.415182134151803273e-02
-1.167532301816380097e-01 -5.371721233984433352e-01 -7.868767909962469664e-01
-4.582502711771833104e-01 -8.038845297687913227e-01 -1.994313608605450816e-01
-8.221484233354021676e-01 -4.285336428886888371e-01 -1.923412947137491669e-01
-5.331781686532458542e-01 -7.433913907219436012e-01 -1.472337494190515961e-01
-3.927229351422226178e-01 -7.898390185941165376e-01 -3.606574530935219292e-01
-5.562473865195372708e-02 -8.135201833701968255e-01 -4.956792199086393902e-01
-1.841313339257800163e-01 -8.463723445387060229e-01 -3.349987205569368576e-01
-6.478072117188467260e-02 -9.247946625429249723e-01 -1.530652003019957186e-01
3.155641560447644545e-01 -7.376634946959750305e-01 -4.082507224084299113e-01
6.543121254090397132e-01 3.523801066215294653e-01 -6.420179789687795457e-01
-3.548763504786664469e-01 -7.959580483634499659e-01 -3.535426588074609966e-01
-4.251536419669376121e-01 -2.436200637073279163e-01 -8.268246835978093623e-01
-1.888818140938512968e-01 -7.964302819649059506e-01 5.260790408055587841e-01
-1.149663211830268400e-01 -8.562913676515497841e-01 4.123084417612421504e-01
-6.554899835839641531e-01 -6.330474630735233310e-01 -2.536599426077856267e-01
5.143578241219789460e-01 2.974872417842922001e-01 -7.895720552572220718e-01
-5.223987751023974335e-02 -7.108609755735640912e-01 6.858499550198600136e-01
-7.614411247353845003e-01 3.451371325616721664e-01 4.629014440744842473e-01
4.559530745800228213e-01 4.093842717776350337e-01 -7.816971085658132035e-01
-2.080075357345261278e-01 4.931881113006166828e-01 -8.334936286551776208e-01
6.696911892901506909e-03 -9.196389051431189676e-01 1.768279576964728317e-01
5.498401414159841405e-01 2.606792020927481968e-01 -6.875023949054397399e-01
-4.011614010171555278e-01 -4.686967318051414866e-01 -6.994368041514532619e-01
6.180449181164305444e-02 -8.861002512031040945e-01 -3.716114781676626011e-01
-2.381628857157498391e-01 -8.935116392040575173e-01 2.413546951144380781e-01
-7.770184214027632541e-02 -8.762686750809085545e-01 2.006203218514527875e-01
-2.913881560300679019e-01 -5.170607455149304199e-01 -7.320961362477954593e-01
-1.135739308397064051e-01 -5.753995938875806626e-01 -6.986055655809230158e-01
-4.152188292829757654e-01 -8.412003841106053814e-01 -9.861035820550692610e-02
-4.398926705462255504e-01 -8.372328497443598527e-01 -4.713055867149802333e-03
-1.911424667211750472e-01 -9.024951499834799051e-01 -2.286995477320095255e-02
-7.716455353953791674e-01 -5.442256301915868733e-01 -2.468336548712564416e-01
-7.134569948386646487e-01 -4.252203225005110609e-01 -5.210380820311746319e-01
-2.944359542338095131e-02 -8.856295745084276083e-01 -2.535294241626790401e-01
1.196485663420578383e-01 -8.434513570445479891e-01 3.955632306006507393e-01
2.288708865937802428e-01 5.644439346249391365e-01 -7.348764355632537715e-01
-4.028967818314495020e-01 -6.257720376465325529e-01 -5.754518925283098607e-01
-7.461770383467859480e-01 2.010633493441984221e-01 4.609035870831076354e-01
5.624870522091534042e-01 -1.719133215755995134e-02 7.891588606448752818e-01
2.242670947026639272e-01 1.385115542758051377e-01 -9.300649579788604626e-01
-4.496999935226372314e-01 -3.641908080569944972e-01 -7.553959577037681061e-01
1.842988395925837242e-01 -7.253200934277484468e-02 -9.062526008687074031e-01
-5.923204685366996181e-01 -7.289866860719176334e-01 -1.019103162546509955e-01
1.535703397976193874e-01 1.748107586763679444e-01 -9.266139279152419972e-01
-4.767358149038226391e-03 -8.105161696990461628e-01 5.065288309512551157e-01
-3.569282770237826030e-01 -8.186149957672521627e-01 -3.280804438956037017e-01
1.800941272526121462e-01 -8.754240071930303735e-01 1.904805417305084347e-01
-2.191655728897861921e-01 -5.672011403730971013e-01 -7.188695698976618198e-01
-2.333979450875364736e-01 -8.760140431653221649e-01 -1.497080337479433920e-01
2.026237225641408235e-01 -2.198654688340209717e-02 9.716887230427512234e-01
