-2.664046702653736359e-02 -2.343496117932716838e-01 8.408714802606941097e-02 -4.557859225266715497e-01 -1.888402246111862692e-01 -1.857351242021103022e-01 -4.864502412110632834e-01 -3.014104869028080835e-01
2.135021785430443464e-01 1.408797075765109430e-01 -4.212968928224531395e-01 4.719020138592048275e-01 1.618721302181962141e-01 -2.905270573947174029e-01 3.761841606339592636e-01 -1.293787488830887844e-01
-1.186942693112439801e-01 -1.547296879466447672e-01 3.321022315909748501e-01 -6.180417257514172480e-01 -2.202285175415087948e-01 1.939325242148709216e-01 -4.930114836569673420e-01 1.636472568216795209e-01
4.749359928303908962e-01 6.647588313565781781e-02 -1.680418990032082893e-01 4.647316796278159745e-01 2.070949958305879912e-01 -8.212448181996515745e-03 3.459912082451341298e-01 -4.364853328308381242e-01
3.499654325881274564e-01 -1.431728651351985848e-01 -9.572412165390157060e-03 4.480234912236203404e-01 1.921541533362802756e-01 -1.196842357361497106e-01 9.723438718590937668e-02 -6.131945849203802590e-01
1.050810130101885731e-01 1.936024110392438324e-01 -4.041529960012729128e-01 4.996959709566184404e-01 1.688355306875518325e-01 -3.796579401452430669e-01 4.286472180398315235e-01 1.236643029943032823e-01
4.961654279236826226e-01 6.194646620789107799e-02 -4.420060378600754875e-02 4.522678007695137836e-01 3.640369274425908630e-01 -1.931579011191243977e-01 4.344321369802056076e-01 -2.862434034143941375e-01
3.714520656625753259e-01 2.596940898001471876e-01 -1.338777568057085976e-01 6.642317573353572202e-01 2.216563984514500762e-01 -9.887884763550434941e-02 1.579343624321302708e-01 -3.736520610890168848e-01
5.613000267057138837e-01 4.833686920384640262e-02 -3.030815477228137808e-02 4.975465922305817856e-01 1.949940706343395724e-01 -1.282855292803116998e-01 3.652528634381678185e-01 -2.844722271173364403e-01
3.906472901591125924e-01 3.802349578502128152e-02 -1.139337529168438362e-01 5.222703957345705694e-01 3.217526806115179605e-01 -1.142695409569170761e-01 3.907188991359582531e-01 -3.121222409146620080e-01
2.266415880801211924e-01 4.320361866499410064e-02 -2.124307982096187986e-01 6.775367508152492224e-01 3.451306190755747960e-01 -1.276389452209956143e-01 2.387994807546053311e-01 -3.550140654914715754e-01
2.962232434760921351e-01 4.414043766977001626e-01 5.795636765983382468e-03 2.577583714117526736e-01 4.653029722534579582e-01 -5.869228767612542919e-02 5.619487489772625466e-01 5.417067384605005198e-02
1.428185162037882150e-01 1.758173987559862594e-01 -8.935033590793260705e-02 6.567439026483391507e-01 2.578487695805095625e-01 4.516700533735478196e-01 3.864860356004169439e-01 -1.276213636360506165e-01
-2.532112855057151446e-01 -1.676719338084328714e-01 1.682022621399232865e-01 -6.885176966549878541e-01 -2.654597585857116360e-01 -3.276932293920859635e-02 -5.049644785965129445e-01 1.709100415973364429e-01
2.902386023511201174e-02 6.368626266441429484e-02 -7.044883529204085115e-02 5.558793442283221919e-01 1.526364246070234520e-01 -2.916738240242017222e-01 6.407773036978519077e-01 -4.750223933023883099e-02
5.445975994881514515e-01 1.620087440214626473e-02 -2.679212028717894434e-01 3.672634306987278552e-01 7.025077077252543656e-02 6.203411140819493214e-02 1.928995000930013859e-01 -5.576850589282222881e-01
2.828714544474947856e-01 9.764748873337961155e-02 3.385767382043072121e-02 5.066654245031285697e-01 9.899828083250396260e-02 -2.633015138235995645e-01 5.368644885852940501e-02 -6.507817791614747271e-01
1.014882008556678150e-01 1.225520974812281949e-01 -2.580389123533998186e-01 8.140498595219672895e-01 2.627821693116501323e-02 -3.224564543826924923e-01 2.037657911821907641e-01 1.927751369026269035e-02
-2.941483492061692795e-01 -1.416891880729901354e-01 1.608210895465322088e-01 -6.940691985625533356e-01 -2.625510416977681061e-01 -1.927680801059590554e-02 -4.675871688438785756e-01 2.671552018696063957e-01
4.283512265844768852e-02 2.772862309797303193e-01 -2.347260187828414599e-02 6.736952377004895576e-01 1.386168123284197140e-01 4.987741231538026510e-01 4.027064926642462406e-01 5.252554673058142110e-02
2.666989948102776453e-01 -1.738808321351218711e-01 -6.106897897090163285e-02 5.018649712535232510e-01 2.737196922583765013e-01 -1.480592279623092061e-02 3.717936919955343034e-01 -5.441200842675043559e-01
4.208625170062256227e-01 4.726295513835739731e-03 -1.227401992167632960e-01 6.066733547180150898e-01 3.070786145290227420e-01 -1.779210888971565208e-01 2.832139470417970317e-01 -2.885263929427044349e-01
3.961423562677319210e-01 1.863544396304766537e-01 -2.824807386535196918e-01 4.524694090538711189e-01 1.139295193151410035e-01 -1.497692936388554663e-01 2.323190258180560519e-01 -5.388907529110102956e-01
3.237066445498962830e-01 -1.891614344222249666e-01 -9.684663003997900921e-02 6.438897562083705228e-01 4.070991196964859199e-02 -6.652872371213248981e-02 3.503711188310966174e-01 -4.002094852460722496e-01
-2.388308095450022706e-01 -1.182420635628988331e-01 2.680547419797673081e-01 -6.604922480836763476e-01 -2.327040773314928146e-01 1.395358426429488541e-01 -4.434434650964194646e-01 3.280735087251570037e-01
2.674433802985199948e-01 -1.002278831939977799e-01 -2.850503686882962517e-01 3.566895660881734265e-01 5.781093817172227034e-01 -1.620300039924607305e-01 1.057187318961699402e-01 -3.914621652420203768e-01
5.189640837715870925e-01 5.594913981144473969e-02 -3.991424752067812554e-01 4.590856686370528572e-01 9.235498225667831962e-02 6.183075749819877745e-03 2.583062843723860635e-01 -3.954727533074859358e-01
4.098224023298843721e-01 1.534696355555775771e-02 -1.589356692673916382e-01 5.216406096215573385e-01 4.529318339049883679e-01 5.752991239776924712e-03 3.330746458817375744e-01 -2.654261017819332658e-01
4.062602948122158719e-01 1.267432007716599862e-01 -6.929537553293213525e-02 6.017258328981580640e-01 4.135550772861812385e-01 6.078072976900601027e-02 2.510930892739433040e-01 -3.085968497074302874e-01
4.670437818134672847e-01 1.894507186943352461e-01 -1.222072588789314442e-02 6.520138554745711357e-01 4.699539253359408808e-01 4.059861365831602537e-02 6.312552696257746343e-02 -1.928784191831566311e-02
-4.784008599675924553e-03 2.684954862537942133e-01 -2.809208742949052123e-02 4.542652795172871238e-01 5.190020196191718477e-02 -6.725083102264316492e-01 3.537953242262240616e-01 -2.803203336812038621e-02
3.423107397812570341e-01 -2.919567887066391171e-02 -2.207341863643268454e-01 6.445621518796403882e-01 3.216208764245087615e-01 -1.648045291838427240e-01 2.488232377238625559e-01 -2.654783764928984602e-01
-9.249058634540724411e-02 2.726262595802741440e-01 -6.083400338754506587e-01 2.502285774901800153e-01 3.013673810126231145e-01 -1.447960545869935445e-01 4.935045774231204274e-01 9.521700497661479690e-02
4.644572918554035756e-01 2.522518510832397753e-01 -3.368636690848649251e-01 4.891432174493838270e-01 1.150936905496975499e-01 -1.581105981855481790e-01 2.083196196340471873e-01 -3.921785018771070663e-01
3.436396168456054556e-01 1.700883842981828695e-02 -2.497313859320127727e-01 5.676838920924685006e-01 2.604167223572983469e-01 1.096716311403949234e-01 3.312554615785875956e-01 -3.744465929769996149e-01
3.848930109925433607e-01 1.402132439826569987e-01 -8.764892052808312406e-02 5.307875531633235999e-01 2.764457760056407420e-01 -1.496054060494746984e-01 3.405428450123533790e-01 -3.832757335676169608e-01
2.669853745795829347e-01 2.293147814263949702e-01 -2.180793275884342630e-01 5.204768802252998094e-01 1.419497386779655645e-01 -1.989146937422215655e-01 4.258291476039743340e-01 -4.162758582312914291e-01
3.183419197857317862e-01 -3.839508756316420413e-02 -1.455386135005685977e-01 6.325904992205613198e-01 2.304463343160859656e-01 -2.434382406472105076e-01 1.180394777276488893e-01 -4.223798461960385775e-01
3.299574827241180119e-01 -1.843902916019821495e-02 7.239186613435771855e-02 5.779352786491793736e-01 4.825161561036381830e-01 -3.717455292839746527e-03 2.860616704722106496e-01 -3.206746011341036762e-01
4.457240891098841473e-01 6.142973860396299529e-02 -8.490188491563448181e-02 5.140566987095510632e-01 4.000877794920972286e-01 -2.940234003070809135e-02 2.445913314600648703e-01 -3.953179269362231962e-01
-1.059007923295782541e-02 1.846253364472257019e-01 -2.333747572291616224e-01 5.268062690170333129e-01 2.061924228522429570e-01 -3.467463170813074869e-01 3.687067218986636030e-01 -4.277448045925347775e-01
3.876209435382456103e-01 3.048688394844966676e-01 1.362331347437174996e-03 3.809419544001041991e-01 2.635288738464821034e-01 -1.340428914198635302e-01 1.909952322382102718e-01 -5.360151913277281244e-01
4.154982558436054463e-01 5.338917104180779249e-02 -4.056070356784700209e-02 5.891028183982401911e-01 3.814048288535302755e-01 -1.872835494092644831e-03 3.499423831952639952e-01 -2.584942685286814590e-01
-9.616152612994205429e-02 -2.238315667599487593e-02 -2.424859320262783557e-01 5.414553707516965853e-01 5.258619677798929137e-01 -3.562524858075178380e-01 1.956678750454015070e-01 -8.547351630296368130e-02
3.442859122883213940e-01 9.794302517588218682e-02 -1.708190036858175109e-01 5.380971834550642985e-01 4.307158340791720774e-01 -8.574153054890679138e-02 3.041626285241565419e-01 -3.737528996271951010e-01
5.746741088806765763e-02 -1.287452286247156574e-01 -5.397192340301254498e-01 4.274003256043473753e-01 1.763581779215553091e-01 -2.194492323152160418e-01 5.490661941757255526e-01 1.743063134625466026e-01
4.192701121698609867e-01 5.488438215223536559e-02 -2.903259753039714834e-03 6.832190893643016461e-01 2.323829913729295316e-01 1.068008475520150213e-01 3.560659723383293174e-01 -2.593340114555396925e-01
2.860474079760865207e-01 2.147273268222640308e-01 -4.989068167970598516e-02 6.975082775923541201e-01 1.692010071564859774e-01 9.206945267086763529e-02 1.836339995596288077e-01 -3.957776713705281613e-01
4.409761344751815804e-01 -2.219402864323472696e-02 -1.715275343858018720e-01 6.399353879668685519e-01 2.776014750650808161e-01 -2.238857825478303143e-01 1.145447218096388997e-01 -2.766746219099484594e-01
3.771959628606829096e-01 -7.107980209020565987e-02 -9.735988001026457672e-02 5.085423676802147686e-01 2.632326574466893332e-01 -3.730510782775341150e-02 3.538210305319249849e-01 -4.445307499385207084e-01
