4.251512942275590956e-01 4.005981465373246314e-02 2.712707363513169323e-01 3.980181948909792267e-01 6.871218361069550418e-02 4.538463188079312483e-01 2.404064592496168717e-01
5.158042029335857537e-02 8.497510691371226721e-02 -3.383477085560005621e-02 -3.496897476598561649e-01 3.052234548964861127e-01 -5.773882462172433838e-01 -4.334545913929468974e-01
1.469388953038692179e-02 -1.194910282390295418e-02 -5.953321503278297122e-02 3.422199217482209121e-01 -1.356650638990788416e-01 8.133873608972032043e-01 3.091022985619665819e-01
6.664111774495494467e-02 -1.521869998971608628e-01 1.803084752801734636e-01 -1.044482808738882076e-03 6.991065835166496156e-02 -6.576149059021058063e-01 -5.825720966474980944e-01
2.244955544066859487e-01 -8.003240345160887725e-02 2.742599512118339411e-01 3.094756270822033861e-01 1.638918084520859797e-01 -6.238666495181738325e-01 -3.792158508801122263e-01
-4.674048451854778685e-02 1.240522939887410275e-01 -1.917857875276389734e-01 -5.124845276676520678e-01 3.523230537801814166e-01 -5.592575859916149028e-01 -3.034638857902771658e-01
2.135737256603398582e-01 -2.547810312391887710e-01 4.445395483319826424e-02 -1.405965306472948539e-01 4.592132175394433163e-02 -7.620981645220367140e-01 -4.348263635337522581e-01
-9.930994731396598774e-02 -1.832612135333549774e-01 3.121537271363126753e-01 -9.002588828599367154e-02 2.531309139684301268e-01 -7.306678514575476457e-01 -3.816367484194158055e-01
2.053549766651200092e-01 -1.713363703696490770e-01 2.015332123346065263e-01 -1.331994017254646834e-01 -1.987428181793806162e-02 -7.027909814450979953e-01 -4.664972723054962578e-01
9.666128923289454833e-02 -1.525747367565133961e-01 5.222817567593948662e-02 -7.813611647835276564e-02 8.520244049185927981e-02 -7.533720279658131513e-01 -4.455313447253509973e-01
-3.671682794661463439e-02 -5.242306548110087921e-02 8.611139545058457689e-02 -4.918851045050837319e-03 2.670742731801249992e-01 -8.295001241986647011e-01 -3.339458406155416670e-01
-4.647657255372953516e-02 -4.797872554933542699e-01 -2.243120927071297621e-01 -4.513161119219887274e-01 -9.458338212828092118e-02 -5.103033140494356301e-01 -3.725911035044712216e-01
-5.091342968556636928e-01 -7.661011874401028876e-02 -3.805970223254883430e-03 -5.905900888719087249e-02 -2.146456491328268545e-01 -6.683229813340537673e-01 -4.113699821658612921e-01
2.028560109264092304e-01 8.680466172040708639e-02 -1.331110574987347814e-03 2.087547625088747860e-01 -9.169055620713700838e-02 8.020309790275063078e-01 4.606393323699584097e-01
-1.705069633638741367e-01 -1.438151713033662127e-01 -3.483998934662648206e-01 -2.443277492148044905e-01 3.806456458581200519e-01 -6.211508065895510189e-01 -2.932064120457817391e-01
8.909188327761401183e-02 -4.960506143080498087e-02 3.376778863283942944e-01 1.037017937315760363e-01 7.365927253275553199e-02 -4.994381655453084545e-01 -6.928863665428359742e-01
1.731367036204553567e-01 -1.971774978986636506e-01 3.971497229589568967e-01 2.107141451981460467e-01 3.984257008429201719e-01 -5.720800787587719816e-01 -3.165296273112114256e-01
-2.089284455318461409e-01 2.227211408780362945e-01 4.828662055591893820e-02 -2.854487031494711835e-01 4.575114760899627320e-01 -7.061760647596212470e-01 -1.455516994415275156e-01
1.728730162806273452e-01 9.910941457559753476e-02 -6.220187173759231247e-02 1.370708781648428409e-01 -1.149001025629343559e-01 8.150709107128789599e-01 4.868317369832859676e-01
-6.604021407180951098e-01 -5.227689090561902369e-03 -1.607430886325374175e-02 -1.945829037168274045e-01 -2.903474722377057393e-01 -5.653467714568567448e-01 -2.990294960509234934e-01
1.593095242096934927e-01 -7.628612592288862293e-02 5.537316171106324882e-03 2.621418483727816495e-01 6.488876672326680806e-02 -7.181875430742178379e-01 -5.007084170348158336e-01
1.153134332525573152e-01 -8.156931309480983106e-02 1.410296008900968623e-01 -8.402310791221957731e-02 1.226428394925701132e-01 -8.111024809276907721e-01 -3.715456095928610925e-01
6.892332615701321497e-02 -1.319737139662785774e-01 2.817019349218360391e-01 -3.034235561926889799e-02 3.189497150430569139e-01 -5.570440769759785749e-01 -5.908934216246375382e-01
-3.763117393570917374e-02 5.677824110658856449e-02 1.933264103856136007e-02 2.320994450310677748e-01 2.289274185942346829e-01 -7.007838969894537584e-01 -5.098974010821504255e-01
1.393745020462285392e-02 4.705506827032988199e-02 -1.293252698763630304e-01 1.754513554299831912e-01 -1.574497811016384030e-01 8.456963751261877826e-01 4.149651922686398153e-01
1.032002106892906251e-01 -2.172320733567644213e-01 -9.007051094342048703e-02 2.071071761607929107e-01 2.548310774582649985e-01 -7.987266124018972402e-01 -1.144320943099406129e-01
3.478023516546618898e-02 4.753800803656536150e-02 2.516123860978617399e-01 -7.529965642359555400e-02 1.180476701224920238e-01 -5.741509228648004060e-01 -6.843889263955160729e-01
-2.036081229430411824e-02 -2.008218994017543502e-01 -1.436583082573396515e-02 -1.964456745680867589e-02 3.715156423999241980e-02 -8.156977268431230277e-01 -3.957289939958522074e-01
-8.490016179387464834e-02 -2.487998965166922094e-01 1.550071391999706116e-01 -2.167237588247800106e-02 1.224490562005004467e-02 -8.131121936905423286e-01 -3.638083935829647397e-01
-9.960134788332147826e-02 -2.599761865328223398e-01 2.585949412836027750e-01 -2.322528997876613654e-01 -8.498147151309126679e-02 -8.363446485021884813e-01 -9.113184846058888788e-02
1.151283892411223558e-02 -1.715471443851657729e-01 -6.574248059412347855e-02 -4.858202079760995939e-01 6.299996367164976130e-01 -4.478017872997499538e-01 -2.434143086812301515e-02
5.360600900938854857e-02 9.859324640342746748e-03 9.333475441802194239e-02 -7.231865407206121421e-02 1.715955556930871262e-01 -8.292395083126380406e-01 -3.457584798447220775e-01
1.330810589427667001e-01 2.051868627229905817e-01 -2.263285721687227914e-01 -7.129279277093608647e-01 2.600819366041439221e-02 -4.167203461248003560e-01 -3.037397720018359393e-01
3.219429570150642017e-02 -8.557945142879551381e-02 3.188120393013419429e-01 -1.903395735115596399e-01 2.745647960184103287e-01 -5.769139277931498722e-01 -5.669951159594455170e-01
-1.039436162934330721e-01 -9.176862627600303191e-02 5.916831291988865205e-02 2.820681144527936376e-02 8.080184733280736109e-02 -7.064062048891224244e-01 -5.611055547445716885e-01
8.483865237450481656e-02 -2.202192914961911829e-01 1.450213336717244283e-01 -8.877254658350824945e-02 1.733052129466302049e-01 -7.144585991843818151e-01 -4.478917085103153450e-01
2.385183835795848944e-02 -1.935824857324114356e-01 5.468374972477469537e-02 -1.338450953141988864e-01 3.686311793476214071e-01 -6.163292621421053719e-01 -5.366409592492080716e-01
1.345859622265187239e-01 2.101718250107077746e-02 2.453029667297130512e-01 5.678036439346470510e-02 2.695122218543367087e-01 -7.603347836594678277e-01 -3.182809894288236574e-01
5.421342060344147562e-02 -1.954195475410312188e-01 8.417084835365051809e-02 7.782111540771541325e-02 -8.925245467684843337e-02 -8.571196994386568457e-01 -2.703950154067972234e-01
4.616058281769477162e-02 -2.465181782660418319e-01 1.557321748158509989e-01 4.662256516357150132e-02 6.641104096734946893e-02 -7.793359612674147785e-01 -3.996293444730169564e-01
1.921201625968954052e-01 -1.066559143383258579e-01 -6.014654830208362307e-02 -1.248354188046521679e-01 5.450728265356834523e-01 -6.000075617748010792e-01 -3.598073747422186330e-01
4.523676343183564985e-02 -4.246514319554824390e-01 2.699277274454271458e-01 4.283426380360846192e-02 2.423245609604174067e-01 -5.494664278509860944e-01 -4.329030510395740494e-01
2.589456683015657450e-03 -1.751455031781621319e-01 9.386844173739318509e-02 -7.053694058282508617e-02 -3.273423625503568690e-02 -8.164986124080744201e-01 -3.920311738958872638e-01
2.757517998236148626e-01 9.996790305867531146e-02 -2.167672671794675654e-01 -2.200992262428682067e-01 2.389934155933441939e-01 -7.607751003286276070e-01 3.988315734916994537e-03
1.266725568582577691e-02 -2.230808131791919280e-01 6.107322608928784924e-02 4.500209415173787408e-04 1.721117351515796257e-01 -8.070259484900987879e-01 -3.808830526422354312e-01
1.894452214339309784e-02 3.093353097115917327e-01 -4.374520438422688784e-01 -3.672936175859918828e-01 1.951072261485449488e-01 -5.250758483746328364e-01 -4.217233923505094850e-01
-1.113959217999830748e-01 -5.567935543313178026e-02 1.874609696170377870e-01 -3.495481665642394264e-02 -1.053405230249442881e-01 -8.057982317773078051e-01 -4.438034616757658424e-01
-2.589146178433208711e-01 -1.421459047388598518e-01 3.069800169473258511e-01 4.216814674121872192e-02 1.342393965090477592e-01 -7.020431637746978870e-01 -3.893388348689880152e-01
1.144701641753974042e-01 2.107977608049587531e-02 2.606249070137732216e-01 -8.159339155395911591e-02 1.631204725540226219e-01 -8.128906101186983424e-01 -2.913225054324529717e-01
1.162293343282815167e-01 -9.379455404925683693e-02 8.430574383079961209e-02 9.984545897996618957e-02 6.277251890579323146e-02 -7.236432717103080670e-01 -4.987611320047428132e-01
