-2.177927147203772562e-01 8.249443575764977554e-01 3.128830275174883102e-01
-2.415136753775251333e-01 -9.214947474898071977e-01 9.868226678018416492e-03
2.727853349135180849e-01 9.415229674368355006e-01 9.496346527443204344e-02
-5.107012651143476578e-01 -7.964229823477672054e-01 2.459653858088061418e-01
-5.641120235832174368e-01 -6.378850451186121040e-01 4.401384492747551502e-01
-1.036216215851529510e-01 -9.594940670485222478e-01 -1.484233951299066268e-01
-5.447543216298945667e-01 -8.260048676141180657e-01 6.976354625633400530e-02
-5.549362714512452444e-01 -8.117994433789692543e-01 -4.907683204426172008e-02
-5.315579388301713282e-01 -8.244161284525320932e-01 2.852126401119989274e-02
-5.290759730563124874e-01 -8.064646086680293813e-01 1.191179267821165372e-01
-4.542091796310247509e-01 -8.628029075877405862e-01 1.552912191210320536e-01
-6.007529588420620348e-01 -6.579621289537967987e-01 -4.194714482777264219e-01
-8.801262819573979490e-01 -4.541246776471142832e-01 -3.444596000775379530e-02
1.344728394326193677e-01 9.841497312424951627e-01 6.620423145844461787e-02
-2.820329818209326156e-01 -9.326448309509549617e-01 -1.319877890078424432e-01
-4.817930668031871755e-01 -7.866601571122409098e-01 3.555553612083395265e-01
-4.214720370983146558e-01 -6.835316049110007341e-01 5.520177673900882320e-01
-1.089888624987856852e-01 -9.833232471705695144e-01 4.819053990380378627e-02
6.108466448680145433e-01 3.387483988470418872e-01 -7.103938743339751616e-01
3.658882981672333945e-01 -4.059805516297229633e-01 8.291601549435729801e-01
-6.490901935869168859e-01 -6.834097473310547510e-01 2.810317558403176430e-01
-4.991783164067870038e-01 -8.376790884805951354e-01 1.059223903649443993e-01
-3.884285124197460193e-01 -8.425153937489194833e-01 3.219739498446868020e-01
-7.202344367033007844e-01 -5.740558774223977201e-01 3.041260325525337871e-01
2.800751247745281725e-01 9.562148251664653875e-01 -3.952637154352213467e-03
-4.418751690916250530e-01 -8.787574864600830038e-01 -3.694928439700917444e-02
-4.637537033284911958e-01 -8.222678402182976853e-01 2.984602469544113679e-01
-5.785244404480163194e-01 -7.885783032394609871e-01 1.145346948213282617e-01
-6.190310473498156218e-01 -7.577566264081760927e-01 1.317796459651511543e-01
-7.002811980506528089e-01 -6.959518439484483343e-01 -8.424507217919642577e-02
1.716770276084452207e-01 -9.622294474804705677e-01 6.898472695680618605e-02
-4.627321316595880973e-01 -8.586027994647026373e-01 1.053798895020069126e-01
3.220025639926180072e-02 -8.716484557288255441e-01 -4.516946468478266752e-01
-3.990717881331701800e-01 -8.629368456631397732e-01 2.665675128039567410e-01
-5.620343740282730538e-01 -7.686254347798575637e-01 2.347764644232271658e-01
-4.992213564545035509e-01 -8.174864755882127465e-01 1.790633390088494092e-01
-3.231642191622870475e-01 -8.978505342349205609e-01 2.200948987003086832e-01
-3.978051251828798041e-01 -8.861793732272000845e-01 1.287810352407570968e-01
-6.684272319438974153e-01 -7.123558848633477769e-01 1.172113211140203837e-01
-5.797529690335432306e-01 -7.748898366361322010e-01 1.670827464814544361e-01
-1.751434081208582128e-01 -9.344930428462598915e-01 2.284507839258229089e-01
-3.405574187206796277e-01 -7.861045814665441611e-01 4.376857072282064332e-01
-6.003998453197132434e-01 -7.716413220678342011e-01 8.678965648580229397e-02
-4.069108701442269438e-01 -8.568372353595574697e-01 -2.401462492488591338e-01
-5.457058704158270768e-01 -8.063368318662270662e-01 1.577614950665938709e-01
-1.781718747525370128e-01 -9.175180992855999085e-01 -3.297486760543743012e-01
-6.385992776059083997e-01 -7.561867923730514196e-01 3.241479561250500824e-02
-5.631040220962575393e-01 -7.320630359721583824e-01 3.326382857515705060e-01
-4.375368740978605731e-01 -8.783191221221852141e-01 7.037572452767436315e-02
-5.948471574653566574e-01 -7.268270999411220457e-01 2.328468939057943554e-01
