1.079099905526563069e-01 8.313494138848196227e-03 -1.882509270918966970e-01 1.480512146146206465e-01 -5.097047719080439743e-01 -1.410150014677568828e-02 3.338988167576100730e-01 -1.916754332725401633e-01 -3.764098626956332572e-01 -4.952643796616759686e-02
6.441327548689192162e-02 -2.106240853762595400e-01 1.179127249500364211e-01 2.761822613811267257e-01 1.654086467932504578e-01 -3.438581136918079095e-01 -4.352214460888020886e-01 2.036476125543859317e-01 2.826894571336319717e-01 2.570571031280594609e-01
-9.126877914578527748e-03 2.196291487426106082e-01 -2.688307105149549958e-01 -2.305779629017213894e-01 -3.380055451250574272e-01 3.283936596251694207e-01 4.486320164112123088e-01 -6.497252618307330918e-02 -4.085294830435275415e-01 -2.821025999140244767e-01
-1.296675059854189294e-01 -3.541580442641247273e-01 4.387929242367304417e-01 1.137568633344590435e-01 2.229182619096067158e-02 -4.570161905983871620e-01 -2.022776361422634062e-01 -2.989757352024867768e-02 3.884763575928014134e-01 4.477723968545681971e-02
4.102363282300897779e-02 -4.125053832902086937e-01 3.230686986301644081e-01 2.819380808502631730e-01 2.687437767783446008e-02 -5.072045712352234448e-01 -1.963622900114943282e-02 -2.612365677833302646e-01 9.677816589111028212e-02 -6.286636949127200058e-02
1.045840231711404750e-01 -1.061210724268288191e-01 -6.388862597902465745e-02 3.181647757767628315e-01 3.426570635985988211e-01 -2.137573259952193772e-01 -4.893246439298727379e-01 3.035747887825906988e-01 2.710261946606959405e-01 2.677552831221794993e-01
-4.175704136341508443e-02 -1.947587744540250632e-01 4.804279573729613451e-01 1.385186981276823569e-02 8.371684044346168474e-02 -3.014469858813996761e-01 -3.134648440899377997e-01 -2.644998277705435386e-01 5.139421993051044302e-01 1.493804661297949699e-01
-6.406391234524021205e-02 -2.526171100464950636e-01 5.009361527602147479e-01 2.873637665806763053e-01 2.909682861247480101e-01 -3.748507430115880501e-01 -1.721857329274649115e-02 -5.661541952625606840e-03 3.659880615347023691e-01 2.524961118229285817e-01
-1.079699385950725066e-01 -1.757032262867377626e-01 5.704582791494153815e-01 6.575400744418960497e-02 7.165338871520893216e-02 -3.749509387786835179e-01 -3.276445321018126022e-01 -1.513920643443186220e-01 3.147354722708356478e-01 3.611382070541740985e-02
-3.623134371336038384e-02 -2.603618430382046989e-01 3.631650748662925698e-01 8.921672427707064146e-02 1.639423750410979319e-01 -4.062255678298451467e-01 -3.243965545423566077e-01 -1.595518658043107441e-01 4.163016387233759996e-01 1.167222300112721461e-01
1.090522233917437384e-01 -3.675597132391651978e-01 4.492087360887490610e-01 3.088654604530912534e-02 3.121296424085944210e-01 -4.127038875084308445e-01 -1.841232369773858624e-01 -9.508005594716581466e-02 2.363439425963196339e-01 2.772361992423046928e-01
-3.825828076858597271e-01 1.659239839668824046e-01 7.423806829706079691e-02 2.138221017257833645e-01 2.707572530514454900e-01 -2.385873872164830101e-01 -5.445695018107735708e-01 1.454656319269342045e-02 4.071080757201777089e-01 -1.219464300948014390e-01
-2.240626505694956472e-01 -2.514200187540073239e-01 2.605077623559864941e-01 -2.723144491329551053e-01 5.166584749308079649e-01 -3.075212476247455862e-01 -6.688693185662845930e-02 2.484942057841265095e-01 4.372210547874893494e-01 -9.723519564312146923e-02
7.541545914661569594e-02 2.711609280182952775e-01 -4.302337685137452294e-01 -7.885955981582375152e-02 -4.667512142543682185e-01 3.302154415380819663e-01 3.286680175262882142e-01 -3.854399155407688821e-02 -4.515778009950537353e-01 -1.255475214120554406e-01
3.078818051558291913e-01 -2.655005959471672811e-02 1.026310596898073885e-01 2.046044395524443116e-01 3.921022900431346270e-01 -2.469956845672176826e-01 -4.436350393358728939e-01 8.128345047431059789e-02 4.587288917274967570e-01 -2.208044607954637653e-02
-1.870137982459703641e-01 -5.060086722141511340e-01 4.160679568169743936e-01 1.455606868614785498e-01 -1.802354461131199237e-01 -4.547139349679539255e-01 -3.807622173207082794e-02 5.217498592409457875e-02 2.465560511978985014e-01 4.716785572875441257e-02
1.563738167909022592e-01 -2.177551447803730000e-01 4.378373743439188948e-01 4.335156454608835586e-01 4.405120599718561486e-02 -5.006675806209118784e-01 1.291569955064594266e-01 -1.775937113516543042e-01 1.521549604320183158e-01 8.909594400393899827e-02
1.310273359639086699e-01 -1.017029272799904738e-01 3.200159013553553478e-01 2.315383934403068000e-01 4.815283309555000169e-01 -2.784046612692476774e-01 -5.151828703298146905e-01 2.304956024379295476e-01 -4.463115065929410680e-02 1.855658378125280006e-01
7.097361037062357991e-02 3.295851587095023350e-01 -4.814657116832549155e-01 -1.111032281729386201e-01 -4.243912702193005093e-01 3.964678550466940177e-01 2.686804863278969280e-01 1.286544875158772590e-02 -4.224940530357910728e-01 -1.091740046618050464e-01
-2.067307524663781482e-01 -6.454884377356957803e-02 3.555233503734977485e-01 -3.627401580488569532e-01 5.692640072947811047e-01 -9.962433838465421798e-02 -1.030757409069539693e-01 3.610067234515405565e-01 3.922318921237376577e-01 -8.928005283396850400e-02
9.380453394340858286e-02 -4.544468433300526411e-01 2.499101540319510761e-01 1.436952178726208229e-01 1.607172826653942843e-01 -5.438158283793042003e-01 -2.009602268187603291e-01 -1.572288770274005154e-01 3.117057358482949736e-01 -1.556012769488691605e-01
-4.503514920112892950e-02 -3.112317302638272776e-01 4.369280106617554060e-01 1.626719014960922860e-01 2.278994431654108310e-01 -3.510786038172197809e-01 -3.233763990526891119e-01 -2.118292248690381019e-01 3.021863013278882626e-01 1.905893633975324353e-01
-5.852333032218241804e-02 -2.764002284106238938e-01 4.529809301104514851e-01 2.781370256506911498e-01 -3.107509200059896740e-02 -5.411849674005559940e-01 -1.340596948454305382e-01 1.322450048806572409e-01 2.455999714157107716e-01 1.935928938173829272e-01
1.629949730021865995e-01 -5.325157402359201875e-01 3.753823953287680482e-01 2.348416291265863487e-01 1.721551390046328622e-01 -2.271710191775037080e-01 -1.282686684301805602e-01 -1.293915983068135989e-01 3.974886365658280019e-01 -4.270997375942271052e-02
1.049625551946456806e-02 3.290176842348431774e-01 -4.014770675147367740e-01 -2.482388180332948391e-01 -3.067489491050678918e-01 4.432484210562664950e-01 3.376723653624547072e-01 2.398439073873123023e-02 -3.860826591228358473e-01 -2.226772725932096575e-01
-5.966174461290736641e-02 -2.318541190395194684e-01 1.292346092744031394e-01 -2.626003817657516018e-02 1.588357360126316231e-01 -6.747256180617492438e-01 -2.605942652811912841e-01 -2.178259371232803554e-01 3.908654567603486903e-03 2.517410124928962656e-01
-2.034664749848446585e-01 -5.151018350587744932e-01 3.512763095756731291e-01 2.302370587628749243e-01 -4.716983925657990129e-02 -3.661626948888088151e-01 -2.223133303166660579e-01 1.444851217870643800e-01 3.199355237131843444e-01 1.483758815848157386e-01
-1.934114018120121903e-01 -2.468599144050463989e-01 2.785210952133237994e-01 5.574854975012879382e-02 2.530409417877984568e-01 -5.428216155026158729e-01 -2.903566570160721616e-01 -1.463366130260986275e-01 3.528187291314840990e-01 1.465798527748917723e-01
-2.019606962951878970e-01 -2.895277510252231012e-01 3.376769428762123604e-01 5.915026758204969259e-02 3.338487164305523613e-01 -4.439537293165233822e-01 -1.015467879034029908e-01 -1.594650263589777461e-01 4.563628383349837558e-01 1.550567656033692565e-01
-3.717714127618943487e-01 -2.343484565490382421e-01 1.943485762795853500e-01 1.725480808318626824e-01 4.843750006265000185e-01 -1.674980597436489527e-01 -5.567016997119611510e-02 -2.055573951449397307e-01 4.454103746801309494e-01 2.904727570930936142e-01
3.643339323012040332e-01 2.500035767151396748e-01 1.792790822368868775e-01 4.670929857442920330e-01 2.809351656431144928e-01 -8.891865729686102005e-02 -3.328488817059874205e-01 6.705168332146013710e-02 2.490972832350312749e-01 3.043228743817027460e-01
-6.664207517642000561e-03 -3.837268041562635346e-01 3.740284196034367459e-01 1.144480947697844447e-01 2.825953915587667287e-01 -3.703759793526564259e-01 -3.322300951787505174e-01 -1.283340554546575363e-01 2.257825223575834206e-01 2.649409526080788724e-01
2.495436517670756790e-02 5.402072343784900671e-02 -1.187416625316091018e-01 -7.749323454171018477e-02 7.935348822454389717e-02 -1.928647597168993699e-01 -6.137866248506348432e-01 3.239664630566620462e-01 3.527094677911967735e-01 3.973854431631271833e-01
-1.267814726302308459e-01 -2.944203433779502554e-01 4.008087061681392949e-01 3.693273608463400470e-01 3.527486352135295565e-03 -3.944718751449295402e-01 -1.571190877181132817e-01 1.350722980172676946e-01 3.467589209535545947e-01 2.939220943161161004e-01
-9.581160287639381434e-02 -4.700396571742251894e-01 2.808221270309327333e-01 6.884900321362852349e-02 2.201687146831279585e-01 -4.356775448774470316e-01 -1.703918777359794134e-01 3.507625334842913445e-02 4.211746639891419952e-01 7.895794428930083542e-02
-2.321883394983520824e-02 -1.977988310920009429e-01 4.111971072448488140e-01 2.114155162163758317e-01 1.480543096694301730e-01 -4.512540586433846368e-01 -2.260502348032147335e-01 -1.206928726313410555e-01 4.180087002331616119e-01 1.434426050827637134e-01
1.297437019246178713e-01 -1.748369341664225141e-01 3.744113338963714899e-01 2.380835196592991365e-01 8.972211793907608479e-02 -4.712365768013682676e-01 -2.031140302833633615e-01 1.243307058689212402e-01 4.709211954036776060e-01 1.920483483097251975e-01
3.659003255627214790e-02 -3.553775485946217283e-01 4.012770274769419943e-01 3.070018348908457040e-01 2.562378000279140200e-01 -4.633782617073377574e-01 -2.254545869688792670e-01 -1.228446907874883864e-01 8.497172927317697688e-02 1.391832007213642253e-01
-1.107260292778607519e-01 -2.837441172660742916e-01 1.699947641665086051e-01 1.526346355176549652e-01 3.639984998194248367e-01 -4.861272945636907483e-01 -1.835052128124184112e-01 -2.775018036763021168e-01 4.285416667476352193e-01 4.384636399306480331e-02
-1.371437665561571484e-01 -3.267543592206927916e-01 3.297251012584853647e-01 9.793190292363020133e-02 1.572175760428851932e-01 -4.745700763324993132e-01 -1.267331049751511673e-01 -2.467828923945342978e-01 4.172216905543714716e-01 1.671374687671698389e-01
3.622573225765529092e-01 -5.376568290869088163e-02 2.747534568863898019e-01 1.676530437120407890e-01 1.688561940403423278e-01 -5.568081775596973593e-01 -2.411387055308275851e-01 1.312235216069183030e-01 2.552893561080946117e-01 2.461594373818619674e-01
-1.561002243435235803e-01 -6.980369145707374101e-02 3.448352658601150367e-01 3.889600590946938330e-01 8.152780237177145728e-02 -5.618549824528983327e-01 -5.361270761300237359e-02 -7.562003743618399276e-02 3.147275971599152178e-01 3.618871227641501376e-02
-1.781700036430177159e-01 -2.438242632161518875e-01 3.438274125423931848e-01 8.807122204987251346e-02 3.133641766922494742e-01 -4.255362138027848351e-01 -2.675826173849928935e-01 -1.880440503996396173e-01 4.282432955037537292e-01 7.430954845003716336e-02
2.921420664844970871e-01 -2.457590484484691862e-01 -1.132627449525333008e-01 9.965558600863254346e-02 3.583836662109115001e-01 -2.950037777165583908e-01 -1.955692397078121481e-01 -9.160255588103728697e-02 2.575976910292075428e-01 4.881666385992606827e-01
-3.676841340843046979e-02 -2.676999243849217391e-01 3.843632956544733026e-01 -1.324751586818848949e-02 2.046714231558751373e-01 -5.207132756336079193e-01 -1.907449626882776750e-01 -1.706550920337319421e-01 3.730472085441660091e-01 2.347304241429244986e-01
1.970307125179158458e-01 -3.473128718552119243e-01 -8.110345407502936310e-02 9.769056347257951134e-02 1.985455234396218405e-01 4.257159192500729883e-02 -5.778287675974753679e-01 2.819717343913542562e-01 3.970854312687832621e-01 2.678386467650201719e-01
-2.350076278330049950e-01 -3.193808724800885623e-01 4.631401587379736506e-01 7.612478570942522726e-02 3.886976096536093328e-01 -3.580836151472963080e-01 -2.170913934321108685e-01 -8.976951018461631904e-02 3.623558784257199794e-01 -7.748684742823845617e-02
-1.124238315201707694e-01 -2.466028477345397762e-01 5.073271844328660629e-01 1.331667526762782827e-01 3.793455316731668137e-01 -4.370578484723312562e-01 4.208423768499262863e-02 6.982119845669257363e-02 2.802406676840706323e-01 4.586727466435875505e-02
-9.291534500927892126e-02 -3.731306413267128086e-01 3.776693998504419558e-01 3.070415384162391570e-01 2.580455129390247793e-01 -3.384599687333132434e-01 -2.780136167927499957e-01 -1.991412105675763877e-01 1.602879774140452407e-01 2.649659305174916213e-01
-1.692541024679329251e-02 -3.947835230204768675e-01 3.463410355862937551e-01 1.233579560738442965e-01 1.265926896500259580e-01 -4.731198824692213756e-01 -2.472844500269760215e-01 -1.464307156943678578e-01 3.414461875084818243e-01 -3.483582981749833857e-02
