2.996497594450188776e-02 -4.661190057498707136e-03 1.985329586367173653e-03 -2.016409871301927115e-01 -8.191410185560961121e-01 -5.654878069939404950e-02
2.993203693626331208e-01 -2.673207609031174811e-02 -1.635717957293641167e-01 6.309977225279604918e-01 4.888083843064250922e-01 2.136233637506154970e-01
-2.101034855114207456e-01 3.583040931609706714e-01 8.424536325370548043e-03 -5.896126773325967019e-01 -5.576613675261357095e-01 -3.032324498939315549e-01
6.540629217921307970e-02 -4.215884461882676293e-01 -1.475573466189157579e-01 7.313597502369948433e-01 3.709370235001768212e-01 1.161226026750006302e-02
2.504174036473975073e-01 -5.650261327042787052e-01 -2.145091932474578744e-01 6.307475016993790984e-01 9.763914792492546513e-02 -5.065270880921312474e-02
3.953928960580695429e-01 1.327167712973119085e-01 -1.246206548940808068e-01 5.182499290151428850e-01 6.027884206331451944e-01 2.569744599663225659e-01
1.306269323885602962e-01 -3.157913042012056026e-01 -1.799037377730862419e-01 6.855933275861362253e-01 5.534128207119055620e-01 -1.094864963281665937e-01
2.596700713278526362e-01 -4.318559265975431827e-01 6.179344291778809950e-02 6.973980782768978148e-01 4.060501028050592098e-01 1.267326030141139592e-01
8.788766171482603751e-02 -3.304099023645176714e-01 -2.077529453787036184e-01 6.850860422133329131e-01 5.192822675944127608e-01 2.917118448889399057e-02
1.817973015779599522e-01 -3.813414197048989873e-01 -1.628799222202980679e-01 6.421788201026413789e-01 4.907139705926693574e-01 -5.275456876613605905e-02
3.994346867719427707e-01 -4.060133023573170852e-01 -6.330603456249350725e-02 6.042529528172195796e-01 4.669871836842273694e-01 7.725080914594009522e-03
-1.153167419030228236e-01 -2.144634319271288697e-02 2.297528112012469856e-02 4.855880083144759052e-01 7.684773277489586052e-01 -2.855325047335513511e-01
-1.636988472624572588e-01 -5.042210281137383676e-01 3.477823031827897982e-02 3.319338485917817105e-01 6.976661124127832014e-01 2.690993019983760615e-01
-1.507161552784758440e-01 3.599390991779315430e-01 8.667258457734336452e-02 -6.057625707431066875e-01 -6.616175559717344390e-01 -7.324811270024866872e-02
3.610284832362730123e-01 1.430827487524529221e-02 9.030188751613359849e-03 4.933687884752122610e-01 7.213626257098997296e-01 -3.439795461793252601e-02
-2.034106666930705562e-02 -4.371259016321112356e-01 -1.871615163907791035e-01 7.994874076593114776e-01 1.712308409294240330e-01 1.119469110687823232e-01
3.686657834690021396e-01 -4.860476071983078072e-01 -1.742115522256181036e-03 7.227512995216387459e-01 3.670109933898652033e-02 -4.028776183734366668e-03
4.684734245656163032e-01 3.071066052347069114e-02 -3.893854664878403926e-01 5.397402940812888739e-01 5.213785613538014507e-01 -4.140696927524214338e-02
-1.665675664558124436e-01 4.039942241519788313e-01 1.055506051801535089e-01 -6.401548483260303124e-01 -6.093514477405637120e-01 -4.646869930286222361e-02
-2.291145363581548189e-01 -3.904936444735207512e-01 1.397877532716285398e-01 2.144794906373690691e-01 7.680542666521338324e-01 3.463244679215664590e-01
1.366623145159892583e-01 -5.308818475691673422e-01 -3.497342552101362356e-01 6.076143904687177910e-01 3.081542624882643300e-01 -1.283837723805537068e-01
2.526640317281724779e-01 -4.006207547441317240e-01 -1.752976016532644399e-01 6.321377678242278142e-01 4.931972896099295345e-01 3.907587498757485872e-02
1.786336624500552417e-01 -3.109862981755627254e-01 -8.235881906391816221e-02 8.383164497060363596e-01 2.395889314097522371e-01 7.282707832058428477e-02
1.898458385303130602e-01 -4.652821270796071440e-01 -4.382667298394435362e-01 5.649080760359345144e-01 3.426022484329211415e-01 1.052214949143328582e-01
-2.057321987105142636e-01 4.494129827023071733e-01 6.457335147950796217e-02 -6.572536432280435825e-01 -5.145951416593983474e-01 -1.728951113124553851e-01
4.353277226141648026e-01 -4.117087366856029829e-01 -2.034482536628159088e-01 4.725431553350125657e-01 3.759676256429649310e-01 -3.151406667628562919e-01
4.591066100163584268e-02 -3.529404859026239460e-01 -1.989303105802356642e-01 7.802773296362010003e-01 3.040420842788245648e-01 2.226846928107708290e-01
1.680688852518558429e-01 -4.601879572548162045e-01 -7.737293634538715270e-02 5.848654964418700253e-01 5.326179720807486806e-01 -1.486363516330653500e-01
1.676636284557144752e-01 -5.356487517292676248e-01 -2.354977993138070852e-02 5.752565539888269130e-01 5.234220126504467441e-01 -8.833243000963244412e-03
2.647844956717330112e-01 -5.377620836548505645e-01 1.558694220763301719e-01 3.879898864407711478e-01 6.388107938660864127e-01 -2.490054608664706709e-02
5.868527188976586650e-01 2.121281512153191107e-01 2.110068130799706843e-01 5.182071574403980252e-01 4.424898619954611423e-01 7.919635561114357625e-02
3.412542758103491169e-01 -3.875360297685424005e-01 -1.789937240815278330e-01 5.834280112392185025e-01 4.994937496316695369e-01 4.596197002998662906e-02
7.248825408587046548e-02 3.688242667126940821e-01 -2.076003148162552381e-01 4.838205598769895754e-01 6.606415257991987700e-01 2.539452443305472706e-01
1.802684655253740109e-01 -2.836711783811550758e-01 -4.738690147201187614e-02 8.114502481550218693e-01 3.197409426463393989e-01 1.929546918312582127e-01
8.005000820222071822e-02 -5.193398347633350065e-01 -1.845823432256698537e-01 6.004394287180244705e-01 4.332590201629800131e-01 1.355573260833644600e-01
1.905622451657410787e-01 -3.627577301111063468e-01 -7.654022944075264401e-02 7.083130998722675375e-01 4.412248410244582475e-01 -2.476843944143141546e-02
2.399446258447469338e-01 -1.797948777901065831e-01 -2.942539482375043647e-02 7.999680363778499670e-01 4.078667665741123050e-01 -6.524680940035824939e-03
3.854893008131016208e-01 -4.361180413211092066e-01 -1.812899674749199608e-01 6.413185367011982052e-01 3.035389184090837023e-01 7.177349839429510159e-02
1.769905288685818256e-01 -5.718210860573033072e-01 -1.645354650278813280e-01 4.745903340209478571e-01 5.426361309510360220e-01 -7.106541062517610086e-02
1.790628066473499702e-01 -5.175315679265017899e-01 -9.133150878310827836e-02 6.325086228749371431e-01 4.352535160324323416e-01 -4.874635650568111267e-02
4.767000905046669401e-01 -6.049806328412028061e-02 -6.612602727576248618e-02 7.311092908055409900e-01 3.447389617026384578e-01 -6.329245341673728209e-02
1.491847042829247405e-01 -4.110835421405605872e-01 1.084408868729191261e-01 7.589841319304116984e-01 2.396601834719395974e-01 -1.289523241693191768e-01
1.401810237001704929e-01 -4.627581820064479157e-01 -1.016190923473535290e-01 5.805636624652049660e-01 5.663469030276642169e-01 -3.554276989677923604e-02
6.468072049905041476e-01 -2.162665528815506943e-01 -1.338530642357106948e-01 2.721308740863780939e-01 5.193158399221112775e-01 1.856291091926641768e-01
2.650186907908047007e-01 -4.421342100606108216e-01 -7.983296824831370708e-02 6.394252375121292076e-01 4.691341285208672218e-01 -9.841496837231106243e-02
2.927897934570678484e-01 9.042199868828000586e-02 -3.225914416471700741e-01 3.315440576345511925e-01 7.209309036698412498e-01 3.385976338670332875e-01
9.050119130737360306e-04 -4.829885044617906464e-01 -4.005635174921501340e-02 6.026000776670616954e-01 5.807442475967165008e-01 3.709187763865908621e-02
1.228563379079891660e-01 -5.297759377856584573e-01 1.204758373002994404e-01 6.157157608151236916e-01 4.077673466395350110e-01 1.700912408751171501e-01
3.347447635840676283e-01 -4.360443994897272857e-01 -1.819730161030042315e-01 6.057828678912995368e-01 4.260334200048678799e-01 1.498585590143163282e-01
1.343786771678009417e-01 -4.698844549666757464e-01 -2.437099564329411605e-01 6.442467968617560103e-01 3.763199870021666782e-01 -5.123768483770733961e-02
