-7.257410719327871129e-02 5.633974000549678562e-01 8.340845601352212327e-03 2.228033255350331809e-01 -2.801009885746099173e-02 2.945331794738086373e-01 4.508977505621281773e-02 3.171580405542643311e-01 2.924550988286058195e-01
2.281614192160895671e-01 -1.184132619488502125e-01 -1.090090368147098449e-01 -3.766226065966605252e-01 -2.485235637980886814e-01 -1.676636394948475550e-01 -5.241707196545435793e-02 -3.581233097887625422e-02 -6.266537706027884846e-01
-3.552225181367630880e-01 3.130536501098735713e-01 3.720705203957457713e-02 3.071514554202013358e-01 2.841296597910626387e-01 6.406873265814189145e-02 8.977415169794868144e-03 1.838234443080919434e-01 6.591408070217660287e-01
4.234161542802588052e-01 1.934919537639731221e-02 -1.508118221280736748e-02 -3.586092427151511552e-01 -1.457768518160193205e-01 1.170956485598729918e-01 -1.029470153589483530e-02 -4.597659106209053825e-01 -4.913077998816149372e-01
5.531561735764467524e-01 1.163173181192242167e-01 -4.315977553382087384e-02 -1.813467738889093239e-01 -2.585213908541219574e-01 3.979035901202419012e-01 -3.001990040178674490e-02 -2.459632882585621461e-01 -3.190844137619432974e-01
1.325260066543753334e-01 -2.981095785977593837e-01 -1.947860852428802692e-01 -3.073257241431737175e-01 -2.198217893555687585e-01 -3.462558154899911811e-01 -5.677691937468949679e-02 7.534851224642423462e-02 -6.290374888648510021e-01
4.535052734458657753e-01 -1.467768089248190355e-01 1.580435115397741189e-02 -3.073276464767213390e-01 6.742716205215235070e-02 1.182958234139341869e-01 -1.947360873270166659e-01 -4.033476933843579415e-01 -5.734301431323399756e-01
5.984895791621486216e-01 -1.055338026482399161e-01 -2.182433368787609074e-01 -2.692724701836534673e-01 -1.039250801187050627e-01 1.455432534887666877e-02 1.601548135211546542e-01 -2.851390477505122978e-01 -5.087661892044248457e-01
4.514953405524456120e-01 -3.974998979468911259e-02 -1.200912930240649046e-01 -4.043607991510112520e-01 -2.456963285329580651e-02 8.582451945793481696e-02 -2.250305534691109111e-01 -4.045179343062331734e-01 -4.407120656329430730e-01
4.665595358943823157e-01 -1.458687382541524746e-01 9.286841910471660411e-03 -3.040980883194927542e-01 -1.181447188622780642e-01 6.825832527617597956e-02 -1.439325593718735752e-01 -3.500645789199632874e-01 -5.267540771096587138e-01
5.170259778587181776e-01 -2.556805382000919558e-01 1.989348974358165142e-02 -2.688500728890602653e-01 -1.915752034737814302e-01 1.436923305660486871e-01 8.913151506986101424e-02 -2.018981002564171068e-01 -5.789687266755840778e-01
3.340166878864928024e-01 -1.597698808563437489e-01 5.023034013933566980e-03 -9.130515015367292320e-02 7.286998897018127919e-02 -5.629315804788530553e-01 -2.202544667151262736e-01 -3.921829903384202454e-01 -4.472967996722409523e-01
2.212300729400830945e-01 -4.894618688560671282e-01 7.669785134892727341e-02 -1.167076453226173899e-01 -1.094097551255045764e-01 -6.413510257872115372e-02 2.302134335792872799e-01 -6.452560568274073871e-01 -3.421715233939093270e-01
-4.442363625521892345e-01 3.864677168929134266e-01 2.919231541079625458e-02 3.615248976344193066e-01 1.447021278373485653e-01 2.749964428748772477e-02 6.964983158745543732e-03 4.077209224235904261e-01 5.258486717899887308e-01
2.083394804811764256e-01 -3.553873578120341215e-01 -2.353648991718791106e-01 -6.812676734983473537e-02 -3.178878697754887184e-01 -1.572800783056787499e-01 -3.064148570831585761e-01 -1.654118907499917135e-01 -5.859931146500180210e-01
3.512624981143423475e-01 2.240013589053144183e-01 -5.705270129969455470e-03 -4.416997945982687468e-01 -1.768418970909700072e-01 2.303378529470346270e-01 1.519902513864167526e-01 -4.469804860566135574e-01 -3.952612663444325936e-01
6.054984427739203978e-01 1.753730666227789337e-01 -2.477777878981755888e-01 -4.654883466902604711e-02 -1.728488637493305613e-01 2.990167793777744887e-01 6.630802588177323043e-02 -1.663784932563806829e-01 -4.640362190556546751e-01
1.499095293117072014e-01 -4.441364833141337454e-01 -2.962232778004421641e-01 -3.409775001707902597e-01 -4.740561614256541545e-02 8.716261440386886827e-02 -6.595122442747600004e-03 5.749250674193220889e-02 -6.657050445250606296e-01
-5.084179440274102513e-01 3.170915617460319247e-01 2.703915435399125919e-02 3.706075959873187387e-01 1.552546009946235150e-01 -4.789984944310736459e-02 -1.290374606734710598e-02 4.220853852868333700e-01 5.166474555969099436e-01
5.042701624732136290e-02 -5.969757897208058939e-01 2.767919546047932500e-02 -4.805310233472499110e-02 7.268599886234883289e-02 -9.896916345076232913e-02 2.663227565488066606e-01 -5.998736802784551125e-01 -3.883400713841473895e-01
4.797625494318730199e-01 -5.879272945568376346e-02 5.666545367544060380e-02 -1.811338652431002394e-01 -4.110159252765999138e-01 2.503952738725293559e-01 -1.335652532815183591e-01 -3.904774459419061428e-01 -4.129132060916258506e-01
5.270445180962997078e-01 -1.916104533089104112e-01 -6.111336692749994720e-02 -3.816736546135825470e-01 -1.017272792199730991e-01 1.311995242631468495e-01 -1.076783881611574206e-01 -2.532226818861336715e-01 -5.012179401875255236e-01
4.186300506796011289e-01 1.721842993412073530e-01 -1.128784400588776354e-01 -3.293897629465885046e-01 -1.247495978058341393e-01 9.900666080329700858e-02 1.309442933204895965e-01 -2.809607766253026662e-01 -6.166373463177957648e-01
4.672808533467864844e-01 -9.635099529670614060e-02 -2.154676121133084765e-01 -3.194001713597141578e-01 -4.566611383841166494e-01 1.492854814910030137e-01 -9.240617094478649485e-02 -3.202666597307321505e-01 -3.384520320932954407e-01
-4.919041507814586600e-01 2.269655265559326618e-01 3.994147258722303279e-02 3.447113144622465652e-01 2.641877930885262460e-01 -7.158638583337874339e-02 -2.032372670622559566e-02 2.794688281226146986e-01 6.186848568878163812e-01
5.872449826510337534e-01 -3.877247807645949063e-02 3.499081927426569427e-01 -2.838529633421282283e-01 -1.325586022865338498e-01 1.182717879695416863e-01 -8.498223340201631337e-02 4.060000721023283420e-04 -4.333334636402563222e-01
3.312194592766403711e-01 9.330068710722555503e-02 -4.874610385965065518e-02 -5.530047974751137740e-01 -2.456099102338406004e-01 5.373808639926816455e-02 1.303947167992711986e-01 -3.643295093779207461e-01 -4.591452309774091134e-01
5.820260349821110291e-01 -1.583518979521376935e-01 8.974449070018453156e-02 -3.298858146372281586e-01 -1.783007262235196955e-01 -5.972363856260140547e-02 -1.130613251855736301e-01 -3.404902863234948174e-01 -4.290944284630312522e-01
6.277403413717398406e-01 -2.140412268714423083e-01 1.804535021044275170e-02 -2.799204720442791672e-01 -9.620596994962946069e-02 -1.265183164195869334e-02 2.790922815705719137e-02 -4.260198856273759160e-01 -3.820689962088945624e-01
6.733069315526025722e-01 -3.753252997863850693e-01 -1.063660059417710774e-01 -3.728305660891301221e-01 1.382200166168730433e-02 -1.771387854147516983e-01 5.233921295417987007e-02 -2.847186950797013782e-01 -1.571907239941715273e-01
2.514249694812253910e-01 -1.638983358499507825e-01 -4.179039296583949015e-01 3.324139690797622837e-02 -6.497608022764517210e-02 -1.779994079809213148e-01 -2.486745568948902640e-01 2.154872406916696348e-01 -6.578626892519751079e-01
5.103970419758294685e-01 -2.415231799327303697e-01 -1.430188746853132756e-02 -3.964480035290181004e-01 -1.942644164790421346e-01 1.098368955161938137e-01 -3.316022472546050620e-02 -1.703105616942340028e-01 -5.094291535926982473e-01
-1.253629857932825609e-01 -2.646332823275597823e-01 2.132518217502063496e-01 -3.170766885015694481e-01 -1.455762404061047288e-01 -3.664540776660195065e-01 -1.786800493375910459e-01 4.080103162498089492e-02 -6.650038893784705474e-01
4.443969382570466808e-01 1.206012228324380431e-01 -1.773810056519608824e-01 -4.347842843396160228e-01 -1.571205008188388264e-01 -4.829904729153354503e-02 1.323970608670960447e-01 -2.380906743895075117e-01 -5.583211404507035791e-01
4.399872125162765379e-01 -1.365471826067948258e-01 4.294520031720238523e-02 -3.489218716972046219e-01 -3.044390078228075835e-01 2.649617857235003412e-02 7.865211164617638695e-02 -4.341683127921778240e-01 -4.249790844524747868e-01
5.308251265789070139e-01 -5.238109972805596315e-02 -8.602665495795802642e-02 -2.575822117837536229e-01 -1.152197628941264845e-01 3.643432323195901906e-02 -9.059570542417053063e-02 -3.260108626954335564e-01 -5.491735063351377288e-01
3.884768447834090477e-01 3.672271393027469900e-03 -1.548925402544633623e-01 -2.082535134827863954e-01 -2.228794546348880912e-01 -4.355881942175237470e-02 -1.401189120493279844e-02 -2.900385010346962500e-01 -6.940626900844115710e-01
5.249090652878263263e-01 -1.214403275178067149e-01 -1.260817755280871366e-01 -3.048786956611969634e-01 -1.677167989943272319e-01 3.097837090179140218e-01 1.461895286117478009e-02 -1.237387418577957782e-01 -5.037096951000263889e-01
6.686232889723784378e-01 -2.548310138335291852e-01 4.497793716470954717e-02 -1.515209281066912661e-01 -1.649106606837995592e-01 6.299219283300144800e-02 -1.587868411628986787e-01 -3.651330375983419807e-01 -3.376917316297323723e-01
6.263453057584761341e-01 -7.871757280831324921e-02 6.133455682746344340e-02 -3.027686054351111933e-01 -8.992736664585364303e-02 8.728991729333787641e-02 -3.737992942413247838e-02 -3.757296433861973539e-01 -4.081904888139354926e-01
3.200484566116500451e-01 -7.401852951388687707e-02 -7.080479013832152724e-02 -2.527677149788292582e-02 -2.406255677488609024e-01 3.862854151153201354e-02 -1.777292450976250202e-02 -6.070111073858293349e-02 -8.040097193711008838e-01
6.339649267340624617e-01 1.884888795938127748e-01 -1.469590661262771547e-01 -1.462716498154384703e-01 -1.488284347888677861e-01 -5.398976676502270644e-02 -9.002294109845260586e-03 -3.076944933922819980e-01 -4.188877262104211407e-01
5.621874002686850780e-01 -2.329562472426374153e-01 -1.409180191463077665e-02 -2.982519103804611715e-01 -1.198240791151111428e-01 -2.407574856356595335e-04 -1.230993954485724157e-01 -4.172124362101038431e-01 -4.120110533038261469e-01
4.702590783857462098e-01 -3.467886384221279261e-01 8.436701209690386505e-02 -7.442610570971520956e-02 -3.447169650427296395e-01 -1.559025837267375147e-01 4.703334516756413342e-02 2.082182648622606380e-01 -4.915891223529224585e-01
5.622007289980295308e-01 -1.489298543459618707e-01 1.142770298337294210e-01 -2.767700629683229052e-01 -8.299457595705629631e-02 5.967366157458153103e-02 -7.444001782726662568e-03 -3.199473301312820150e-01 -5.468362280707637080e-01
-4.279435674487712914e-03 -3.491633005931782940e-01 -2.755241304790359211e-02 -3.935556493628040720e-01 -5.257608019804941302e-01 -3.358367605650979804e-01 -1.066167379232390300e-01 1.802978761740462940e-02 -4.594301619816148485e-01
4.748158347845076732e-01 -3.006434244516943965e-01 -1.285884176421711322e-01 -2.963087289229404675e-01 -1.323528196273510427e-01 9.249441150503485976e-02 -3.093186229790960765e-02 -5.459689559236998724e-01 -3.722483667486264913e-01
5.032305175961938604e-01 -1.880717050727550022e-01 -1.934339443719776952e-01 -1.583757830164624347e-01 -1.040139303763101264e-01 1.040555770398353119e-01 2.286836803797088757e-01 -4.465151657261617335e-01 -4.364329712274161444e-01
5.872489822025217521e-01 -1.643528526117220001e-01 -1.249470105032022132e-01 -4.423048704305440615e-01 -1.221974537869848776e-01 1.646309378600939177e-01 -2.695093139116596509e-02 -1.073722016390552536e-01 -4.286697516124632901e-01
4.687985180001909558e-01 -6.780911268536508885e-02 1.588744522655202371e-02 -2.888932722486335924e-01 -2.591891095216418139e-01 1.841210315751808935e-01 -1.123127434105552769e-01 -3.982898919017434647e-01 -4.423832503209437217e-01
