6.463680355532031019e-01 6.736023531261751962e-02 4.533645731620083996e-01 -1.520383131523319054e-01 -1.874278609167928100e-01 -7.673360660133836386e-02 6.044475471752492474e-02
-6.762572950115642856e-01 2.014613791723178227e-01 -2.917616219407680456e-01 -4.320880262419393714e-01 -1.240501002974850374e-03 -5.431435890482119722e-02 5.184797996526178260e-02
6.402197587703861714e-01 -1.262563553973752861e-01 5.267724558875854779e-01 4.417641444430539521e-01 3.945359856795523784e-02 8.540509847747505823e-02 3.690827139287605752e-02
-4.439418232884728144e-01 -6.290607185683962099e-02 -5.082658004807075747e-01 -5.542180746969047611e-01 -1.818318119426556856e-01 -1.462658579431205252e-01 -1.874975352353597802e-01
-2.047564146394987017e-01 7.702864112445624578e-02 -3.636622185531612761e-01 -5.559287921177102909e-01 -2.644767148302288318e-01 -3.565022102759116129e-01 -3.483462863197271941e-01
-8.015838092296848627e-01 2.466885024285498385e-01 -2.248156640325348343e-01 -2.775871946104253030e-01 1.445640367481554889e-01 -1.773611460486139088e-02 1.283168432690896532e-01
-6.196997735017143460e-01 -1.609360482729033648e-01 -3.675951353059844773e-01 -5.092334716028803498e-01 -8.508493275235878839e-02 -2.761498528790316542e-01 -1.806082492415646279e-01
-4.103861130053826356e-01 8.447494619644424496e-02 -6.003962631480680434e-01 -5.231810421807558953e-01 1.006503677336971492e-01 -2.257416247584901892e-01 -1.906302110623965818e-01
-5.034692245269342115e-01 -1.491160433178317646e-01 -4.417770981699770116e-01 -5.245523576484928396e-01 -1.463502828579290871e-01 -3.007532884736190959e-01 -7.645692739339338129e-02
-5.781968894744607956e-01 -5.123484717557139079e-02 -4.307875974850862155e-01 -4.567938601677512533e-01 -1.087926482665752953e-01 -2.251730367919855258e-01 -2.081323997609486331e-01
-5.549197149737250534e-01 1.788380457098027454e-01 -4.885412362802152297e-01 -4.067530194110055564e-01 -2.152514646006866914e-02 -2.550661481692338417e-01 -2.965281591449554499e-01
-7.143373339556812196e-01 -4.288449524383028399e-01 -3.005770556808971539e-01 -2.796061933751706752e-01 2.225045346509853805e-01 -4.188732241959289282e-02 3.715381565954039948e-03
-5.026526709377474589e-01 -1.488936570032583229e-01 -7.863785345170457575e-01 -1.359748302247375598e-02 -4.905840538189673583e-02 7.582155212068673877e-02 -2.007616783068826294e-01
6.476850447303795777e-01 -1.455565519834580400e-02 6.095601245254558265e-01 3.105537172802272372e-01 1.845155469604597412e-03 1.293705994190793573e-01 2.422557828392624679e-01
-7.876371654456705285e-01 1.214508327206104965e-01 -2.333305602570639736e-01 -2.569473124619964244e-01 2.088652438473279638e-01 7.748407395654526020e-02 -2.555990598009699188e-01
-2.502963052310943626e-01 -3.018198373861657492e-03 -5.381816587748528002e-01 -6.473174474509033605e-01 -3.098736668099721370e-01 -8.319978516296520910e-02 -1.138610628181424139e-01
-1.443397532097515090e-01 1.686851182379738301e-01 -3.525179707549600527e-01 -6.923664665392205153e-01 -1.079794879654926397e-02 -3.305013203669958655e-01 -3.331525699057277801e-01
-6.252613084824208967e-01 4.481937438900467918e-01 -4.311240781969694624e-01 -2.386177846770306810e-01 2.348092763515400583e-01 -1.781370504990920089e-01 -2.273224851080848236e-02
6.074647050472368193e-01 -5.235641190324736953e-03 6.053596995263005320e-01 3.684704881899561468e-01 3.890762898767156919e-02 1.575512035207548567e-01 2.889424911019337072e-01
-4.938432764368548833e-01 -1.662257212771988679e-01 -8.004281420105461287e-01 1.635048890808511735e-01 4.146738841377323875e-02 1.666802663625328584e-01 -7.624729835535916378e-02
-4.448233360299188033e-01 -6.852648472646999042e-03 -3.788274450236913671e-01 -4.560357518398366894e-01 -3.476313230197523585e-01 -2.183247223501908196e-01 -4.109040935962088303e-01
-5.576903253304364982e-01 3.138255917217708246e-02 -4.569510863816824142e-01 -4.541813922909073153e-01 -9.033425587903738674e-02 -3.307213466831424586e-01 -1.765593041799001506e-01
-3.630567809567600279e-01 1.027287659284404353e-01 -4.577970246043234770e-01 -7.021396351283017978e-01 -6.861482592363982169e-02 -9.146672898589743028e-02 -1.501881599962789082e-01
-4.498073047797501722e-01 2.266303375721955560e-01 -4.808674393337568631e-01 -3.937423694217178638e-01 -3.046727129005927237e-01 -1.292222789813249617e-01 -3.579177834465191999e-01
5.730382795299294729e-01 -7.130216720918733375e-02 5.706108487870986679e-01 4.942764607890945405e-01 8.833813397011806845e-02 1.480061831769891034e-01 1.893846366430105843e-01
-5.052250087772385267e-01 7.672379858157404864e-02 -2.383385405670968571e-01 -3.152436496712222591e-01 -2.708025288162677326e-05 -3.509191159686453343e-01 -5.525916119157064932e-01
-4.210077677526498641e-01 7.984964103690977977e-02 -5.526971723141084203e-01 -5.869319650845018499e-01 -2.506446017277150218e-01 -5.935508244955946949e-02 -2.146726696325742395e-02
-6.001918517751413384e-01 -8.515557071383243748e-02 -4.875274633807369917e-01 -3.530923829846945305e-01 -7.649111254104580537e-02 -2.148722189695457530e-01 -3.172756474412052330e-01
-4.936197527140366303e-01 -1.098355230612412525e-01 -5.968069533860080877e-01 -3.755075289569487773e-01 -8.888870074709830441e-03 -2.594921211014803442e-01 -2.875605526504020348e-01
-4.923526213987751143e-01 -1.503499838836871438e-01 -6.138039095120929600e-01 -2.165422674135009939e-01 1.770912815351366465e-01 -4.414037971585179077e-01 -1.188511191823024005e-01
-6.294644702157721206e-01 2.527770091915315098e-01 -1.405228933850464004e-02 -4.162151931949504835e-01 4.956842244502045469e-01 -9.505397390290945547e-02 -9.143512387686025117e-03
-5.868696390105612171e-01 1.335887847408301077e-01 -4.630900052570515735e-01 -3.940718111295844484e-01 -9.079859700116089949e-02 -3.082221371137706667e-01 -1.902745198757206102e-01
-8.622272114456631664e-01 1.828848892565045417e-02 -5.363759296630794815e-02 -2.138210943283585241e-01 -5.893337034539399000e-02 9.114942716622002894e-02 3.202097624618322480e-01
-4.199408630685897981e-01 1.053288679746387374e-01 -5.093614086678710517e-01 -6.585422193555825476e-01 -1.919308251267632173e-02 -1.101768187588908071e-01 -1.403595146597014579e-02
-5.093812811634693682e-01 5.014330426280485739e-03 -5.665740712040653326e-01 -4.175633183474505294e-01 -1.682088272674487628e-01 -5.868142079420746171e-02 -2.733829369036303025e-01
-5.128659787340201781e-01 -3.601130956359369084e-02 -4.403881383292387319e-01 -5.457980085575370177e-01 -2.311585965247782773e-02 -2.174189110719892126e-01 -2.055193346010964761e-01
-5.553474628166092941e-01 8.881928123499480132e-02 -3.749591255373809773e-01 -6.146566009541962750e-01 3.440029286146709803e-02 -3.232743630072284352e-02 -2.084883087802496815e-01
-4.138410470831848098e-01 2.110117580696137529e-01 -4.210279725788245719e-01 -5.058886657068754067e-01 -1.017886181240353349e-01 -3.807663045479344754e-01 -2.197704780984433282e-01
-5.013191607186325838e-01 -1.504698699221942992e-01 -4.979671313828610835e-01 -2.964110775127829500e-01 -1.242197881653477748e-01 -3.880335867592071830e-01 -3.346429527808557070e-01
-4.642759297460195000e-01 -9.131658359823689730e-02 -5.047261448352833302e-01 -4.673413606685243304e-01 -7.355820422317950469e-02 -2.805952603178601956e-01 -3.121362443751756754e-01
-6.035565018212898369e-01 2.567126633073949504e-01 -1.325265847852216405e-01 -5.896090017130926064e-01 7.071095016710061965e-02 -1.118770391704881489e-01 -2.458267477747597407e-01
-2.767322955473224821e-01 -1.149543727865398740e-01 -4.203395754466981438e-01 -6.596885040096495123e-01 9.447366772654790246e-02 -1.749406900579282553e-01 -2.927417449617953360e-01
-5.623624915955317549e-01 -1.153826194104857622e-01 -5.403884391705273682e-01 -3.635946690781610702e-01 -8.866331274920943861e-02 -2.699130064493164838e-01 -2.225671511319869678e-01
-7.572606027212196445e-01 2.022078150361158178e-01 -3.618289347513977544e-02 -1.845860079539126952e-01 -6.820039439504809245e-03 -4.226344098062870258e-01 -1.133644715094574151e-01
-5.517885548069179080e-01 -8.510362009514250980e-03 -4.657275300728160872e-01 -4.517619442575427358e-01 -1.834856860003760207e-02 -2.386859330833552006e-01 -3.358705910068929268e-01
-8.762329959034598215e-01 2.924361410283787266e-01 -1.820646780661065722e-01 -1.235906670205983993e-01 -1.394781704498690711e-01 9.376757582598041485e-02 4.357098165964736619e-02
-4.993622582340132010e-01 -7.144554255100568629e-02 -6.823841394084664280e-01 -3.093347970968152727e-01 -1.600283020985746596e-01 -2.322507482137041723e-01 -1.667399497039727951e-01
-3.234994739714989742e-01 6.237639261738738006e-02 -7.167901043149738083e-01 -3.883930053349150535e-01 3.423684488928696590e-02 -1.517744473216217638e-01 -2.568267272729420347e-01
-4.867845796484837062e-01 1.402848840109939266e-01 -4.825714566895215607e-01 -4.429627454683675580e-01 -7.429775091258830622e-02 -4.168253169020720295e-01 -1.152927822407068814e-01
-4.752861314687698568e-01 -2.227681813936435024e-02 -4.414693390972838083e-01 -4.726197157754856160e-01 -2.477802126965534812e-01 -2.222561046436693777e-01 -2.831233718813653821e-01
