-4.788235527362293964e-01 -1.520387839640168215e-01 -5.601165871001332341e-01 2.934735513739132884e-01 -3.261027802288912203e-01
6.701605495212843433e-01 2.781953517102736528e-01 4.922963856199623067e-01 3.118889444763503493e-01 2.451953800102759859e-02
-7.438145633518895572e-01 -4.903030367827254099e-01 -3.823902742170945945e-01 -3.842561311147488223e-02 6.924806129757339612e-02
8.294161273777348464e-01 4.198386605998609689e-01 1.355366466460783403e-01 2.043126794530129020e-01 -3.615391616374916128e-02
8.439772357770121136e-01 2.725063915424233985e-01 -8.726524419615548644e-02 3.211940945397628866e-01 -6.972075157185429750e-02
6.050739697226574787e-01 2.072288710943994139e-01 6.185781331287902862e-01 3.449599021817651989e-01 1.484482580555604447e-01
8.442097163785352576e-01 3.749745307238915304e-01 2.691136330713740366e-01 1.860048717969297605e-01 9.005675096453155670e-02
8.670911848555912238e-01 2.783379427327719036e-01 2.601222875956860636e-01 1.900780587838668545e-01 -1.510603766698606354e-01
8.129345127734901588e-01 4.305957932277003075e-01 1.926141879695944525e-01 2.105217190471515010e-01 9.802637370812085360e-02
8.496129959836311585e-01 3.364920773835591850e-01 1.941138291148944983e-01 1.940255665378388117e-01 6.255331650400978993e-02
8.867331544695011836e-01 1.842261041752931428e-01 2.549386827984421733e-01 2.495838382657246668e-01 -1.812256076794819051e-02
7.305682698578580547e-01 2.463900235688966933e-01 3.921359730850909608e-01 -6.435488875803836196e-03 4.601032176501231863e-01
7.697466691445697951e-01 4.372825927284347269e-01 2.685637273999339492e-01 -3.321557733273666768e-01 5.995225593238468625e-02
-8.684318167521581922e-01 -3.376384101922558778e-01 -3.299946172497922325e-01 -1.299591955419256845e-02 -6.608133036220062428e-02
5.986763095013439839e-01 3.876330141252142258e-01 4.267267681407166946e-01 3.758232263349052804e-01 3.142988340621807875e-01
7.715774315780272730e-01 5.149365619949685113e-01 3.658956605700627862e-02 2.523547481553246041e-01 -1.495542874048799431e-01
8.162698344795261685e-01 2.240758778945071139e-01 -5.946834034016228003e-03 4.229704502092990759e-01 -2.101603381875777332e-01
7.407721418284544113e-01 1.200887309292827110e-01 4.202680326143140577e-01 4.012248070874845918e-01 2.619824063480535314e-01
-8.892265865889842358e-01 -3.404924787610930648e-01 -2.850486451771661600e-01 -4.318634376703830990e-02 -4.498772208254746968e-02
6.518742083648519925e-01 4.453326947438576155e-01 3.301506701316280767e-01 -4.963544068999863335e-01 9.777020456983008534e-02
8.712145906612203117e-01 3.531142812257214714e-01 -4.656159390987187063e-02 2.297599230457968156e-01 8.521092091352974740e-02
8.642275909460294114e-01 2.853760035558849939e-01 1.945267407056285591e-01 2.539413978983833808e-01 7.748867660572938965e-02
7.874617696191344995e-01 3.972573268030049065e-01 1.746020857889548361e-01 3.329143766906332291e-01 -1.540571744809674792e-01
7.877030710834402871e-01 4.075868001965279319e-01 2.684280278757848054e-02 3.570159096330994264e-01 1.486904717163883005e-01
-8.384784477250153412e-01 -4.449013030685424752e-01 -2.764852427306990768e-01 -7.637814218942007294e-02 4.084720917925338535e-02
9.077818320430057764e-01 2.835840597795337599e-03 4.632423201689239017e-02 2.621244173025269464e-01 1.394739775456018682e-01
7.521402935897756326e-01 5.353995997537703833e-01 1.699695962153930373e-01 2.303499699438740222e-01 -1.250821016650434103e-01
9.015398825710261299e-01 2.554625871390026060e-01 1.964709509036730861e-01 1.344124571883337504e-01 8.970858689076927073e-02
9.152522519966697079e-01 2.804951144244131611e-01 1.768623101218292082e-01 7.216600384058671769e-02 6.950300995779860012e-03
9.328986536439657362e-01 1.158753974881653326e-01 2.872866284595464448e-01 -4.536605073305682162e-02 3.869938431561819464e-02
4.705152448299420587e-01 1.554990388244942845e-01 4.661448406321628268e-01 6.615659845474556322e-01 2.049570153230309555e-01
8.691952443670818429e-01 2.152272438107579455e-01 2.303095782421437365e-01 2.707521376711013450e-01 7.019512254488474712e-02
4.879737418851183839e-01 1.269330689637365173e-01 8.190561005448740994e-01 1.459530599669172923e-01 7.623842808614919586e-02
7.725243969872356287e-01 4.110974141067185728e-01 2.644460337002266792e-01 2.824508144942095011e-01 -1.796784188601781851e-01
8.563689467682608081e-01 4.126421377183568384e-01 7.442323946278255054e-02 8.561080581540266021e-02 -2.586275795774860622e-02
8.404207129311179747e-01 3.425143519250974378e-01 2.142998930785785516e-01 2.278304599862211177e-01 -1.228357850985345445e-02
7.647374138590864456e-01 3.736053373611970541e-01 3.024368611728708856e-01 3.525528365579055357e-01 -3.884491147664822369e-02
8.625809963929342850e-01 2.101280593709369815e-01 1.251444231447727817e-01 3.509526499967099977e-01 -2.531469860040632541e-02
9.257521002436723823e-01 2.510192798194981756e-01 9.067541371562254371e-02 8.011905076081062005e-02 1.115750239920037523e-01
9.000855186654326268e-01 2.966116956845776809e-01 1.359423185970431991e-01 1.556332054350792471e-01 -4.498978037341670359e-05
7.132173731514666049e-01 2.209197856424851558e-01 3.432109562155208349e-01 5.094881160329718384e-01 -4.113734560471961343e-02
8.572671564670548694e-01 2.475651038767893997e-01 9.308937603991315757e-02 2.188927264001103157e-01 -2.430766441829592672e-01
8.884243777840052925e-01 3.175775933741192825e-01 1.848061018631887431e-01 1.016490405175866918e-01 8.033749399383395551e-02
7.588185197250629788e-01 -1.170753169464884696e-01 4.762767490305603313e-01 3.109546400150586254e-01 9.145108351248436252e-04
8.938182614471092968e-01 2.733791926002540618e-01 2.151962865080237486e-01 1.765119721615352189e-01 1.005290115802591954e-03
4.995066279091415207e-01 3.915073027224857394e-01 7.009739268072675555e-01 2.436590685473628004e-01 1.236301989519718592e-01
8.718385248599875847e-01 3.934950118828282051e-01 2.147482283441454198e-01 1.439092965830084461e-02 4.963560236722303759e-02
8.638702143156876678e-01 3.102885184362229043e-01 2.325682490695923921e-01 3.580318966793882840e-02 -1.765127321847678177e-01
8.676279650308973412e-01 2.222452638879683917e-01 1.583109435524375774e-01 3.332324848864241518e-01 7.199650145354023756e-02
8.542309840210521310e-01 3.599371868649657302e-01 6.660492762486909524e-02 2.144458411335392334e-01 4.507303475586257185e-02
