-5.608294288967038410e-01 -6.285574178701014425e-01 -1.631541938544809611e-01 1.750882972326494869e-01
9.139208741670353797e-01 1.078366624298525839e-01 -7.338172040176219046e-02 1.050919131154929853e-01
-8.262479829197220127e-01 -3.777305353730839310e-01 2.927281769571647985e-01 -1.949640048168207185e-01
7.761170129021833786e-01 2.147406365703981301e-01 -2.414112745288750361e-01 4.699296889379367959e-01
6.687306331516248425e-01 2.294422565385400778e-02 -1.511676469320059613e-01 6.580166705958320206e-01
9.565711026289519525e-01 9.742113529377717518e-02 7.239617848389175159e-02 -3.864630987375744509e-02
8.596108270449681621e-01 2.853705357841647694e-01 -1.132668804481443137e-01 3.707558978147300621e-01
8.608010838945989729e-01 1.012742665118963464e-01 -1.428568763320393897e-01 4.401874629626676971e-01
8.302023741231133735e-01 2.717172649802812034e-01 -1.944631870661404360e-01 3.797772510372349197e-01
8.098766926205748229e-01 2.550275786854294124e-01 -1.105847615932332717e-01 4.304078600185609060e-01
8.747782094729563696e-01 1.767433436493237864e-01 -5.439463296353721795e-04 3.942205940556537946e-01
8.334960863102512940e-01 5.168038417460558698e-01 -3.683105382622457735e-02 7.763636036397113249e-02
5.673686635594459293e-01 7.088365886939167471e-01 -2.157060462113363219e-01 3.178087634754894752e-01
-8.425421565733615115e-01 -4.418378249052690165e-01 7.209938465617589387e-02 -2.688641581475840203e-01
9.150965019228983754e-01 2.725642688677336056e-01 1.390277880737872673e-01 1.192533871367681825e-01
7.131605321726194324e-01 1.249072030197562466e-01 -3.998001496599554172e-01 5.138433169487137686e-01
7.384152367864575961e-01 -1.359475098291518802e-01 -1.665032343650769686e-01 5.902923095853134239e-01
9.434652395931889535e-01 5.280568803180760162e-02 1.826642743235257216e-01 2.132809928222089701e-01
-8.464473147217170812e-01 -4.096101746592976101e-01 7.845692576521985651e-02 -3.191195737394015852e-01
4.830777545078617785e-01 8.245947262336067451e-01 -2.067783829359578496e-01 1.833697619799381229e-01
6.938762151592714478e-01 1.893515177043593456e-01 -1.357721100423618377e-01 6.459520304681765079e-01
8.311035093339196322e-01 2.048598986831551283e-01 -5.529034240574665776e-02 4.527975823887045448e-01
8.261622266091234179e-01 5.432292643671467192e-02 -2.828908135451355110e-01 4.222315953887697537e-01
5.722716559654273949e-01 2.422101627055278927e-01 -2.243302374469889338e-01 6.963201509462026983e-01
-8.403565507955603753e-01 -3.559084624824014331e-01 2.179977685836718970e-01 -3.244524423053400941e-01
6.852508603238824936e-01 1.548667862714150079e-01 1.874697709516557342e-01 6.227466043454387146e-01
7.764134401996271029e-01 1.736807301356256550e-01 -3.953346993491638206e-01 4.004635208719213302e-01
7.904291012335727951e-01 3.174678759214059065e-01 -2.813863035678969282e-02 4.676988718275597590e-01
7.493374908594273576e-01 3.617303505914824524e-01 -1.008109798189873590e-01 5.033646455438259837e-01
7.251484192541178819e-01 4.933293229046538109e-01 1.035403901515710851e-01 4.368049618175882109e-01
9.151280742863159290e-01 -2.483393711109201096e-01 2.054245552426430255e-01 3.277235587967991526e-02
8.322737660150486549e-01 1.941327827874535228e-01 2.043803315489634009e-02 4.509533917411205350e-01
8.611200879281151188e-01 2.827003970164869151e-01 2.269543941888876037e-01 -2.762036375604722815e-01
8.540830947101304416e-01 9.098213362404816706e-02 -3.102143292651303175e-01 3.371395107212585285e-01
7.040948102061636016e-01 3.151991933140363966e-01 -2.391038302422414663e-01 5.190589337038581386e-01
8.205571366285939749e-01 1.960634340172089651e-01 -1.461233640759039276e-01 4.379842691384777664e-01
8.997341673851040333e-01 9.737877488764593026e-02 -1.678682817786430193e-01 3.101370675320864190e-01
8.082890856136590862e-01 5.581197744803248484e-02 -3.244245981286235370e-02 5.201993206603756636e-01
7.195325133209905522e-01 3.458972431945284698e-01 -1.662198346325478512e-02 5.591877968984192426e-01
7.678810977649018765e-01 2.809044650429187717e-01 -1.221179567560766177e-01 5.105937794689131559e-01
9.220845531349773916e-01 -8.304741524307282519e-02 -3.758735174941546520e-02 2.838656311310360225e-01
7.934331891259224223e-01 1.767110906471818649e-02 -1.983014901422803511e-01 5.136136218039677459e-01
7.872531279543567573e-01 3.436580021909812488e-01 -8.578254570097558485e-02 4.465938480673248279e-01
7.867864873928236413e-01 1.573785923816402588e-01 4.261785987118846819e-01 2.863289520901303176e-01
7.948872394447389356e-01 2.487202301722219733e-01 -7.150807789038662876e-02 5.049051891157324556e-01
9.342682587006119199e-01 1.901744159859283800e-01 -9.042049065580749778e-02 -2.210505663265957266e-01
7.644111685850329962e-01 4.273020023183412008e-01 -1.588060172401773718e-01 4.170057527315962353e-01
7.312937572637977501e-01 3.982740292589177500e-01 -3.112932478689366400e-01 3.715461998617484718e-01
8.157014068138490615e-01 1.319846357506816448e-01 1.625008268348136081e-02 5.113110600296988384e-01
7.403678826111339539e-01 2.035008386447149653e-01 -1.635031208950005754e-01 5.477360617851397828e-01
