8.051999807357788086e-01 7.879999876022338867e-01
7.378000020980834961e-01 7.236999869346618652e-01
6.567999720573425293e-01 6.589000225067138672e-01
5.925999879837036133e-01 5.885999798774719238e-01
5.454000234603881836e-01 5.314000248908996582e-01
4.869000017642974854e-01 4.905000030994415283e-01
4.490000009536743164e-01 4.492999911308288574e-01
4.000000059604644775e-01 4.065999984741210938e-01
3.722000122070312500e-01 3.756999969482421875e-01
3.355000019073486328e-01 3.014000058174133301e-01
3.003999888896942139e-01 3.246999979019165039e-01
2.921999990940093994e-01 2.865000069141387939e-01
2.727999985218048096e-01 2.552999854087829590e-01
2.533000111579895020e-01 2.504000067710876465e-01
2.340999990701675415e-01 2.504000067710876465e-01
2.275000065565109253e-01 2.192000001668930054e-01
2.160000056028366089e-01 2.119999974966049194e-01
2.163999974727630615e-01 2.017000019550323486e-01
2.029999941587448120e-01 1.864999979734420776e-01
2.144999951124191284e-01 1.973000019788742065e-01
1.900999993085861206e-01 1.991000026464462280e-01
1.856999993324279785e-01 1.772000044584274292e-01
2.140000015497207642e-01 1.781000047922134399e-01
1.823000013828277588e-01 1.898999959230422974e-01
1.819999963045120239e-01 1.733999997377395630e-01
2.037999927997589111e-01 1.831000000238418579e-01
1.878000050783157349e-01 1.833000034093856812e-01
2.071000039577484131e-01 1.545999944210052490e-01
1.868000030517578125e-01 1.561000049114227295e-01
1.931000053882598877e-01 1.544999927282333374e-01
1.970999985933303833e-01 1.606000065803527832e-01
2.047999948263168335e-01 1.480000019073486328e-01
2.006999999284744263e-01 1.665000021457672119e-01
2.004999965429306030e-01 1.567000001668930054e-01
2.335000038146972656e-01 1.687999963760375977e-01
1.923000067472457886e-01 1.686999946832656860e-01
2.037000060081481934e-01 1.463000029325485229e-01
2.114000022411346436e-01 1.620000004768371582e-01
2.257999926805496216e-01 1.509999930858612061e-01
2.348999977111816406e-01 1.464000046253204346e-01
2.293999940156936646e-01 1.453000009059906006e-01
2.369000017642974854e-01 1.556999981403350830e-01
2.425000071525573730e-01 1.333999931812286377e-01
2.240000069141387939e-01 1.439999938011169434e-01
2.478999942541122437e-01 1.287000030279159546e-01
2.506000101566314697e-01 1.360999941825866699e-01
2.693000137805938721e-01 1.287000030279159546e-01
2.716000080108642578e-01 1.225999966263771057e-01
2.858999967575073242e-01 1.213999986648559570e-01
2.876999974250793457e-01 1.017000004649162292e-01
2.892000079154968262e-01 1.041999980807304382e-01
2.915999889373779297e-01 9.539999812841415405e-02
3.210999965667724609e-01 9.709999710321426392e-02
3.364999890327453613e-01 7.769999653100967407e-02
3.388999998569488525e-01 8.060000091791152954e-02
3.828000128269195557e-01 6.660000234842300415e-02
3.880000114440917969e-01 7.150000333786010742e-02
4.092000126838684082e-01 6.040000170469284058e-02
4.341000020503997803e-01 5.900000035762786865e-02
4.670999944210052490e-01 5.909999832510948181e-02
4.887999892234802246e-01 5.469999834895133972e-02
5.178999900817871094e-01 3.920000046491622925e-02
5.429000258445739746e-01 4.569999873638153076e-02
5.541999936103820801e-01 3.510000184178352356e-02
5.774999856948852539e-01 4.659999907016754150e-02
6.189000010490417480e-01 5.590000003576278687e-02
6.582999825477600098e-01 9.999999776482582092e-03
6.780999898910522461e-01 1.640000008046627045e-02
6.737999916076660156e-01 1.209999993443489075e-02
7.265999913215637207e-01 1.610000059008598328e-02
7.365000247955322266e-01 2.669999934732913971e-02
7.675999999046325684e-01 1.080000028014183044e-02
7.802000045776367188e-01 1.889999955892562866e-02
7.918999791145324707e-01 2.229999937117099762e-02
7.964000105857849121e-01 0.000000000000000000e+00
8.167999982833862305e-01 2.060000039637088776e-02
8.356999754905700684e-01 -1.700000022538006306e-03
8.590000271797180176e-01 6.399999838322401047e-03
8.630999922752380371e-01 -6.300000008195638657e-03
8.777999877929687500e-01 1.180000044405460358e-02
8.959000110626220703e-01 1.510000042617321014e-02
8.888999819755554199e-01 4.499999806284904480e-03
8.988000154495239258e-01 -1.700000022538006306e-03
9.047999978065490723e-01 1.500000013038516045e-03
9.057999849319458008e-01 1.840000040829181671e-02
9.106000065803527832e-01 7.799999788403511047e-03
9.427000284194946289e-01 6.099999882280826569e-03
9.503999948501586914e-01 -1.720000058412551880e-02
9.398999810218811035e-01 -1.460000034421682358e-02
9.312000274658203125e-01 -4.499999806284904480e-03
9.286999702453613281e-01 1.399999950081110001e-03
9.580000042915344238e-01 -2.190000005066394806e-02
9.491999745368957520e-01 1.169999968260526657e-02
9.513000249862670898e-01 -2.099999925121665001e-03
9.775000214576721191e-01 -1.080000028014183044e-02
9.771000146865844727e-01 1.229999959468841553e-02
9.575999975204467773e-01 3.899999894201755524e-03
9.822999835014343262e-01 -1.370000001043081284e-02
9.725999832153320312e-01 7.499999832361936569e-03
9.790999889373779297e-01 -2.490000054240226746e-02
7.856000065803527832e-01 7.908999919891357422e-01
7.232000231742858887e-01 7.315999865531921387e-01
6.651999950408935547e-01 6.567999720573425293e-01
5.843999981880187988e-01 5.871000289916992188e-01
5.260999798774719238e-01 5.367000102996826172e-01
4.828000068664550781e-01 4.745999872684478760e-01
4.316999912261962891e-01 4.339999854564666748e-01
3.950999975204467773e-01 4.049000144004821777e-01
3.362999856472015381e-01 3.738000094890594482e-01
3.264999985694885254e-01 3.413000106811523438e-01
3.014000058174133301e-01 3.120000064373016357e-01
2.903000116348266602e-01 2.915000021457672119e-01
2.451999932527542114e-01 2.734999954700469971e-01
2.540999948978424072e-01 2.485000044107437134e-01
2.375999987125396729e-01 2.454999983310699463e-01
2.073000073432922363e-01 2.363999933004379272e-01
2.148000001907348633e-01 2.256000041961669922e-01
2.076999992132186890e-01 2.291000038385391235e-01
2.010000050067901611e-01 2.009000033140182495e-01
1.829999983310699463e-01 2.009000033140182495e-01
1.729999929666519165e-01 1.904000043869018555e-01
1.850000023841857910e-01 1.853999942541122437e-01
1.863999962806701660e-01 1.781000047922134399e-01
1.844000071287155151e-01 2.072000056505203247e-01
1.840000003576278687e-01 1.828999966382980347e-01
1.703000068664550781e-01 1.929000020027160645e-01
1.909999996423721313e-01 1.755000054836273193e-01
1.792999953031539917e-01 1.872999966144561768e-01
1.671999990940093994e-01 1.985000073909759521e-01
1.709000021219253540e-01 1.870000064373016357e-01
1.601999998092651367e-01 1.806000024080276489e-01
1.674000024795532227e-01 1.905000060796737671e-01
1.586000025272369385e-01 1.791999936103820801e-01
1.520999968051910400e-01 1.885000020265579224e-01
1.616999953985214233e-01 1.938000023365020752e-01
1.812999993562698364e-01 1.819999963045120239e-01
1.710000038146972656e-01 1.926999986171722412e-01
1.812999993562698364e-01 1.973000019788742065e-01
1.668000072240829468e-01 1.811999976634979248e-01
1.696999967098236084e-01 1.911000013351440430e-01
1.801999956369400024e-01 1.937000006437301636e-01
1.641000062227249146e-01 2.022999972105026245e-01
1.605000048875808716e-01 1.741999983787536621e-01
1.633999943733215332e-01 2.002999931573867798e-01
1.484999954700469971e-01 2.187000066041946411e-01
1.606999933719635010e-01 1.984000056982040405e-01
1.578000038862228394e-01 2.125000059604644775e-01
1.377999931573867798e-01 2.090999931097030640e-01
1.630000025033950806e-01 2.080000042915344238e-01
1.525000035762786865e-01 2.239000052213668823e-01
1.458999961614608765e-01 2.285999953746795654e-01
1.377000063657760620e-01 2.347999960184097290e-01
1.228000000119209290e-01 2.196999937295913696e-01
1.515000015497207642e-01 2.485000044107437134e-01
1.118000000715255737e-01 2.390999943017959595e-01
1.274999976158142090e-01 2.648000121116638184e-01
1.247999966144561768e-01 2.458000034093856812e-01
1.199000030755996704e-01 2.800000011920928955e-01
1.128000020980834961e-01 2.795000076293945312e-01
9.290000051259994507e-02 2.964999973773956299e-01
1.039000004529953003e-01 3.032000064849853516e-01
9.730000048875808716e-02 3.213999867439270020e-01
8.749999850988388062e-02 3.212999999523162842e-01
7.710000127553939819e-02 3.610999882221221924e-01
6.520000100135803223e-02 3.761999905109405518e-01
8.940000087022781372e-02 3.851000070571899414e-01
5.790000036358833313e-02 4.128000140190124512e-01
5.930000171065330505e-02 4.368000030517578125e-01
5.979999899864196777e-02 4.614000022411346436e-01
6.710000336170196533e-02 5.108000040054321289e-01
5.229999870061874390e-02 5.170000195503234863e-01
5.449999868869781494e-02 5.370000004768371582e-01
1.820000074803829193e-02 5.819000005722045898e-01
3.759999945759773254e-02 6.036000251770019531e-01
3.180000185966491699e-02 6.147999763488769531e-01
3.889999911189079285e-02 6.596000194549560547e-01
2.649999968707561493e-02 6.772000193595886230e-01
2.219999954104423523e-02 7.121000289916992188e-01
2.969999983906745911e-02 7.199000120162963867e-01
2.999999932944774628e-02 7.358999848365783691e-01
1.080000028014183044e-02 7.797999978065490723e-01
3.350000083446502686e-02 7.785999774932861328e-01
2.470000088214874268e-02 8.033999800682067871e-01
2.480000071227550507e-02 8.070999979972839355e-01
-6.999999750405550003e-04 8.536999821662902832e-01
8.700000122189521790e-03 8.359000086784362793e-01
6.500000134110450745e-03 8.507999777793884277e-01
-2.499999944120645523e-03 8.515999913215637207e-01
5.200000014156103134e-03 8.745999932289123535e-01
1.360000018030405045e-02 8.970999717712402344e-01
2.300000051036477089e-03 8.802000284194946289e-01
1.329999975860118866e-02 9.154000282287597656e-01
6.699999794363975525e-03 9.179999828338623047e-01
1.150000002235174179e-02 9.286999702453613281e-01
1.000000047497451305e-03 9.200999736785888672e-01
7.000000216066837311e-03 9.265999794006347656e-01
1.150000002235174179e-02 9.388999938964843750e-01
1.449999958276748657e-02 9.366999864578247070e-01
1.200000056996941566e-03 9.513000249862670898e-01
7.499999832361936569e-03 9.498999714851379395e-01
