-6.169398771517915492e-01 7.767043107879864072e-01
-8.954445447419542292e-01 -2.910182003070482804e-01
4.201600617273599236e-01 -8.612989439406064651e-01
-9.239887044456008836e-01 -1.866936050188920393e-01
8.152000801603406233e-01 1.459021987162643919e-01
-5.450824972550973868e-01 -7.840265149728731231e-01
9.287629635392807836e-01 9.643809050196364141e-02
8.739571687464503524e-01 -4.734270994002184318e-01
-9.346609616594407921e-01 3.397471402750937841e-01
1.976594804389406879e-01 -9.739885745890148883e-01
1.561131251667764730e-01 -9.821054636763002499e-01
-1.976353701495524307e-01 9.737535857454080457e-01
3.862778402085524365e-01 -7.959347229505816523e-01
5.546248511260944980e-01 8.078403209448294930e-01
-4.782285872992938502e-01 -8.587313554644049329e-01
2.399422718773965568e-01 -9.412041730158476893e-01
-5.080582375847807475e-01 8.564413884275765554e-01
4.945470670712842631e-01 8.602122414729220790e-01
9.649295442548433410e-01 1.717222270325753364e-01
8.351005485268087059e-01 4.935020643489854697e-01
8.109845448260265544e-01 4.741279616202814795e-01
8.004564584156953488e-01 -5.195347393004536851e-01
2.064793003999878807e-01 -9.727089085154938530e-01
-3.413922137257946465e-01 9.052408040171983084e-01
-8.877388461997919311e-01 -3.188450537437101384e-01
-5.372916360531794222e-01 8.160236525973967314e-01
-8.901147521527361661e-01 4.460130933677317056e-01
7.226571716257997879e-01 5.004360306617480214e-01
-8.779633875738331039e-02 9.901134586115718506e-01
-4.325376807333727314e-01 -8.165652881717410105e-01
-9.790815303919425672e-01 1.068668760026156433e-01
5.642930483630114180e-01 6.639819238007728108e-01
-7.871720619226008075e-01 -5.057771837153222094e-01
-9.791084144308579429e-01 1.753649937870237763e-01
-4.844223144184586771e-01 -7.958992079513665940e-01
-6.278945689055446255e-01 6.906640724059379677e-01
-4.681163183380989135e-01 8.118900477927447623e-01
6.363820391635333085e-01 -7.659493189269195312e-01
6.492617745797514273e-01 7.514886611035759278e-01
1.513356859066795623e-01 -9.665933520727535422e-01
2.816822819847396020e-01 -9.423234804045701463e-01
-5.070376143369048627e-01 6.685619398986951678e-01
-7.497784255415831378e-01 6.531811364428786737e-01
-9.878790160508448270e-01 1.235634384306890515e-01
8.119595740694932617e-01 -5.730438959426311651e-01
8.184267794414242791e-01 -5.506465578661483562e-01
-1.076499207866638275e-01 9.889909316638604286e-01
8.626969224340286235e-01 -4.673802895079791075e-01
-1.825857367950814714e-01 9.784009106757561858e-01
-3.131020949628269268e-01 8.995925058985487777e-01
-1.050372644893126511e-01 9.923874775896862621e-01
9.208325531793413177e-01 3.276414053689821748e-01
-5.992791246378973424e-01 6.970361840517861340e-01
-9.609187099996190362e-01 2.593676177605966360e-01
-7.169812891610735650e-02 9.930520847726411748e-01
4.529601522847871986e-01 -8.314158264867196335e-01
-8.795581080249680328e-01 -3.599881177367335594e-01
-8.908608160791153807e-01 -4.003311468561718267e-01
3.758263091000044187e-01 8.942485732485466743e-01
-7.828643694284714849e-01 -2.439809131511425366e-01
-5.399776018865094507e-01 -6.952992315881817431e-01
9.947618071274810791e-01 -7.237620332712495219e-02
9.553505334403077365e-01 6.984717494623221556e-02
8.837615604825532767e-01 2.073469348985967631e-01
-6.064655328281668423e-01 -7.831664270850534626e-01
7.675391982618320341e-01 4.988586362651206696e-01
-8.204640129116548275e-01 -4.246589467396471029e-01
-7.875219480433491848e-01 -5.650463394376079584e-01
-7.516515256890867747e-01 6.133610297157057190e-01
-5.891001823884217670e-01 7.960441848171857515e-01
7.939891017421012442e-01 5.952503635345780530e-01
1.462385416310963693e-01 -9.864820033084729101e-01
1.484416971188996515e-01 -9.822549525244917978e-01
4.715459952026734847e-01 8.171119303836403835e-01
-1.975801592936566042e-01 9.671850705082358779e-01
-1.602768557018521556e-01 9.395317154946505322e-01
-1.542184580020197759e-01 9.743182789085387263e-01
6.884124997563205728e-01 -6.596101525309825409e-01
9.159978066923752937e-01 -2.497101662508445508e-02
-2.543986646192724632e-01 9.622052083005383505e-01
1.152113142661256584e-01 -9.902909335490639453e-01
1.183398160281259326e-01 -9.914587176295545090e-01
3.237809097803553970e-01 9.284089305355197608e-01
-2.203416527361535260e-01 9.687401131979637148e-01
-6.396163093301691083e-01 -6.728527928293606131e-01
-3.026857871626206231e-01 9.151042400214175476e-01
-3.790113985397270957e-01 8.830339599454478661e-01
1.277325899634529638e-01 -9.877436552151929172e-01
-7.264319775601301155e-01 6.350983841057938895e-01
-8.977388369395987444e-02 9.834636722308123247e-01
-1.199950396767824751e-01 9.900657585087462298e-01
-6.561677375791872269e-01 -7.232785382712907385e-01
-5.313118063594781670e-01 8.353508791343920992e-01
-9.921061108352611235e-01 9.145768306971659156e-02
-6.825965910200129105e-01 -7.087381354858859339e-01
1.815353224689140732e-01 -9.802523016331420314e-01
8.813138949316712267e-01 -4.512498964765051523e-01
8.896525422482721712e-01 -4.367410254880269571e-01
1.742428186169273363e-01 -9.775411176274743097e-01
-9.917041757567893745e-01 2.781397235309967034e-02
-9.642571068523742017e-01 1.547471758849975343e-01
-7.561972620996884054e-01 -6.385908819651229251e-01
7.529541677494966390e-01 6.427091614132877107e-01
8.937326585282047153e-01 4.301141211445069779e-01
-3.374270323985080200e-01 9.316273622940360877e-01
1.998698651100370982e-01 9.646324975183045991e-01
-9.264291928234306139e-01 3.562599168400047422e-01
-8.480775295633966593e-01 -5.114679165813164063e-01
3.606767618568709199e-01 9.047550559417210092e-01
-9.788295282897350180e-01 5.165979904052134253e-02
2.495360078848993246e-01 -9.428082690644951080e-01
9.003783095160396988e-01 -4.309038117138614399e-01
-6.568789858413187632e-01 7.220610961382893933e-01
-9.555595458696687361e-01 -2.005477302573423215e-01
4.050366972044596725e-01 8.809743357919846973e-01
7.113555545061768237e-01 -6.274205948447254544e-01
4.317730120341371491e-01 8.727733277117525335e-01
-9.128765446000137729e-01 -2.588459207445397703e-01
-8.984147534395868773e-01 -2.226738781685635160e-01
-9.084649740175244625e-01 -1.436794361727019020e-01
-7.501278452689197351e-01 1.147575699189922471e-01
-8.445834505756667498e-01 -3.746612362862642431e-01
5.801776268910219247e-01 7.818663444395913542e-01
-9.149605433428420476e-01 -1.003487370169362930e-01
-9.989197570476048005e-02 9.921762292297351404e-01
-9.055391644164498821e-01 -6.286752411311735678e-02
8.871249158768764742e-01 2.403335070566655907e-01
6.899714306396996788e-01 -7.136400484982846626e-01
-7.901352111165025338e-01 -4.340337215561645423e-01
-8.483526418883395870e-01 2.141587970516248829e-01
-3.600069487682659997e-01 -8.550097098467275281e-01
9.938239716802698132e-01 -1.511939646484981858e-02
8.014507755158238878e-01 4.267010083142971366e-01
7.697126469310933139e-01 2.654971873919480529e-01
-8.471552423845992719e-01 -3.163790019416284349e-01
1.078072650696266233e-01 -9.925815639006901892e-01
-8.820707680104666881e-01 -2.597190347803890464e-01
-6.925184543469231624e-01 5.999051005009081727e-01
-6.950783422190971450e-01 6.731385992584068001e-01
-7.777224856206284009e-01 5.667463866109667681e-01
-7.021400957868316750e-01 6.481650741936361149e-01
8.601242072252293092e-01 -4.942353554126141524e-01
-8.324614291838775548e-01 -5.371939186193782634e-01
8.601569954609900037e-01 2.600453148356214328e-01
7.378125266017672157e-01 6.596658973200891785e-01
-4.763716126342684709e-01 8.648607397983176792e-01
-4.346326670132309999e-01 1.233228429118527272e-02
7.664688510050962078e-01 5.920286313964863156e-01
8.532151739202634699e-01 -5.048593304933408632e-01
8.798771113340483341e-01 -4.622755335999633730e-01
-2.051853532015568415e-01 9.730357034782866066e-01
5.421574265335936671e-01 7.587061906963331603e-01
-2.356000627325930408e-01 9.636407696763042985e-01
-5.723733287440769812e-01 -7.577430086698758727e-01
-1.494852419908944685e-01 9.690303132740314407e-01
-5.106004646796646895e-02 9.951504983148317107e-01
-1.654857612615763252e-01 9.694715835149040339e-01
3.847280275947858041e-01 -8.658302999899092356e-01
-7.493579158844173582e-01 1.499017426100396067e-01
1.722469727333140743e-01 -9.818129078393414977e-01
-8.352697588642026272e-01 4.763690843331433444e-01
-5.522627595390791067e-01 8.200791022166087352e-01
2.733847005399355212e-01 -9.521458690837374395e-01
-8.269350664542532980e-01 -3.977765613720327664e-01
1.122056631293122941e-01 -9.919629353753114387e-01
5.380334265750151834e-01 -6.648525325293308530e-01
-9.682151569585657480e-01 2.377029443773187034e-01
-7.258688911558869306e-01 -6.695261890093826551e-01
-7.525154015345403291e-01 5.840409747726859058e-01
-9.901176940347766742e-01 -1.088478131948275029e-01
1.387417412847766485e-01 -9.824018342706701823e-01
8.697182285008884239e-01 -4.861894009498149982e-01
-3.527937806862471715e-01 8.807708872878674544e-01
-9.874051524155226245e-01 7.720571175231610850e-02
1.667990762435252461e-01 -9.823686506305925326e-01
7.610197487878804512e-02 9.739632674583940108e-01
-5.989132660946382414e-01 7.947333829351059808e-01
-1.270590143090824242e-01 9.892860920544636061e-01
-8.362478663307945648e-02 9.935559679495098440e-01
-2.411692863595922831e-01 9.538154988987076477e-01
-1.319732448023232252e-01 9.883534348821486626e-01
-9.917839368661236499e-01 -1.073899756757055318e-02
-1.595393809279000708e-01 9.693035390896695969e-01
-6.791495284392728982e-02 9.961241938087953551e-01
-6.357090659130631982e-02 9.963732111483093457e-01
-8.163916698815963935e-01 5.160571216687794838e-01
-1.902313696767372886e-01 9.742267734873846230e-01
-4.181628311825031918e-01 -9.034989321365045623e-01
2.131384719627053836e-01 -9.734326996801548892e-01
2.989808204804926262e-01 -9.449758388029498857e-01
1.868935446772234943e-01 -9.789541872935424438e-01
4.459890557034555669e-02 -9.878796346494247427e-01
-1.123092578379739637e-01 9.910921159542588343e-01
-2.120381324015286895e-01 9.700102630507670964e-01
-9.406372469015464866e-01 3.221143705902337340e-01
7.201548024115375091e-01 6.748414870213781391e-01
1.774242134157433537e-01 -9.790445113300031421e-01
-9.885399455707821748e-01 -1.222523967946500256e-01
