-6.112092382277650726e-01 7.843802552526270011e-01
-6.111972271811226820e-01 7.729630038856902807e-01
-6.177626892861325381e-01 7.840179311622443858e-01
-6.158303842389404315e-01 7.812015111786790866e-01
-6.255041153231539752e-01 7.729232407684690775e-01
-6.070191935814759354e-01 7.873094438915801963e-01
-6.221417470420665952e-01 7.761178484345899742e-01
-6.243039085172835678e-01 7.740818578638942737e-01
-6.156888655885023320e-01 7.855729458194515846e-01
-6.197666909842731719e-01 7.824240275778376885e-01
-6.283441764577314403e-01 7.700322067464788756e-01
-6.232014586708601867e-01 7.751504997729800062e-01
-6.085329134073680368e-01 7.863328866123827643e-01
-6.268300022454817988e-01 7.715842407379570611e-01
-6.210922746086606772e-01 7.770312908332182023e-01
-6.199163207196137781e-01 7.779265640677456295e-01
-6.099041509141096551e-01 7.853973360650712277e-01
-6.187144831415091195e-01 7.832645394599214717e-01
-6.167809087936076962e-01 7.847506191690732935e-01
-8.939714388930465327e-01 1.589874511368152277e-01
-6.634312417310258558e-01 -2.474678422660342610e-03
-9.275470427379667315e-01 6.062360270056528283e-04
-9.084710794693076075e-01 1.097509892781483587e-01
-9.156462464576344829e-01 7.105265530039410471e-02
-9.209911598438159652e-01 4.600810257716845403e-02
-9.617416522511670340e-01 1.274872242751728113e-01
-9.246117377827378636e-01 2.309393473344870801e-02
3.857936741894876231e-01 -8.940557720483052195e-01
3.858587458880792243e-01 -8.278922932543535396e-01
4.415086222537996097e-01 -8.632181947579936621e-01
4.815466280576479186e-01 -8.346586700642469880e-01
4.200806498787836851e-01 -8.763358682740741701e-01
4.285124159234269814e-01 -8.923375128802902845e-01
3.732282919238575358e-01 -8.996233752066632450e-01
3.992452543234160101e-01 -8.875072252893644320e-01
4.565112859226874709e-01 -8.536002644961385721e-01
-6.708957721947411690e-01 -2.488209776613559132e-02
-9.204522269127828338e-01 2.310264605224958065e-02
-9.245774170814635706e-01 -3.317897587881771249e-03
-9.608926169123874761e-01 1.163552881888451490e-01
-9.058133952412312784e-01 9.732894709820208434e-02
-9.147675972848442472e-01 5.164127404951893846e-02
1.165005942742402684e-01 -7.206237014321377199e-01
6.067523212899831320e-01 -3.741958593665633548e-01
1.326194874814828339e-01 -1.757525066331255548e-01
7.941598294245322265e-01 -4.373998854773221701e-01
6.885302178571635345e-02 -7.670017160690189018e-01
8.234816999144436434e-01 -3.820381572962759931e-01
5.103240036949637654e-02 -9.164712952217122233e-01
2.384396817115404937e-02 -7.793232771945295401e-01
-8.071687195396107239e-02 -9.179006452346568645e-01
-4.723554363894147401e-02 -9.181106176077179493e-01
-1.160802042765565617e-01 -9.155113963820904477e-01
1.478194095099868155e-01 -8.940948116783818955e-01
8.478341274786849180e-02 -9.629896329566838276e-01
1.538220833987096782e-02 -9.685055253718948265e-01
4.932223933149288558e-02 -9.666790411115215864e-01
5.398553964021937102e-01 -3.413481528158169298e-01
7.468246007518736240e-01 -4.557081547476892758e-01
8.115788218475806781e-01 -4.996612594132237017e-01
7.979499396926524879e-01 -3.690827689976986514e-01
8.803115842960701487e-01 -4.579671268366051762e-01
8.629821138331009722e-01 -4.638160358096949376e-01
8.758706133254989812e-01 -4.690431655482712459e-01
8.774920896868753095e-01 -4.653226597901337080e-01
8.779146696481345824e-01 -4.638287816064207147e-01
8.747200050902894652e-01 -4.713389191856326987e-01
8.764230970341569948e-01 -4.678551084898575629e-01
8.818310966849652877e-01 -4.540027713245202157e-01
8.739799479823352479e-01 -4.724267998213874109e-01
8.720768146656484587e-01 -4.754709037008526540e-01
8.810187591614243585e-01 -4.561283523527572825e-01
8.753044444139741476e-01 -4.701994434882060814e-01
8.685110187196184439e-01 -4.897019857498019491e-01
8.679742484160453131e-01 -4.811882705686360562e-01
8.710023207841922632e-01 -4.767749422743909338e-01
8.795031998428451958e-01 -4.597125091620509196e-01
8.728786751523456289e-01 -4.742931168232717987e-01
8.769719800514860220e-01 -4.666264331467620541e-01
8.728863066056149478e-01 -4.829731375417420369e-01
8.741626458407185662e-01 -4.809030671418583758e-01
8.694157334495369316e-01 -4.786324759074460644e-01
-9.420353945519902572e-01 3.265592276616279266e-01
-9.363110985952135534e-01 3.275352276795082118e-01
-9.415389847862252193e-01 3.113477619272811414e-01
-9.246522888441398580e-01 3.200975613937879216e-01
-9.398785775564006961e-01 3.169005688501033147e-01
-9.334785758772150555e-01 3.351366503748126058e-01
-9.406259087887869352e-01 3.306357622593782963e-01
-9.308068750032832961e-01 3.418146172957647888e-01
1.927587648838885448e-01 -9.757934939820952502e-01
1.862047843471152375e-01 -9.642875099273349182e-01
1.909352601603279687e-01 -9.760939550486794625e-01
1.990221622578422223e-01 -9.742368001287546875e-01
2.009765296257162159e-01 -9.735674567773865418e-01
1.960122597692053881e-01 -9.750593547996960764e-01
1.616476654561077864e-01 -9.846463204202702268e-01
1.940840745490349240e-01 -9.748137089268522626e-01
1.415011822723096779e-01 -9.873414309892574181e-01
1.949953814075582048e-01 -9.785816140897632964e-01
1.916726117988610534e-01 -9.748613580937806056e-01
9.009790115497344487e-02 -9.851120871844248894e-01
1.600671674491176422e-01 -9.676424938547463217e-01
1.585803491296824685e-01 -9.816232179567969673e-01
9.521819610021339808e-02 -9.850387305766741264e-01
1.925959393364601313e-01 -9.791068459381228051e-01
-1.957479010554111221e-01 9.763104283040525688e-01
-1.953094387226847750e-01 9.669481533988932842e-01
-1.984226292620960563e-01 9.758610044185407340e-01
-1.914833572271267270e-01 9.771797585427035582e-01
-2.010610183141584573e-01 9.750474270421184420e-01
-2.040846792798306497e-01 9.743666077142733029e-01
-2.025516900302912204e-01 9.747239428611778056e-01
-1.943631819265559113e-01 9.766509188341397918e-01
-1.895793849930075270e-01 9.774138372821953302e-01
-1.981118128369123987e-01 9.787311121632942257e-01
-2.079736348727009854e-01 9.730827661708167930e-01
-1.999404300003529145e-01 9.783238660201579728e-01
-1.930259602596681723e-01 9.769224217289470547e-01
-1.876553355808682211e-01 9.775819419153544132e-01
4.956973689020129914e-01 -8.299744658338230607e-01
4.231632528182180941e-01 -7.999808469298006486e-01
2.599327501084371383e-01 -7.429552312092124744e-01
1.994493122071331059e-01 -4.137101426877753951e-01
4.713200916943270369e-01 -8.472383198701457507e-01
5.155052541548666989e-01 -8.150499803559158041e-01
3.542576628859162025e-01 -8.526005279802030268e-01
3.415767643755919791e-01 -8.622665464133814073e-01
6.107567941370576348e-01 7.590691503386378658e-01
5.831867501777423524e-01 7.193991833964858973e-01
6.534067729277373004e-01 7.198360314925885683e-01
6.014328217178944724e-01 7.669148087065086328e-01
5.372066132710885400e-01 8.095022929810417045e-01
5.596710663197773661e-01 7.960259029154711508e-01
6.371424561493902461e-01 7.584614612585947047e-01
6.252070268310417900e-01 7.466284686073815235e-01
5.724912162135392668e-01 7.878572907502546796e-01
6.416222354833678310e-01 7.312603208567790558e-01
5.622984799901237923e-02 -9.668413681506350388e-01
2.871120718158762589e-02 -9.231269531433199393e-01
-4.515825962890994590e-03 -9.691085896098113883e-01
3.627559849924136964e-02 -9.685208760657260108e-01
3.347503692744696179e-03 -9.885515423682200709e-01
-1.450891850164281148e-02 -9.884087968882920849e-01
8.014636111901142501e-02 -9.638891583178565980e-01
-4.949716906664109600e-02 -9.681000955847479661e-01
2.536724670638602630e-01 -9.219276305388777182e-01
2.473419112183909696e-01 -9.569565940390301062e-01
6.495291974903077969e-02 -9.422193803482854513e-01
3.112975856182818579e-01 -9.318240279997267450e-01
2.274053990623400023e-01 -9.338565825268141385e-01
3.209601393342063624e-01 -9.277123284728088226e-01
-5.576195957768039640e-02 9.804354627868971939e-01
-8.742498802317255624e-03 9.591328582278377812e-01
1.743948317735848422e-02 9.825637887657244773e-01
-4.160432770373897332e-02 9.817357890761881922e-01
3.993382471015321546e-03 9.830406265583181424e-01
-7.753024699488243222e-03 9.831774038073760602e-01
7.501403607109145832e-02 9.536208995768411523e-01
1.012368566383020363e-01 9.497877266127127127e-01
-1.883278724068073243e-02 9.830042310316026155e-01
-2.982692940646942611e-02 9.825330535934585496e-01
8.980778782445765218e-01 -3.692121116747190679e-01
1.997329260955360564e-01 9.233698740456738330e-01
2.714147072903622671e-01 9.386623249838105254e-01
2.502796459483827007e-01 9.449973787591405827e-01
2.233763652911483488e-01 9.660655015705373883e-01
2.214193307768940189e-01 9.519795257962758717e-01
1.859328577317782005e-01 9.592392099943048978e-01
8.791730588061030804e-01 -3.962924184018320473e-01
8.208914089721274232e-01 -3.908929531822402104e-01
8.493684163933464815e-01 -4.532189131096190371e-01
8.662601689131854688e-01 -4.233826572499063134e-01
9.178012610102341817e-01 -3.607748249464561296e-01
8.944090066291355834e-01 -3.559243415738616578e-01
9.121546388540695549e-01 -3.754585391412528783e-01
8.584434386010921791e-01 -4.377137280359269522e-01
9.232171850855933615e-01 -3.453558840998134372e-01
8.383980340957488675e-01 -4.708373447738325446e-01
8.731227691720621076e-01 -4.097376632652544037e-01
8.847800479785569161e-01 3.714724727469395082e-01
2.114457964978026794e-01 7.517654448241403164e-01
2.179767582887650879e-01 4.078512450710627957e-01
8.235718879633572298e-01 5.025213723850846526e-01
8.771391701137554175e-01 3.892146542412596166e-01
9.196666752818303259e-01 3.532268029272929710e-01
9.276935023761492261e-01 1.558773211620841370e-01
8.498781803986771299e-01 4.547624246103155188e-01
8.420904551135579563e-01 4.711593665387174834e-01
3.184451932039550348e-02 8.258513330172142508e-01
-7.327432594512934827e-01 4.586859799190263209e-01
6.948352356954451414e-01 -3.320607322266077022e-01
1.018732723908959553e-01 8.215119957415529806e-01
6.605932954638046306e-01 -4.026798606966356942e-01
8.133915863157259452e-01 5.133939563473490786e-01
7.489377058957726874e-01 -4.555957352453180453e-01
5.583490385011554702e-01 -4.221718817369174426e-01
7.915192721612944737e-01 -5.271536804598343506e-01
8.107013898875340407e-01 -4.968572136439523002e-01
7.777009629924968026e-01 -5.981124132366393287e-01
7.715413325005435752e-01 -5.504615940357688864e-01
8.054571152367514530e-01 -5.084702087325172482e-01
9.007401246710462495e-01 -3.763664307735491987e-01
7.864940751350695258e-01 -5.875522478639826351e-01
2.012548763550969788e-01 -9.736994921823902693e-01
1.967264722184309256e-01 -9.626577966443636836e-01
2.153108695543242412e-01 -9.740011380416623288e-01
2.078192129280647393e-01 -9.718173541387871150e-01
2.068585670966887613e-01 -9.761772711278826620e-01
1.951527829730967389e-01 -9.750695281573150686e-01
2.094176808631334485e-01 -9.755715650172479547e-01
1.635814205262296761e-01 -9.795963998579029219e-01
-3.290592888350059031e-01 9.222429015757596105e-01
-3.312215177155096169e-01 8.629789923906746596e-01
-4.090781700297640988e-01 8.825683476693684248e-01
-3.421304250164071692e-01 9.169129164420465328e-01
-3.517521532574830467e-01 9.131051793039097753e-01
-3.703071712478785971e-01 9.207349269568816386e-01
-3.631402941713562371e-01 9.083245671112351038e-01
-3.761392107398431883e-01 9.017576685754321586e-01
-3.880355472625942603e-01 8.957712077213446644e-01
-3.992745585121500462e-01 8.888471732608090869e-01
-8.926998779165365994e-01 1.438356085736427481e-01
-5.870997181469730375e-01 1.539011853905551848e-02
-9.161477228604215650e-01 3.321539138458245305e-02
-9.078310084992083917e-01 7.983350886759106591e-02
-9.643725722005641598e-01 9.044587216424358755e-02
-4.588076064516478647e-01 8.794021029144587498e-01
-5.012444654976242475e-01 8.439667145256598557e-01
-5.104730975088869194e-01 8.016480284954811131e-01
-4.674607876248391136e-01 8.752165223356698220e-01
-5.114304451568942866e-01 8.398358019063505431e-01
-5.233971550748450774e-01 8.323437928083243786e-01
-5.415877701930810195e-01 8.209571275571778681e-01
-5.342725065565343545e-01 8.257083173616787120e-01
-5.172090401930528047e-01 8.364017046535544564e-01
2.240469640049888300e-01 -9.693388355779578580e-01
1.029242344754076333e-01 -9.835865121221636365e-01
3.167534645351831601e-01 -9.379893804425769588e-01
1.217531658974474185e-01 -9.666186711717001945e-01
9.793407399872611219e-02 -9.903983195723258248e-01
1.225988557363923565e-01 9.364434065884389424e-01
9.339091692911107023e-02 -9.905209475270508879e-01
3.515209963092429807e-02 9.435207139947552335e-01
3.485022841414817663e-01 -1.076944556528877661e-01
7.053463111393121210e-02 2.010689703964043118e-01
1.587785209081362947e-01 8.612008779081289367e-01
3.942725398728300773e-02 6.566084289754641201e-01
7.767470361954070812e-02 8.711472584884047965e-01
6.750986437634586279e-01 -3.605582584343124397e-01
1.181512433537077189e-01 8.672052759160855384e-01
1.991703208460720020e-01 5.096277529452795108e-01
2.250223200926182721e-01 4.059486305395116901e-01
-9.263019855340087760e-02 8.651678446930632926e-01
-4.708574719962847245e-03 8.726183058196297360e-01
7.276728238883607702e-02 5.055040056080046806e-01
1.997182230062501118e-01 8.531577163274138842e-01
3.690124936501586878e-02 8.729304907037024330e-01
-4.774072620728736505e-02 8.700400007455231233e-01
-8.937119525500879236e-02 9.296721943920095432e-01
-1.327782515639815142e-02 9.927293745770559008e-01
-2.035204210718570550e-02 9.811323696412641571e-01
-4.872425447009608168e-02 9.857673637583844739e-01
-5.868611101672813191e-02 9.634762621636546731e-01
-5.455749780580349678e-02 9.857901134230422358e-01
-3.173263579122340833e-02 9.833532029249482109e-01
-2.086284844852107426e-02 9.935330375129978187e-01
-4.063981720655740482e-02 9.852483454832002829e-01
-5.770591290727137418e-02 9.855255541543613829e-01
-2.773262913543046715e-02 9.821168012049530383e-01
-6.221716186524775538e-02 9.849541877749798946e-01
-3.497929039557998859e-02 9.842108207978558232e-01
-7.732594338426611313e-02 9.852946693160002933e-01
-8.327350744068029442e-02 9.851577474618596897e-01
-4.596610240811056097e-02 9.857195560441055493e-01
-8.029751716566432829e-02 9.853331427384726116e-01
-3.789632278225610329e-02 9.848292437892046669e-01
-5.160997906437924526e-02 9.857944238876023002e-01
-7.308206617084332668e-02 9.848474086264026317e-01
-4.330062920956800204e-02 9.855465795265305751e-01
4.809261274308441331e-02 -9.170102266638778810e-01
1.301225559230918989e-02 -7.860117435715667789e-01
-6.086018780714586712e-02 -9.227394420458628899e-01
2.128932310044230614e-02 -2.968147825473071988e-01
-1.923394651991182716e-02 -9.223361745897741271e-01
6.047480550240807301e-02 -9.675022449784672629e-01
-1.045610642730937095e-01 -9.206165931995708984e-01
-8.846528180046184797e-01 4.362651783439963071e-01
-8.683471000428416575e-01 4.167580317904041598e-01
-8.934124482241048160e-01 4.185577476712300515e-01
-8.037165687056837537e-01 4.114251619395509207e-01
-8.339913248135233381e-01 4.761689809983255528e-01
-8.959525948973996456e-01 3.588468237116588244e-01
-8.465160960856316086e-01 4.563505358250982136e-01
-8.870816092956328447e-01 3.792058043954462110e-01
3.821016351919149373e-02 7.639460159736189970e-01
6.057453191007448057e-01 6.975869080022205626e-01
1.156151021761368941e-01 7.267365335278086480e-01
-5.273349915504409458e-01 -3.029998387514192260e-01
-7.767701784392735398e-01 -5.089484511580629755e-01
-7.143884140628548041e-01 -5.797986449279519672e-01
-7.543730808202865346e-01 -6.169606493007600001e-01
-7.394681172662411761e-01 -5.501618289617531410e-01
-7.234522880915292831e-01 -5.635899040553584705e-01
-7.538433695850320637e-01 -5.349060796247319116e-01
-9.597448298529699384e-01 1.917712463649010046e-01
-9.208317388327388331e-01 2.031801231059370272e-01
-9.775268862508543766e-01 1.959634736035362479e-01
-9.734514773749188832e-01 1.908560115741548824e-01
-9.752707457944699287e-01 1.818385381304820081e-01
-9.705464854478861314e-01 2.033959379422204117e-01
-9.769116234320506242e-01 1.707060046124725117e-01
-9.690374533835834914e-01 2.088875499930412105e-01
-9.782583225699655882e-01 1.926051044782534083e-01
-9.758816799278290377e-01 1.780109670709751069e-01
-9.789280048794143374e-01 1.892623345425799575e-01
1.725448359902938267e-01 -6.421643599455123530e-01
1.020425052880960110e-01 -9.560341755559310928e-02
4.525857467728005568e-01 -7.321592104774531373e-01
5.359569673311742610e-01 -7.895597569224475087e-01
1.768774790857248480e-01 -9.425604758181196363e-01
-4.085738942475592578e-03 -8.993231708933754343e-01
4.604961009335267752e-02 -8.961399571261543517e-01
9.525319452096417394e-02 -8.895896397186905391e-01
-4.811045725628204095e-01 6.163848735900302467e-01
-5.882362709528080602e-01 7.526888578584998157e-01
-6.262545375699249961e-01 7.613637674956508228e-01
-6.184083618005917771e-01 7.306315446952970083e-01
-5.777371148420417102e-01 7.609993812931309387e-01
-5.973211812576039170e-01 7.454481527752615522e-01
-6.389331752152797028e-01 7.505997303439996271e-01
-5.585568600537546002e-01 7.715857796362564081e-01
-3.963811257029927759e-01 6.742053706513101430e-01
-5.897751646001744286e-01 7.525600956604144853e-01
-4.456536274080365456e-01 8.776650189553294457e-01
-4.377147391269621823e-01 8.422445507746804116e-01
-5.702826174812013482e-01 7.659437724572932815e-01
-4.345649221508928184e-01 8.829223207240232130e-01
-4.766384978201335665e-01 8.216564335307195988e-01
-5.801474838470488393e-01 7.595913850542551637e-01
6.253734344926762390e-01 -7.101124531558921094e-01
6.507631440044353566e-01 -7.552483818754228695e-01
6.450220891184593741e-01 -7.534745249790646415e-01
6.329232004760131369e-01 -7.464395157823037197e-01
6.393137904049011055e-01 -7.585932831054861269e-01
6.325028081784533907e-01 -7.640965257207337213e-01
6.365056125453790736e-01 -7.609446862052162697e-01
6.536239635961648142e-01 -7.453170250910987615e-01
6.475109852474880689e-01 -7.581591031959071803e-01
6.289333778393726426e-01 -7.668841964695755076e-01
6.249438689298023597e-01 -7.698005787868125172e-01
6.392094088930432294e-01 7.608533438567635088e-01
3.706874391502636423e-01 9.009552892591483619e-01
6.485790086899027029e-01 7.392496345748358344e-01
6.594523914174322821e-01 7.293781984983267463e-01
6.197165419560232147e-01 7.630551833445964327e-01
1.545666535382391737e-01 -9.462396963721637633e-01
1.824881248352785701e-01 -8.860284787550088970e-01
1.358128599144900195e-01 -9.710385137915475973e-01
1.608759893943260688e-01 -9.696606436851767929e-01
9.272144376373024632e-02 -9.871835725872969425e-01
8.710416474664395281e-02 -9.871737911717402003e-01
1.524691055500781711e-01 -9.714812540105398631e-01
2.673685787560025617e-01 -9.208367519348630292e-01
2.639975592763796897e-01 -9.507999414145561490e-01
3.148701899941831472e-01 -9.421512966895860819e-01
3.062875166902164770e-01 -9.329934579097408642e-01
3.099672924028746279e-01 -9.442563149163284431e-01
2.719084271041922185e-01 -9.478272084557937127e-01
3.201303800477721118e-01 -9.398238120371621429e-01
2.872998348915445366e-01 -9.426241417189628047e-01
2.945581846869009257e-01 -9.383495499002757478e-01
2.604440628623811982e-01 -9.518810426550901038e-01
2.904702805052924441e-01 -9.408487992199952021e-01
2.798923751984954134e-01 -9.457894754633345835e-01
2.840305408266202702e-01 -9.443455770950205386e-01
2.564129343400305405e-01 -9.530115109668249040e-01
2.515188764545966960e-01 -9.542615514443741898e-01
2.674321818049974486e-01 -9.496097732363649735e-01
2.764851989357863804e-01 -9.466508966898380395e-01
-4.274734058063708875e-01 6.744191399555611310e-01
-5.646933552677199097e-01 7.686107767208759656e-01
-8.359392506893477404e-02 6.593215937730686482e-01
8.856555683496752929e-01 -4.460927283464736215e-01
8.674174977294689670e-01 -4.554090564140796382e-01
8.994683621936454543e-01 -4.126648419044251503e-01
8.485594645708697259e-01 -5.121516417756704076e-01
-2.698439038074588736e-01 9.568603196020684098e-01
-1.016176403873390865e-01 9.823568112397589314e-01
-2.755888371625862532e-01 9.552942366476278035e-01
1.170933425703115927e-01 9.837624237859797782e-01
8.015497874734702766e-01 -5.684507765387996070e-01
8.157383788406695757e-01 -5.674514586032928243e-01
8.033557715627566154e-01 -5.840793981417264913e-01
8.123694838477004687e-01 -5.790221546804102948e-01
8.094663182772116050e-01 -5.761106330626911687e-01
8.251382152508341949e-01 -5.362060450001917555e-01
7.873945244001133714e-01 -5.391187025253766363e-01
8.253111987846922792e-01 -5.541919088760767220e-01
8.132125856407457221e-01 -5.531228536823074027e-01
8.205310670258598726e-01 -5.610792222968535858e-01
7.938377908094148561e-01 -5.779090801190905902e-01
-1.068999502222468950e-01 9.858935215724244916e-01
-9.501265980374495879e-02 9.684985239081814745e-01
-3.958098949207135286e-02 9.910913333648923018e-01
-5.763659786766715809e-02 9.787311701314770351e-01
-1.051688643126808542e-01 9.862126569477082105e-01
-1.035508394569631674e-01 9.864711310026120783e-01
-7.834357500070800173e-02 9.841027308642726901e-01
-3.375201507538495849e-02 9.904828562846129669e-01
-1.019849007820467501e-01 9.866506195230596576e-01
-1.004310005478479123e-01 9.867798013521793532e-01
-8.160032178827160421e-02 9.849158874767506289e-01
-1.104086317670163880e-01 9.853199590691165133e-01
-9.597143238061994763e-02 9.874411717062399063e-01
-9.300654207083114411e-02 9.871951796027661485e-01
-1.086945550058658755e-01 9.856651281876231963e-01
-1.139763663098922741e-01 9.844505744093394739e-01
-9.454024777818956227e-02 9.871182704858828538e-01
-9.889646404418069026e-02 9.870296018510102964e-01
-9.108414571061297649e-02 9.867411523698446096e-01
-9.738436312959496133e-02 9.870075427585465189e-01
-8.509013884679036965e-02 9.854526127759364318e-01
-1.121518746526505850e-01 9.849378364020671128e-01
8.401151843728438262e-01 -4.960693656192160517e-01
8.336485554299372103e-01 -4.501137822865331484e-01
8.724632844634420126e-01 -4.430759620611122163e-01
8.738517301348497357e-01 -4.387502336974734574e-01
8.449462174246172852e-01 -4.926616778865572921e-01
8.708595443305171546e-01 -4.472586920280185452e-01
8.785697957067442054e-01 -4.212553414788518524e-01
8.648523605244005097e-01 -4.621747406381617740e-01
8.354902270727492253e-01 -5.054913568965814230e-01
8.479181824078843022e-01 -4.878604896421925297e-01
8.657689203148660750e-01 -4.882097043660755809e-01
8.561862242600571937e-01 -4.794412952454756294e-01
8.567960659317729322e-01 -4.743198173638210613e-01
8.750620373734769863e-01 -4.337683224765864765e-01
8.596104017882485460e-01 -4.709038905259621544e-01
8.509916952090186282e-01 -4.827762717923434477e-01
8.679339890586239559e-01 -4.551769696653159558e-01
8.389000086374100995e-01 -5.012197527406743180e-01
8.623732056541362212e-01 -4.652669653250737780e-01
8.766344506721616137e-01 -4.278180720650749946e-01
8.805751237345668114e-01 -4.147022484298424905e-01
8.664089959233628457e-01 -4.587459044609526471e-01
8.693755244335934496e-01 -4.513581234750294602e-01
8.824523841488386422e-01 -4.082313576550997691e-01
-1.794360995624097177e-01 9.790858658389323121e-01
-1.875822581561108759e-01 9.674339956442971067e-01
-1.884800955188204730e-01 9.803591174219294935e-01
-1.880271459755751828e-01 9.773646148221117880e-01
-1.890629204100773286e-01 9.387634589246018901e-01
-1.813788046201118553e-01 9.788076979899246188e-01
-1.845096992220686405e-01 9.782197404131527385e-01
-1.772314601477298635e-01 9.794057566474749787e-01
-1.910122476023368987e-01 9.798229822828242730e-01
-2.618103065413364128e-01 9.607027469487029459e-01
-4.207373635094720510e-01 8.768533833884301076e-01
-3.352847820779022991e-01 8.472740844708100960e-01
-3.747726961197958007e-01 9.021956980884542343e-01
-4.087473768400645135e-01 8.838697047949090058e-01
-2.810853519671877021e-01 8.704576534538734922e-01
-3.958551494105452262e-01 8.913730785200315587e-01
-1.028278942916292099e-01 9.865733573701532810e-01
-9.848098796358500939e-02 9.922356791641619989e-01
-1.038077340941027243e-01 9.935891711207148758e-01
8.488806287348712454e-01 3.807118522165606755e-01
8.970943801140408569e-01 3.866698645355657327e-01
8.841475382159316165e-01 4.140001975691851022e-01
8.847056085150056814e-01 4.460115805470712402e-01
8.724657681234240236e-01 4.348204189591773350e-01
8.998971620621677436e-01 3.797615805339902839e-01
9.081131882389613663e-01 3.568179951060188593e-01
8.941790369145637962e-01 3.934347587836420357e-01
8.911094400603467580e-01 4.001852409526743815e-01
9.110131983213670681e-01 3.477454693298271393e-01
9.026241168455880759e-01 3.725897622120257768e-01
8.877857099213966041e-01 4.069884030384451346e-01
9.053493769249268963e-01 3.650142272101487562e-01
8.799062224929112830e-01 4.215527980185355128e-01
-5.630867149011206108e-01 7.659321483915376705e-01
-4.383891460522205130e-01 6.303766630403035975e-01
-4.423051695330161293e-01 8.768873394706290236e-01
-6.111518112644656053e-01 7.362807671959138434e-01
-5.771686230285097974e-01 7.628092941464075238e-01
-6.026086342238055060e-01 7.437380326254185992e-01
-5.858254730291146961e-01 7.567669370822203145e-01
-5.942370282603380849e-01 7.504943549683339432e-01
-9.585837094599941599e-01 2.736370293931199571e-01
-9.546104130578019209e-01 2.695398459416533110e-01
-9.441639388974504277e-01 2.601987682174407013e-01
-9.590396845973725437e-01 2.542209738752321257e-01
-9.602132543307835277e-01 2.493739925939744140e-01
-9.597928914999003247e-01 2.697542476072378181e-01
-9.608062684838356571e-01 2.662374988880832904e-01
-7.879119916531707180e-02 9.862915586282198221e-01
-7.017935290574636720e-02 9.651890930705772087e-01
-6.689543445329775018e-02 9.938611601002568241e-01
-6.103334977104432624e-02 9.859016836488259106e-01
-6.133664833633072772e-02 9.939016746306111871e-01
-6.420815697238291264e-02 9.938838104524934103e-01
-5.937440886515216870e-02 9.938699242187259975e-01
-5.732738036514316987e-02 9.937471168850458003e-01
-7.299514372127251238e-02 9.857114934674642281e-01
-7.611457361863943616e-02 9.863942120878860242e-01
4.811770919319161566e-01 -8.367969404760698948e-01
4.202116458763833218e-01 -7.992139768923243182e-01
4.581475446098206561e-01 -8.523792742899227726e-01
5.016868517592979471e-01 -8.217126470576968655e-01
-9.686200550497058304e-01 3.806438195698200883e-02
-9.117517481397307000e-01 2.823333289242200422e-02
-9.027271668374352576e-01 7.451563261294592844e-02
-8.613428019717402906e-01 -3.362376163573011500e-01
-8.959493694588307466e-01 1.135299496024867461e-01
-8.817242572710983772e-01 -4.316520205020461520e-01
-8.654817684559947821e-01 -3.878968371774157431e-01
-9.038166079839795586e-01 -3.863380918461227220e-01
-8.878097106801026150e-01 -4.205669866826777237e-01
-9.086627479328988066e-01 -3.738141834766394167e-01
-8.930963542345417006e-01 -4.104468794809859045e-01
-8.993039856535204324e-01 -3.972299999027048001e-01
-8.002196280869835476e-01 3.178596347389220367e-01
-1.614341919991774468e-02 9.243677101013498820e-01
-7.997082442722699969e-02 9.207325137096822321e-01
-1.931209861988500420e-01 1.915490787322229604e-01
-3.938544208145440262e-01 -1.054707915815981945e-01
-4.917977772539523507e-01 1.863814072546502165e-01
-6.162687888102820200e-01 -1.895388710989336645e-01
-5.876962985213257662e-01 1.711854234480458814e-01
-6.115031502200835023e-01 6.642502895660810924e-02
-9.271730877697099693e-01 5.205469480856177167e-02
-7.626011236064640375e-01 4.833041473152790979e-03
-3.220330441001578725e-01 -3.502541951387319608e-01
-7.279573081836524517e-01 -6.987243915619781309e-02
-9.194874078198398415e-01 9.781731581171203282e-02
-2.326212524628732889e-02 -3.835008189310876170e-01
-6.841857973015315064e-01 -1.282990757240832502e-01
-6.720094354968482175e-01 -2.398946259971819137e-02
-2.146421448420882949e-01 -4.033157587795705434e-01
-4.464588966060089037e-01 -3.265320408128384311e-01
-5.968870409273745459e-01 -2.823998072514083413e-01
-9.319517405393025478e-02 -2.978367063339295018e-01
-1.905090426978499618e-01 -1.597354432221670395e-01
-5.966155662538631665e-02 -4.583788741974414438e-01
-1.367792729348221159e-01 -4.587624197060153897e-01
-3.457352680386968635e-01 1.952105998210629523e-01
-5.451477030876350494e-01 -3.455026320703747933e-01
1.717965610568187029e-01 -6.936196045984258651e-01
1.470412914882058587e-02 -3.507597384941271712e-01
1.340004632393456963e-01 -7.265622950883598996e-01
8.215347650068224872e-02 -9.126239635942895445e-01
-1.332676513599063452e-02 -7.755467888387269637e-01
-4.277768751686476800e-02 -9.167419194406556393e-01
1.090707784779851482e-02 -9.151593032567034713e-01
-9.580533979391891997e-02 -9.150164728149713378e-01
2.714334866543758884e-01 -6.480436833106740790e-01
6.458389752259191541e-01 -7.526484796183863235e-01
6.478376773268923472e-01 -7.569933859702585588e-01
6.531940549724229994e-01 -7.522871088871063705e-01
8.375474137754722603e-01 -4.538990796223110191e-01
7.579027002116536238e-01 -4.487007429089208688e-01
8.087835972344472601e-01 -5.020618346326533032e-01
5.427034560970777077e-01 -3.441322202556807985e-01
8.617343185332251299e-01 -4.059393179419505948e-01
1.864106424259370509e-01 -2.824253036697703563e-03
6.082501316794202140e-01 -2.434199161613309903e-01
8.019608575989670696e-01 -3.687275507319515144e-01
8.648291179717105814e-01 2.953016529109043220e-01
8.257362577613169830e-01 -3.195823855720966167e-01
6.773313855705285214e-01 6.013145486418234320e-01
8.462176968955938960e-01 -2.704198130936555367e-01
8.538172506396266570e-01 3.246871609892066357e-01
6.583169434870066450e-01 6.199716129300156808e-01
-5.462244749389845444e-02 -9.655384379842012477e-01
5.667883447906051086e-03 -9.655566967307955828e-01
3.695916326622625814e-01 -1.571595069213514440e-01
1.187118349354710362e-01 8.491769977586739460e-01
4.209744662916637542e-02 8.547942303125742880e-01
7.103702723843509093e-01 -4.022859949692174086e-01
-6.961011565850581118e-01 -6.012887262688882961e-01
-4.455555821049869136e-01 -2.191612378922024040e-01
-7.094449070217127007e-01 -5.890303672087283671e-01
-7.213380259984295551e-01 -5.748283305506878271e-01
-7.380938650764572451e-01 -5.561254766317061948e-01
-7.651451234472669283e-01 -6.017526278966729425e-01
-7.793999482397819811e-01 -5.854559044833633763e-01
-7.368143706574239449e-01 6.485741874177148869e-01
-7.214378625461388417e-01 6.006838245905552487e-01
-7.740848902144982224e-01 6.011494804434491801e-01
-7.620711874661943996e-01 6.369636217419231139e-01
-7.534800058390953570e-01 6.285899283412130778e-01
-7.660295325316928139e-01 6.125650996709246510e-01
-5.822659017003782855e-01 8.056932126469537048e-01
-5.864285822454260444e-01 7.917446727053655264e-01
-5.956480888675960150e-01 7.966557288892813782e-01
-5.868217667417463534e-01 8.029671311182643434e-01
-5.862258024054389782e-01 8.077315783456756604e-01
-5.847590039997794253e-01 8.043562973782785175e-01
-5.895579649475150008e-01 8.012791375271096639e-01
-5.800967376846988266e-01 8.070804258260213526e-01
-5.920566279113342878e-01 7.995230356232825297e-01
-5.968506200037340115e-01 7.955938306183855113e-01
-5.944612398446795787e-01 7.976362069714130199e-01
-5.882593542686292976e-01 8.021098639996536717e-01
-5.997397738660840139e-01 7.930069438285434202e-01
-5.932799203418009926e-01 7.985981008002562831e-01
-6.013137634209110294e-01 7.916498522660376791e-01
-5.908152169297784528e-01 8.004174206624009580e-01
-6.030111753052428414e-01 7.901152455656365037e-01
7.934128031168541373e-01 6.016851060306357413e-01
7.898614974283399981e-01 5.943162983553055279e-01
7.738606955071453131e-01 6.147662377881977225e-01
7.624675648960911323e-01 5.949053643374704325e-01
7.989953605067019460e-01 5.940551157821587491e-01
7.790909680885066413e-01 6.085719231602315649e-01
1.834107502203430606e-01 -9.800073792324517363e-01
1.493464542372305581e-01 -9.828386432557978392e-01
1.525440104285190890e-01 -9.861590424649193665e-01
1.483358641426094915e-01 -9.868606685556503555e-01
1.496357082244594294e-01 -9.866560489281208657e-01
1.509981807284128397e-01 -9.864373598647965258e-01
1.907014413234637551e-01 -9.783631398161395376e-01
1.447409944896307643e-01 -9.872392461029109167e-01
1.469359552025139293e-01 -9.870260345495701637e-01
9.727921011836916654e-02 -9.899523922707814672e-01
1.508675512015580922e-01 -9.706716494119053129e-01
1.503119253303695224e-01 -9.829857810215523184e-01
1.919807514209184718e-01 -9.742643104907598994e-01
2.209180638447992007e-01 -9.720926936907647864e-01
9.426193790954469354e-02 -9.848881136416892668e-01
1.580468399708409022e-01 -9.818223614333385640e-01
1.174669717710170869e-01 9.351373971174159472e-01
1.218499324463623024e-01 8.432828252809121405e-01
8.165530123172745625e-02 6.345793197781941508e-01
-9.101458010625744846e-03 1.254022291729136873e-01
1.760384081770890174e-01 9.259726387593592012e-01
2.316942333051539571e-01 9.131897470478812506e-01
-1.769475727252683150e-01 9.798638368940323362e-01
-1.818486935699493157e-01 9.696847463249917976e-01
-2.190645233919484569e-01 9.590799763145899659e-01
-1.960234145277703066e-01 9.660708561456482490e-01
-2.146975344933321206e-01 9.607336968247190967e-01
-2.103400399808957877e-01 9.622248564489581657e-01
-1.874594121574564287e-01 9.683237653822667212e-01
-2.061371061157155349e-01 9.636858560620553682e-01
-1.917243568716217872e-01 9.674786641522422626e-01
-2.022149922742418615e-01 9.648698660896518620e-01
-2.021353575764804622e-01 7.458422048422136408e-01
-1.408934647983936250e-01 8.732042802425641348e-01
2.055077251767035811e-04 8.734679843616484085e-01
-1.169454006232958504e-01 9.129473971765879048e-01
1.622458915361926421e-02 9.662410453771356211e-01
-1.462515868630718564e-02 9.006405963263808268e-01
-2.898470085737776814e-02 8.864736468416883897e-01
-4.656283540270689941e-02 9.027057994145626374e-01
-1.660217720074347036e-01 9.224895922079527910e-01
-1.441517622187960257e-01 9.230765719496561994e-01
-2.007463263029322376e-01 9.175930537533881770e-01
-7.206761146666434970e-02 9.025691939130654484e-01
-1.840002122151804531e-01 9.206706397229735828e-01
-2.276364559504814589e-01 9.547777805918795657e-01
-1.559090826829425958e-01 9.202808846790763164e-01
-1.521433035026413527e-01 9.775438192190174513e-01
-1.680007860950857024e-01 9.749038726458323367e-01
-1.600751164557834838e-01 9.765251048392863398e-01
6.657701088705350045e-01 -6.954186497481891216e-01
6.446971276253192773e-01 -6.168777348537048955e-01
6.480135691296550204e-01 -7.105350579876565931e-01
6.815562433439784629e-01 -6.813174297261592738e-01
7.021796705644930414e-01 -6.616044747383765801e-01
4.580002825245000353e-01 -4.249670049079599665e-01
6.311554155490624318e-02 -1.780627502003484242e-01
8.015382610239543126e-01 -5.010278472008583561e-01
7.568637493264709359e-01 -5.660425116527447731e-01
-2.594387654932713283e-01 9.636038543262099854e-01
-2.578934590142927252e-01 9.603394663446707114e-01
-2.651307192214131248e-01 9.579292649272567184e-01
-2.542136944815970301e-01 9.505823617257820324e-01
-2.501537793885729721e-01 9.627265122078461079e-01
1.173963359683176527e-01 -9.904868095274925732e-01
1.153166058466888882e-01 -9.861505100019594128e-01
1.219148980973631113e-01 -9.915409879931189607e-01
1.101831279796498947e-01 -9.908008623450406116e-01
1.153788797334607402e-01 -9.907919663945539135e-01
1.142089747050026582e-01 -9.908427854576362659e-01
1.191535896679013218e-01 -9.902141520381242401e-01
1.112065063586793467e-01 -9.908771672849856493e-01
1.131968446691915542e-01 -9.908338077063240101e-01
1.164077138757874108e-01 -9.906438699496633582e-01
1.203954391169925614e-01 -9.900320652043138603e-01
1.166825707945073620e-01 -9.921753062307370197e-01
1.182256469228503276e-01 -9.903679410840778852e-01
1.196399800538142100e-01 -9.918507794432094293e-01
1.181860080759706277e-01 -9.920471546582172451e-01
1.174603450306275360e-01 -9.921130802791489067e-01
1.189639073769491878e-01 -9.919506974438799807e-01
1.204011766491937252e-01 -9.917340743912683720e-01
-1.413182349112213354e-01 9.587804374511622596e-01
-1.295851746953543271e-01 9.084566536228381173e-01
-4.720240741106523918e-02 9.184817095379256280e-01
-2.172251908187629865e-01 9.711054797624666390e-01
-2.105978167537727597e-01 9.617810727217833699e-01
-2.218354215446251554e-01 9.698752505289223169e-01
5.355208835321734195e-02 -6.602571718227207009e-01
-7.049316284103258612e-01 -6.472895744130600093e-01
-7.318695577538965047e-01 -6.196278164425877977e-01
-7.181647194803092438e-01 -6.341206722896914894e-01
-3.959576599586712153e-01 8.909677123425412404e-01
-3.206910485944325928e-01 8.570511449451871933e-01
-4.110788711159634734e-01 8.820588357583371009e-01
-3.075227048929959905e-01 9.302089663737793668e-01
-3.713673959841312100e-01 9.037964536411887684e-01
-3.906403662739931226e-01 8.948849367259356091e-01
-3.540973387884917556e-01 8.478793819570259460e-01
-4.217446957961786258e-01 8.774066452455893117e-01
-3.788441939817325799e-01 9.008098067326074654e-01
-4.011068057241382045e-01 8.891950554080814140e-01
-4.111419443297331111e-01 8.835272745262885419e-01
1.041983755894674152e-01 -9.860014751229879693e-01
9.967788743779067151e-02 -9.918022994386510582e-01
-7.491489654264774645e-01 6.349035965876245191e-01
-7.103461696530425362e-01 6.203672193183379369e-01
-7.322908665692671182e-01 6.551577474341303553e-01
-7.407387229490697278e-01 6.453220515475422969e-01
-7.226488637052530528e-01 6.657023600607343550e-01
-4.756385747323191998e-02 9.598580214512787423e-01
-2.309871611160704483e-02 9.842434431511084547e-01
-7.901946251135705257e-02 9.658512735741495714e-01
-6.533155074997276657e-02 9.630728478210187626e-01
-8.102704301924557040e-02 9.933321376956465443e-01
-8.348711076692086341e-02 9.869865131834276717e-01
-1.175053447038164750e-01 9.902131648357118676e-01
-9.050539384917748176e-02 9.928931319850313741e-01
-7.318653776969615832e-01 -6.563263968941212001e-01
-7.082661766301903139e-01 -6.398191638828117922e-01
-7.170662966455739751e-01 -6.723530349058958189e-01
-5.379034543774771082e-01 8.361079257699152167e-01
-5.271154674226277148e-01 8.307080485035910344e-01
-5.312969428477143374e-01 8.402879095171496004e-01
-5.254077830588304021e-01 8.437131559085889743e-01
-7.654295202753953475e-01 6.005723395907712758e-01
-7.148080049608166453e-01 5.947311147496583406e-01
-7.635817125146426854e-01 6.271853886580643911e-01
-7.776000262464700663e-01 6.111200900411210002e-01
-7.922760278537788192e-01 5.908095001896683796e-01
-7.745673793723438783e-01 6.148214116543532226e-01
-7.960150560221035398e-01 5.850573594976946623e-01
-7.805046929677149636e-01 6.074390515207630514e-01
-7.677131596702171379e-01 6.226733023522924571e-01
-7.861487002844984584e-01 5.997820037468820642e-01
-7.833256818120535314e-01 6.036906014804359621e-01
-7.890814022368276559e-01 5.955682397329646882e-01
-7.713081632678785438e-01 6.186213166420481135e-01
-1.389701255115518841e-01 -5.931458054148155412e-01
-6.914647896075301059e-01 -6.465025368930588101e-01
-7.190967241069272653e-01 -6.843087844017473609e-01
-7.216182440248798402e-01 -6.645521096266426841e-01
-7.369748352687148785e-01 -6.648038170657221135e-01
-7.280430179103565269e-01 -6.749805768315286780e-01
-6.968328960216189083e-01 -6.905209391291944332e-01
-7.322552609458613526e-01 -6.703184168037648050e-01
-7.238632259758105425e-01 -6.794299819906647331e-01
1.807657678335370666e-01 -9.816171984615943424e-01
1.803809152699161478e-01 -9.780717176222909481e-01
1.829477560535729685e-01 -9.811559641748637262e-01
1.787515838253040112e-01 -9.819821834781764514e-01
8.690708868862032643e-01 -4.487789924021008403e-01
8.843731360602343772e-01 -4.504147086800496247e-01
8.927304465055679872e-01 -4.314488149770817071e-01
8.769722448248360447e-01 -4.308400706205699482e-01
8.972272813425978821e-01 -4.203066183541454004e-01
1.901378317864135248e-01 -9.795652164477905988e-01
1.737646476779337590e-01 -9.793618950353188968e-01
1.815223896072865883e-01 -9.778188488989489890e-01
1.829671321099687609e-01 -9.774367301725490620e-01
1.717574695363578985e-01 -9.799038245917995882e-01
1.767493990023428219e-01 -9.793943492141097273e-01
1.690323532778651161e-01 -9.802398380843289072e-01
1.744688038284389342e-01 -9.798392181184558680e-01
1.864042561962410971e-01 -9.761156730090566613e-01
1.756811272299584614e-01 -9.795124396906693676e-01
1.800084719238475572e-01 -9.783010787011080511e-01
1.702876865939304540e-01 -9.801230690758157005e-01
1.843650674547784585e-01 -9.769077645711116142e-01
1.788381694314035708e-01 -9.787432014634778188e-01
1.654969626353778034e-01 -9.804343426785279147e-01
1.675768222401887719e-01 -9.802588697651895000e-01
1.638546153236882241e-01 -9.806515656711929374e-01
-9.729492016693244150e-01 9.468661178941432943e-02
-9.911131331884774909e-01 -2.140810228080239699e-02
-9.874277862104912096e-01 9.149532783281058568e-02
-9.899265452794675513e-01 6.207760347874050066e-02
-8.308360676696567859e-01 5.252480934598326989e-01
-8.083962141115699218e-01 5.060175199023895232e-01
-7.347090461566095909e-01 4.653310398082884380e-01
-8.442614935907386542e-01 4.501323549485697351e-01
-8.577456145674444699e-01 4.252994231754333998e-01
-8.310969721642175179e-01 4.720900742935886241e-01
-7.218595761808971334e-01 -6.739467489196734329e-01
-7.127895276872348029e-01 -6.541103946557108584e-01
-7.454020653453589107e-01 -6.488207358989679374e-01
-7.309226286332123346e-01 -6.647422423963461613e-01
-7.383174142216413216e-01 -6.567950059783987937e-01
6.871527241825865495e-01 7.050189688588798242e-01
6.592824497382249183e-01 6.953913280028912736e-01
6.963439707527753209e-01 6.962361919026170964e-01
6.655214941738603063e-01 7.240525080184944118e-01
6.773668379637877157e-01 7.139152837206541591e-01
6.985008186148806697e-01 -2.100381153563070091e-01
9.071903121169178075e-01 4.078201256882399428e-01
8.993661513604070956e-01 4.037794403544162081e-01
9.096033071220486210e-01 4.019403223105662559e-01
8.759373460373591769e-01 3.964662079454007726e-01
9.026164873947998268e-01 4.179504819732310361e-01
9.050024744117054487e-01 4.128357923241860461e-01
8.859101427332667367e-01 4.329838596929115879e-01
-3.433950490955448576e-01 9.310917706349224332e-01
-3.541155444050309020e-01 9.266993687283259229e-01
2.305696280473210069e-01 9.492729774409651711e-01
1.933876393773801550e-01 9.203104154744220500e-01
2.099016889569398081e-01 9.550294169743754891e-01
1.815317855986779694e-01 9.615575713634427757e-01
-9.265814983928084558e-01 3.525036814504692861e-01
-9.248440440154885867e-01 3.182923829131830140e-01
-9.376302095812477644e-01 3.227306687207173730e-01
-8.470591486880361121e-01 -5.159475032497115032e-01
-8.245485473420132161e-01 -5.236449645093240735e-01
-8.434886274810113882e-01 -5.217783430282454393e-01
-8.260100998803185934e-01 -5.472238079754320195e-01
-8.398714071312163298e-01 -5.274419038897195655e-01
-9.666684562376198775e-02 9.250897231631247664e-01
-7.098517659417147296e-02 8.053800627978177085e-01
2.474992430525277398e-02 9.304526030185071850e-01
-1.296201986999847844e-01 9.202470325245610816e-01
-6.032073557012936418e-03 9.309519450363654691e-01
5.761008768879986863e-02 9.287019085710821464e-01
-6.572721189656431651e-02 9.283780030543653528e-01
-3.584066263417547138e-02 9.303216349486391756e-01
-9.161937058762941177e-01 3.539726622956222424e-01
-8.949324369666411538e-01 3.366044118555330256e-01
-9.254571170763125076e-01 3.303820321858481623e-01
-9.333027331580653341e-01 3.075419505818351440e-01
2.433998058288671662e-01 -9.294303693109728925e-01
2.465806131127242784e-01 -9.574787053652318303e-01
8.990344341649542104e-01 -4.304018420756556829e-01
9.010561422782894514e-01 -4.308619488758946292e-01
-6.411722393440879575e-01 7.475745633763587472e-01
-6.263166848137521336e-01 7.598324120877186783e-01
-9.712689464034242048e-01 3.184334250536383342e-03
-9.169881270173189103e-01 5.384644397233544905e-02
-9.659244783615181795e-01 7.078615927302173150e-02
-9.685442204956384860e-01 4.814081113681727142e-02
-9.702305197655003433e-01 2.649644041423463228e-02
-9.618201975126259295e-01 9.713162374027133061e-02
1.145770852090018457e-02 -7.787108700230572778e-01
-8.832634353890190804e-01 3.481158006620066470e-01
-6.961910874707530339e-02 9.205773363319419422e-01
6.544406571757175328e-01 -6.040872177303231449e-01
6.802213637368653698e-01 -6.814358819220314167e-01
6.569016934132436702e-01 -7.020354903922302325e-01
7.010601095685271324e-03 9.347573277238477862e-01
-8.685270182582341403e-02 8.183163895154500489e-01
-1.257978473633903915e-01 9.261160177912621805e-01
-2.046618857998734609e-02 9.350519578200544579e-01
3.672390921665814878e-02 9.334613920628577199e-01
-7.247169868270098014e-02 9.327263395095067855e-01
-1.547674723341591618e-01 9.209055582728241651e-01
-4.668007146097323534e-02 9.343860667726157088e-01
-9.860640907894725748e-02 9.300110838105994926e-01
-9.637431424794455914e-01 8.130245569162826424e-02
-9.087837572959530652e-01 8.842472028189646283e-02
-5.818576990252412040e-01 -2.275029433415711594e-02
-9.167448142325425042e-01 6.251587847173609158e-02
-6.172972405441933264e-01 -2.552302957269025202e-02
-9.089662450876971889e-01 1.016200070854606646e-01
-9.225588150087986605e-01 2.819263738669479033e-02
-9.123622240978946918e-01 8.088699089689790900e-02
-6.078133637271789791e-01 -2.654254824263749604e-02
-9.200587498963463950e-01 3.876521393716606673e-02
-1.354176239525703776e-02 -5.344868154433417892e-04
-8.003221481097920753e-01 3.323995807527785895e-01
-6.983005365242450635e-01 -5.908316246061514621e-01
-4.975126126441047902e-01 -1.470882863951771535e-01
-9.070834083946162085e-01 6.155780477433882986e-02
-7.117297486376259474e-01 -5.768019619810500487e-01
1.474362914114858703e-01 8.972251231917591774e-01
1.870935270249834137e-01 9.453946223199997112e-01
6.142171966851157627e-01 7.519231529399289515e-01
-9.210165808765561346e-01 3.483414723766632692e-02
-6.105277679640117583e-01 -2.477864123377097536e-02
-9.134379386897143460e-01 7.680295062133499218e-02
-9.810834270578691618e-02 9.921871518395323220e-01
-9.980507807411172216e-02 9.860862242931949240e-01
-3.097404377302821060e-02 9.920519915386015741e-01
-9.179746487205246996e-01 4.862057995540098460e-02
-6.218507110400971483e-01 -3.000558438154005830e-02
8.765775040361775128e-01 3.054205538929463115e-01
1.014684658666065442e-01 6.963266781054545662e-01
9.028152780052198789e-01 1.763948197399367035e-01
8.640995643874845866e-01 3.357438332171664430e-01
-2.418994705276958021e-02 9.925337765561336179e-01
-4.006636889718225014e-02 9.850741358417794968e-01
-3.079475687826356209e-02 9.929471230732983544e-01
-3.654886812673061730e-02 9.932045613444755450e-01
-4.740567112751241097e-01 -1.781881021991418845e-01
-7.090175041647959198e-01 -5.862401896558169234e-01
-8.131861253530142664e-01 3.171956766778095127e-01
-6.611516254489088751e-02 7.864152732543455704e-02
-8.966252132940244479e-01 3.268301199881332719e-01
7.023761805640058031e-02 -7.531238394347105070e-01
-4.734795735513484122e-02 -9.168238201318478220e-01
7.624929309372151243e-02 -9.088211727360032688e-01
1.464347618363295682e-02 -9.149233832086042240e-01
8.267163054046622328e-01 -5.440797165517321510e-01
8.028705972982671524e-01 -5.552518776056061256e-01
7.653373222763100170e-01 -5.313796519555470388e-01
8.133996160668875985e-01 -5.642668194657092240e-01
8.057207650515243458e-01 -5.747404040476468134e-01
8.199844751267683085e-01 -5.546098850254268520e-01
7.163284053952396757e-01 -4.080589108811089050e-01
3.946042511043517664e-01 -2.209947668636764173e-01
8.007397408184049881e-02 8.510883611558323070e-01
1.702794469031679650e-02 7.835404911758948598e-01
9.380158007780250995e-02 -6.032817371311497562e-02
8.138746456633277893e-01 -3.973782567511180974e-01
-5.817510553286657782e-01 -6.709704493152059135e-02
-9.134181536467831375e-01 6.665316498885284768e-02
1.069922817791213177e-01 -9.931493004724194495e-01
1.081493549939554766e-01 -9.911775534231184182e-01
1.063428948496037002e-01 -9.931800616823939221e-01
1.089154653031390446e-01 -9.929900866324619102e-01
1.055651170878649237e-01 -9.932047140958232267e-01
1.083367126943547698e-01 -9.930522389100632230e-01
1.076379739805889135e-01 -9.931151672710729628e-01
1.095025345311013837e-01 -9.929126636373315495e-01
1.101577394203152732e-01 -9.928259605947462596e-01
-9.184742509545839040e-01 4.593088728401178988e-02
-5.992694000996063863e-01 -2.862082236343382532e-02
-9.104680734907251161e-01 8.839015662770033366e-02
-7.491737213127577233e-01 5.526284588846687162e-01
-5.912131849722718213e-01 5.556678167413977576e-01
-7.980408867175303733e-01 5.677037695610600565e-01
-6.627849703612423982e-01 6.726089813450824018e-01
-7.814485803646049611e-01 5.935460665426386395e-01
-6.052893969806634189e-01 7.220270294122522747e-01
-6.728784645626744165e-01 6.615341216595571616e-01
-6.844638000019626078e-01 6.476835810769006052e-01
-7.153324159463387844e-01 6.122302287258113429e-01
-7.022677375034906966e-01 6.285477282056973758e-01
-7.246588440449287516e-01 5.926170585141937730e-01
-7.206798975564148169e-01 6.682458158122143166e-01
-6.825558672962199758e-01 6.537332953070771335e-01
-7.065984365297255376e-01 6.834152161075395249e-01
-7.287583872514653560e-01 6.587841329408984370e-01
-7.136101450131692170e-01 6.760710428921749005e-01
-6.993273622687867785e-01 6.905042701709571684e-01
-6.918411092708960375e-01 6.975090825469453248e-01
-7.996570334604868879e-01 5.647706445440998646e-01
-7.486711825883334281e-01 5.611482652998186493e-01
-7.919779552013309631e-01 5.770241984688725401e-01
-7.751863677742037995e-01 6.009953581727388583e-01
-7.840465802853512356e-01 5.887446584555727780e-01
-7.231178725904640059e-01 6.645569519797188685e-01
-6.951763545085145601e-01 6.349358774669573435e-01
8.508575200784310733e-01 -4.840820553371770196e-01
8.625886488365422933e-01 -4.917106502559506764e-01
8.573555521575071392e-01 -5.004782934736090594e-01
8.596321264489462655e-01 -4.968384333637395067e-01
-8.288255266301092217e-01 -5.442695802177912601e-01
-8.132878828444380925e-01 -5.403494746718598973e-01
-8.348308363725404080e-01 -5.350689051512632632e-01
-8.195285838480080853e-01 -5.571590144389840793e-01
-8.246559717566033232e-01 -5.502151319554164921e-01
7.799401361415313205e-02 7.325409141336687302e-01
6.681021204193344776e-01 6.371902687773652874e-01
6.971384328726974999e-01 6.955396578757769843e-01
6.609818600033352531e-01 6.935059991038996507e-01
6.861440950069521705e-01 7.058941092327315481e-01
6.729892366197527398e-01 7.175623664137864566e-01
-4.727288067607574029e-01 8.732748536697901853e-01
-4.670437879549014792e-01 8.624403918865806151e-01
-4.652347125196705790e-01 8.770647050111691767e-01
-4.811216634582510254e-01 8.686873541704128732e-01
-3.076032548772632547e-01 4.385775853261471569e-01
-1.452000923310036717e-01 -1.187248325367095585e-03
-3.445342010231267765e-02 -3.549335948824484666e-01
1.162411508018868500e-01 -4.182592506390274134e-01
-8.481486457133943224e-01 2.725346700752147577e-01
-7.745562376993470055e-02 1.814313795915318273e-01
4.640883160040366884e-02 3.674725625841288590e-01
1.458694323729222975e-01 -4.925074004056344268e-02
3.875328858883704541e-02 -4.589011879177994357e-01
2.272188170039950716e-01 -1.657106719598467337e-01
9.802122017079716032e-02 1.056587095611811467e-01
1.076715176623118941e-01 -3.174334987678534281e-01
-3.600303396894653091e-02 -4.546109233552063089e-01
6.813322546890447640e-02 2.744153325414119826e-01
2.082104697059854459e-01 -3.407972877508191334e-01
3.655998016172579829e-02 -1.853569996433070133e-01
2.578709365238904261e-01 -2.591401377636162739e-01
6.344781647207362596e-01 7.165562764103566851e-01
3.456427836241680596e-01 7.462045575183495760e-01
2.640644643140995229e-01 5.097278264998833519e-01
3.286959446141735630e-01 8.684220511937998932e-01
5.724630709641514992e-01 7.629065082403894138e-01
6.073811337301847635e-01 7.380288825567309363e-01
4.999359361483515229e-01 8.007010531678703247e-01
6.467381136773433514e-01 7.058320598860661210e-01
6.214229066703038651e-01 7.272608930092356871e-01
6.583348444636215602e-01 6.950474803418321690e-01
5.919327645682597172e-01 7.491914724846864271e-01
8.496476713340401776e-01 -5.127074200408910931e-01
8.455541989972898964e-01 -4.929105190895287092e-01
8.532960540949344752e-01 -5.070792040063456518e-01
8.901070479436702376e-01 -4.495527552885737466e-01
8.853646962284290600e-01 -4.474873791632134612e-01
8.814649534717408086e-01 -4.568097089547658585e-01
8.708376889710741642e-01 -4.752979524793677912e-01
8.826505025635662527e-01 -4.543785129841214077e-01
8.754135889389096370e-01 -4.682005049911800443e-01
8.792119512630192091e-01 -4.610470741239309778e-01
8.804442349974795912e-01 -4.588790805539866291e-01
8.777377333707006013e-01 -4.641014148405706585e-01
8.766521111531091481e-01 -4.661247852414626691e-01
-2.104544275653475183e-01 9.729019616294967143e-01
-2.039094672097953864e-01 9.641655846705579069e-01
-2.043656528217300816e-01 9.744123858505868707e-01
-2.076865067086506311e-01 9.735950368963083301e-01
-2.016286194817764887e-01 9.749785786861711046e-01
1.070869208210848827e-01 9.147428371491111987e-01
8.180625450229958573e-02 7.780520739405635267e-01
6.655717634912500236e-02 9.182402324263174709e-01
1.860797107409589424e-01 9.020492996107556394e-01
2.317945191521600737e-02 9.198466600468313548e-01
1.464941831629936464e-01 9.093534464882171431e-01
-2.490337228212837206e-01 9.522607654491120899e-01
-2.107473695447983353e-01 9.188868065379194316e-01
-2.601913051902811636e-01 9.482416738023100589e-01
-2.328975191484672636e-01 9.575429620772260009e-01
-2.374253529699902054e-01 9.565319806935520530e-01
-2.653096191259345926e-01 9.463604284033005909e-01
-2.548276050510293600e-01 9.500744487051100418e-01
-5.723733287440769812e-01 -7.577430086698758727e-01
-1.414215805741878551e-01 9.163062742940627503e-01
-1.506142465949280584e-01 9.775461222949495266e-01
-4.372914602308117238e-02 9.841331033315734444e-01
-7.869108694048412844e-02 9.933744398346842086e-01
-4.282687363851773316e-02 9.936398229881129307e-01
-1.525343365716114730e-01 9.182098843519914677e-01
-1.691950173373211186e-01 9.745071171658425957e-01
-1.641680675852525695e-01 9.757804898918489567e-01
3.653845281119105781e-01 -8.408616361030452069e-01
3.933168582030768801e-01 -8.899491048572969465e-01
3.748464051616009485e-01 -8.993189644600103616e-01
-8.005662126265246092e-01 3.321073570788889429e-01
-1.525523402925500240e-02 5.808301915872102206e-03
1.716807695141031875e-01 -9.832654932421667215e-01
1.722615720086331792e-01 -9.797015599092495641e-01
1.743051371146809858e-01 -9.828060307932180439e-01
-8.684017493311665392e-01 4.486808103344350207e-01
-8.391867562236881017e-01 4.130666202909927809e-01
-8.773105850390409133e-01 4.292332179528268732e-01
-8.863038174015742676e-01 4.076923733765158153e-01
-5.570031850643909488e-01 8.237020086490767223e-01
-5.469816327925219879e-01 8.184150781230982163e-01
-5.495748439455273582e-01 8.286287806296338543e-01
2.736434551078084088e-01 -9.564789505828160676e-01
2.726178579008585734e-01 -9.473312047700861438e-01
-4.432628013356233465e-01 -1.937571416137343905e-01
-7.012343302221375474e-01 -5.953251230017526652e-01
-7.146733349529802437e-01 -5.813770648375050643e-01
1.070763481608739687e-01 -9.930658536125454017e-01
1.114936361326071407e-01 -9.909077262933688734e-01
1.115676253657185701e-01 -9.927023969921088264e-01
5.723797678816052725e-01 -7.280176560727973367e-01
4.566077662488581268e-01 -5.792187850745463829e-01
-9.671370784626243111e-01 2.424732654223726580e-01
-9.615810739596167833e-01 2.442266319244233153e-01
-9.653211863261191850e-01 2.491078540347121950e-01
-9.683657780647016988e-01 2.367956530251357217e-01
-9.666129557249567572e-01 2.444656112504975387e-01
-9.675924951313721323e-01 2.404830326252010153e-01
-9.660493960268429214e-01 2.466096362980704781e-01
-7.424816203021936678e-01 -6.573128296697087203e-01
-7.378197721880462856e-01 -6.417637345635505142e-01
-7.762424764125938070e-01 5.985677145860085480e-01
-7.336835264012574465e-01 5.819971784221510402e-01
-9.895077428177866397e-01 -1.018446275882257113e-01
-9.924919930469314755e-01 -1.047720706129457585e-01
9.071898750231811859e-02 -9.863507695775890483e-01
1.414236945585812255e-01 -9.711972864738156463e-01
1.521767949532218389e-01 -9.827765203539416961e-01
1.371889218038321867e-01 -9.847919629396586494e-01
9.568401167216673830e-02 -9.863042587672794514e-01
1.913557130095161207e-01 -9.746324308995937269e-01
8.667454805178849142e-01 -4.844936214020542087e-01
8.704318095606311534e-01 -4.870530221541037319e-01
-3.353392506089245551e-01 8.518433641876810292e-01
-4.018766571828770728e-01 8.875433968701328391e-01
-9.885253622514583727e-01 8.639732546307807293e-02
-9.745749360574857967e-01 9.238303438707096138e-02
1.689329550437312366e-01 -9.837166452025311036e-01
1.683956591606139697e-01 -9.802745709792827222e-01
1.665375886910187286e-01 -9.841043385090503248e-01
8.485809688868185818e-02 9.763291285152891907e-01
7.294519813137737008e-02 9.450525516067829201e-01
-5.966239775210245844e-01 7.956325750860906432e-01
-5.999178364755340942e-01 7.974570354379091341e-01
-1.282475212014268506e-01 9.889467152840289987e-01
-1.255184779806635398e-01 9.834863319968480955e-01
-1.350058930205571273e-01 9.878671107210016400e-01
-1.255609217549996659e-01 9.892525579229859423e-01
-1.329706804372602080e-01 9.881797570249812868e-01
-5.819723238396672105e-02 9.915785512023870263e-01
-3.808811685882432241e-02 9.929491517730697492e-01
-8.175490830644245588e-02 9.862245136609596452e-01
-1.208340695613258076e-01 9.897244447652676635e-01
-2.384518241777596748e-01 9.547935592940269833e-01
-1.965326756227405991e-01 9.157487106467238069e-01
-2.668082158686027050e-01 9.457037636304249650e-01
-2.604985063604471351e-01 9.476316079480199273e-01
-2.509212710436869997e-01 9.503560814195133322e-01
-1.282100113621911786e-01 9.837525538920298684e-01
-1.310668713028800003e-01 9.887173250592178331e-01
-1.342868748648021471e-01 9.882403745812760043e-01
-9.908569942226083116e-01 4.937732459456219136e-02
-8.579944369344894017e-01 4.323953075796714285e-01
-9.925974565700074193e-01 -4.213086309382776777e-03
-1.649993966971072257e-01 9.750665997913954275e-01
-1.578689000709769807e-01 9.151946830237974728e-01
-2.604607465600600191e-01 9.457886631814418354e-01
-6.182006522748063199e-02 9.964568705692797845e-01
-6.216310203959208441e-02 9.935931940695780229e-01
-6.000874591543078201e-02 9.965063973349803650e-01
-6.899833251181075600e-02 9.960401088050732099e-01
-6.274200807893635934e-02 9.934763383046367746e-01
-4.513077578350071367e-02 9.965716527618808662e-01
-8.758556917357098737e-01 4.314422847565771435e-01
-8.390973524024351038e-01 4.062182322328080075e-01
-8.855291005799319493e-01 4.088794026721899733e-01
-8.705669687024351067e-01 4.425806109480518447e-01
-8.807706004394566524e-01 4.203931087273298228e-01
-8.645539536554136539e-01 4.546462084205441512e-01
-8.903635848865928404e-01 3.962582599468057465e-01
-8.956337912555590863e-01 3.814377855880267121e-01
-1.902562325301952739e-01 9.674942662612746602e-01
-1.803744079904984476e-01 9.789367266393588229e-01
1.431234533645638352e-01 -9.785829014937003079e-01
1.261834587345033454e-01 -9.665339431110095969e-01
1.040752076014295063e-01 -9.836480005654671954e-01
1.294788388286762237e-01 -9.808028153829166929e-01
1.172039950575451822e-01 -9.823697912118094511e-01
2.117067870518701544e-01 -9.750719201520020585e-01
2.118414353235935355e-01 -9.710000431246994523e-01
2.155095171188332326e-01 -9.741244872949689215e-01
3.047575870905202544e-01 -9.457666974348890587e-01
2.938935951301546723e-01 -9.385608299704356616e-01
2.951533405856984760e-01 -9.492671731691614267e-01
1.876200197179483664e-01 -9.800534372934044391e-01
1.851377831583667366e-01 -9.765942839377278473e-01
2.180964270251396220e-01 -9.727276158708849652e-01
4.217271567360529605e-02 -9.794949561828372175e-01
4.096489377387000502e-02 -9.918282008969290242e-01
-1.110275369594792699e-01 9.912028403167781887e-01
-1.050145719979810738e-01 9.861408132893427769e-01
-1.029158877975402814e-01 9.918428471908026234e-01
-1.091786539321606131e-01 9.914189303171145884e-01
-2.127324442199653165e-01 9.721961216432534192e-01
-2.076426275827454315e-01 9.629324391348254020e-01
-2.286554407880049544e-02 9.923665809085639999e-01
-2.873035540895320025e-02 9.804682147961701899e-01
6.975247639020518697e-01 6.951285253753881621e-01
6.748952324464653207e-01 6.810076313166008033e-01
1.769090412283120806e-01 -9.787413031387484086e-01
1.733931704217589187e-01 -9.693368330545616418e-01
1.782840569642041018e-01 -9.820743534783568096e-01
1.761243084893902022e-01 -9.824769428740146582e-01
-9.909111330288083996e-01 -1.195083399036568073e-01
-9.880459779142329868e-01 -1.171546039780360926e-01
