-3.134378790855407715e-02 -7.351214997470378876e-03 2.319609932601451874e-02
-2.976881153881549835e-02 -6.979384925216436386e-03 2.199480123817920685e-02
-2.846560068428516388e-02 -6.666605360805988312e-03 2.092618495225906372e-02
-2.770813927054405212e-02 -6.477621383965015411e-03 2.020047046244144440e-02
-2.725507132709026337e-02 -6.354829762130975723e-03 1.962982118129730225e-02
-2.701144106686115265e-02 -6.274688523262739182e-03 1.916223764419555664e-02
-2.696724981069564819e-02 -6.225708872079849243e-03 1.881539449095726013e-02
-2.687475085258483887e-02 -6.110762711614370346e-03 1.848294027149677277e-02
-2.675717137753963470e-02 -5.926694255322217941e-03 1.822393201291561127e-02
-2.658889256417751312e-02 -5.635620560497045517e-03 1.809076219797134399e-02
-2.614776976406574249e-02 -5.130083765834569931e-03 1.800109632313251495e-02
-2.571447566151618958e-02 -4.522079136222600937e-03 1.806541532278060913e-02
-2.497387863695621490e-02 -3.748067887499928474e-03 1.803833246231079102e-02
-2.428412437438964844e-02 -3.090898972004652023e-03 1.795830950140953064e-02
-2.358106337487697601e-02 -2.391849411651492119e-03 1.787188835442066193e-02
-2.284263074398040771e-02 -1.743001164868474007e-03 1.772660575807094574e-02
-2.210562676191329956e-02 -9.236072655767202377e-04 1.770184561610221863e-02
-2.125059626996517181e-02 -5.887557108508190140e-06 1.765264384448528290e-02
-2.032700181007385254e-02 1.082277041859924793e-03 1.766690239310264587e-02
-1.920907571911811829e-02 2.283162204548716545e-03 1.759774051606655121e-02
-1.843236573040485382e-02 3.254999173805117607e-03 1.764013618230819702e-02
-1.741013862192630768e-02 4.339294973760843277e-03 1.754742860794067383e-02
-1.612219214439392090e-02 5.755839869379997253e-03 1.744001358747482300e-02
-1.491532661020755768e-02 7.106116041541099548e-03 1.733369939029216766e-02
-1.352407317608594894e-02 8.382908999919891357e-03 1.699919998645782471e-02
-1.216993108391761780e-02 9.783808141946792603e-03 1.674476638436317444e-02
-1.057919953018426895e-02 1.105794031172990799e-02 1.616874523460865021e-02
-9.225955232977867126e-03 1.227609813213348389e-02 1.571936719119548798e-02
-7.978056557476520538e-03 1.333324797451496124e-02 1.519888360053300858e-02
-6.877734325826168060e-03 1.467196177691221237e-02 1.484962925314903259e-02
-5.997322499752044678e-03 1.592541858553886414e-02 1.445796899497509003e-02
-5.322323646396398544e-03 1.742877252399921417e-02 1.411687582731246948e-02
-4.828025586903095245e-03 1.925109885632991791e-02 1.371358335018157959e-02
-4.598292056471109390e-03 2.128341980278491974e-02 1.319344714283943176e-02
-4.570344462990760803e-03 2.340891771018505096e-02 1.264710351824760437e-02
-4.624708089977502823e-03 2.584622241556644440e-02 1.190754119306802750e-02
-4.727866500616073608e-03 2.780862525105476379e-02 1.117877382785081863e-02
-4.824706353247165680e-03 2.963073551654815674e-02 1.040935516357421875e-02
-4.904467146843671799e-03 3.122032806277275085e-02 9.737413376569747925e-03
-4.933919291943311691e-03 3.206471353769302368e-02 9.261624887585639954e-03
-4.956597462296485901e-03 3.295381739735603333e-02 8.742340840399265289e-03
-4.986243322491645813e-03 3.384882956743240356e-02 8.255810476839542389e-03
-5.011054687201976776e-03 3.461087495088577271e-02 7.830857299268245697e-03
-5.036505404859781265e-03 3.545898571610450745e-02 7.339507341384887695e-03
-5.070677492767572403e-03 3.636540099978446960e-02 6.857505999505519867e-03
-5.087301600724458694e-03 3.699870407581329346e-02 6.467826664447784424e-03
-5.121293477714061737e-03 3.799961134791374207e-02 5.902693141251802444e-03
-5.140444263815879822e-03 3.859426081180572510e-02 5.557729862630367279e-03
-5.156324710696935654e-03 3.941942751407623291e-02 5.000131204724311829e-03
-5.190771073102951050e-03 4.027343541383743286e-02 4.549151286482810974e-03
-5.250502377748489380e-03 4.124878346920013428e-02 4.178505390882492065e-03
-5.265644751489162445e-03 4.154854267835617065e-02 4.040515981614589691e-03
-5.279291421175003052e-03 4.199832305312156677e-02 3.767211455851793289e-03
-5.333381704986095428e-03 4.281441122293472290e-02 3.482912434265017509e-03
-5.404174327850341797e-03 4.376336932182312012e-02 3.207625821232795715e-03
-5.464219488203525543e-03 4.453326016664505005e-02 3.002841258421540260e-03
-5.562318023294210434e-03 4.588236659765243530e-02 2.588376402854919434e-03
-5.650835577398538589e-03 4.701120778918266296e-02 2.287376206368207932e-03
-5.752325057983398438e-03 4.844024032354354858e-02 1.825271057896316051e-03
-5.849389359354972839e-03 4.977296292781829834e-02 1.408362761139869690e-03
-5.935329012572765350e-03 5.100227519869804382e-02 9.940573945641517639e-04
-6.015973165631294250e-03 5.222021788358688354e-02 5.471091135405004025e-04
-6.092907860875129700e-03 5.345637351274490356e-02 5.259465615381486714e-05
-6.167761515825986862e-03 5.465481430292129517e-02 -4.278096894267946482e-04
-6.240072194486856461e-03 5.581203475594520569e-02 -8.938072714954614639e-04
-6.312888581305742264e-03 5.707114934921264648e-02 -1.449344446882605553e-03
-6.384332198649644852e-03 5.825895816087722778e-02 -1.955066341906785965e-03
-6.459063384681940079e-03 5.955886840820312500e-02 -2.538440981879830360e-03
-6.532002240419387817e-03 6.086365878582000732e-02 -3.143630456179380417e-03
-6.606226321309804916e-03 6.222456321120262146e-02 -3.792541800066828728e-03
-6.682375445961952209e-03 6.361680477857589722e-02 -4.458084236830472946e-03
-6.741830147802829742e-03 6.477449834346771240e-02 -5.045419093221426010e-03
-6.797487847506999969e-03 6.583423912525177002e-02 -5.575232673436403275e-03
-6.851184647530317307e-03 6.694059818983078003e-02 -6.166638340801000595e-03
-6.902084685862064362e-03 6.801125407218933105e-02 -6.750675383955240250e-03
-6.939371116459369659e-03 6.889594346284866333e-02 -7.274808827787637711e-03
-6.971191149204969406e-03 6.974834948778152466e-02 -7.815668359398841858e-03
-7.014633622020483017e-03 7.075431942939758301e-02 -8.407999761402606964e-03
-7.021194323897361755e-03 7.122256606817245483e-02 -8.799426257610321045e-03
-7.040831260383129120e-03 7.182028144598007202e-02 -9.205816313624382019e-03
-7.048746105283498764e-03 7.224834710359573364e-02 -9.549973532557487488e-03
-7.078156806528568268e-03 7.290361821651458740e-02 -9.931861422955989838e-03
-7.090310100466012955e-03 7.330088317394256592e-02 -1.021250244230031967e-02
-7.117670960724353790e-03 7.391881942749023438e-02 -1.057793106883764267e-02
-7.126443088054656982e-03 7.428024709224700928e-02 -1.085509546101093292e-02
-7.152924314141273499e-03 7.483715564012527466e-02 -1.117057818919420242e-02
-7.176204584538936615e-03 7.548922300338745117e-02 -1.160843577235937119e-02
-7.205562666058540344e-03 7.617128640413284302e-02 -1.202412787824869156e-02
-7.208446506410837173e-03 7.644981890916824341e-02 -1.227398216724395752e-02
-7.219034247100353241e-03 7.678550481796264648e-02 -1.251322124153375626e-02
-7.245491724461317062e-03 7.736238837242126465e-02 -1.285364665091037750e-02
-7.263305131345987320e-03 7.766219228506088257e-02 -1.299436390399932861e-02
-7.259084843099117279e-03 7.781368494033813477e-02 -1.318329479545354843e-02
-7.262893952429294586e-03 7.808536291122436523e-02 -1.342201326042413712e-02
-7.252187933772802353e-03 7.832674682140350342e-02 -1.376100815832614899e-02
-7.239602506160736084e-03 7.874365895986557007e-02 -1.429594587534666061e-02
-7.256075274199247360e-03 7.891022413969039917e-02 -1.431532856076955795e-02
-7.177142892032861710e-03 7.827006280422210693e-02 -1.437934488058090210e-02
-7.128654979169368744e-03 7.789825648069381714e-02 -1.444150134921073914e-02
-7.163954433053731918e-03 7.837115228176116943e-02 -1.460193376988172531e-02
-7.165295537561178207e-03 7.853897660970687866e-02 -1.476073265075683594e-02
-7.183802779763936996e-03 7.887210696935653687e-02 -1.493252906948328018e-02
-7.110290694981813431e-03 7.807228714227676392e-02 -1.478704251348972321e-02
-7.151267025619745255e-03 7.836151123046875000e-02 -1.470836810767650604e-02
-7.199873216450214386e-03 7.899728417396545410e-02 -1.491424906998872757e-02
-7.237377576529979706e-03 7.953749597072601318e-02 -1.512437593191862106e-02
-7.301013451069593430e-03 8.050034940242767334e-02 -1.552970148622989655e-02
-7.512319833040237427e-03 8.327262848615646362e-02 -1.643761619925498962e-02
-7.731666322797536850e-03 8.641465008258819580e-02 -1.765499636530876160e-02
-7.864881306886672974e-03 8.840741962194442749e-02 -1.848295331001281738e-02
-7.954922504723072052e-03 8.972167968750000000e-02 -1.900889724493026733e-02
-7.959561422467231750e-03 9.010998904705047607e-02 -1.936990767717361450e-02
-7.851312868297100067e-03 8.910891413688659668e-02 -1.934086531400680542e-02
-7.938933558762073517e-03 8.987911045551300049e-02 -1.932260952889919281e-02
-7.818359881639480591e-03 8.891973644495010376e-02 -1.945243589580059052e-02
-7.764071691781282425e-03 8.841644972562789917e-02 -1.943649351596832275e-02
-7.779935840517282486e-03 8.869252353906631470e-02 -1.957597956061363220e-02
-7.727310061454772949e-03 8.814468234777450562e-02 -1.949790865182876587e-02
-7.671711500734090805e-03 8.756551891565322876e-02 -1.941548474133014679e-02
-7.698320783674716949e-03 8.798637986183166504e-02 -1.960550993680953979e-02
-7.788405288010835648e-03 8.898338675498962402e-02 -1.980102434754371643e-02
-7.675793953239917755e-03 8.774814754724502563e-02 -1.956832222640514374e-02
-7.508778944611549377e-03 8.591235429048538208e-02 -1.921991445124149323e-02
-7.531808689236640930e-03 8.635272830724716187e-02 -1.946472935378551483e-02
-7.560365833342075348e-03 8.665738999843597412e-02 -1.951463706791400909e-02
-7.536690216511487961e-03 8.640430867671966553e-02 -1.947296038269996643e-02
-7.510672789067029953e-03 8.617394417524337769e-02 -1.947704330086708069e-02
-7.563858758658170700e-03 8.683111518621444702e-02 -1.966430060565471649e-02
-7.510042749345302582e-03 8.621816337108612061e-02 -1.952946372330188751e-02
-7.511463016271591187e-03 8.622713387012481689e-02 -1.952545344829559326e-02
-7.547224871814250946e-03 8.663575351238250732e-02 -1.961643435060977936e-02
-7.695456966757774353e-03 8.832988888025283813e-02 -1.999391987919807434e-02
-7.584996987134218216e-03 8.708278089761734009e-02 -1.972879469394683838e-02
-7.525163237005472183e-03 8.639742434024810791e-02 -1.957494951784610748e-02
-7.668394129723310471e-03 8.807745575904846191e-02 -1.998497731983661652e-02
-7.567641790956258774e-03 8.686502277851104736e-02 -1.966440863907337189e-02
-7.635036949068307877e-03 8.763971924781799316e-02 -1.984076388180255890e-02
-7.689504884183406830e-03 8.821670711040496826e-02 -1.993178948760032654e-02
-7.486926857382059097e-03 8.585429936647415161e-02 -1.936628483235836029e-02
-7.610712200403213501e-03 8.722924441099166870e-02 -1.963963732123374939e-02
-7.508548907935619354e-03 8.608213067054748535e-02 -1.940085925161838531e-02
-7.533262018114328384e-03 8.646146953105926514e-02 -1.956545934081077576e-02
-7.545596454292535782e-03 8.661236613988876343e-02 -1.960723660886287689e-02
-7.220413070172071457e-03 8.290144801139831543e-02 -1.878510974347591400e-02
-7.639768533408641815e-03 8.774697035551071167e-02 -1.990849897265434265e-02
-7.703325245529413223e-03 8.850280940532684326e-02 -2.010141126811504364e-02
-7.785809226334095001e-03 8.944580703973770142e-02 -2.031186595559120178e-02
-7.680243346840143204e-03 8.825287222862243652e-02 -2.005730569362640381e-02
-7.734898477792739868e-03 8.887971192598342896e-02 -2.019879408180713654e-02
-7.740802131593227386e-03 8.893309533596038818e-02 -2.019898593425750732e-02
-7.737847510725259781e-03 8.888513594865798950e-02 -2.017651125788688660e-02
-7.758331019431352615e-03 8.915412425994873047e-02 -2.026539295911788940e-02
-7.859371602535247803e-03 9.031090140342712402e-02 -2.052476443350315094e-02
-7.794131524860858917e-03 8.956408500671386719e-02 -2.035738900303840637e-02
-7.768727838993072510e-03 8.926163613796234131e-02 -2.027996070683002472e-02
-7.845306769013404846e-03 9.013839066028594971e-02 -2.047656849026679993e-02
-7.832439616322517395e-03 8.999563008546829224e-02 -2.044830098748207092e-02
-7.652299478650093079e-03 8.792057633399963379e-02 -1.997247710824012756e-02
-7.820546627044677734e-03 8.982429653406143188e-02 -2.038070373237133026e-02
-7.740571629256010056e-03 8.887864649295806885e-02 -2.014381997287273407e-02
-3.134722635149955750e-02 -7.352019194513559341e-03 2.319861203432083130e-02
-2.977845259010791779e-02 -6.981725804507732391e-03 2.200310304760932922e-02
-2.850616909563541412e-02 -6.676082964986562729e-03 2.095572464168071747e-02
-2.774496562778949738e-02 -6.486816331744194031e-03 2.023640088737010956e-02
-2.722675539553165436e-02 -6.348434370011091232e-03 1.961442083120346069e-02
-2.698148228228092194e-02 -6.267515942454338074e-03 1.914270222187042236e-02
-2.695922739803791046e-02 -6.225623656064271927e-03 1.882444135844707489e-02
-2.691004797816276550e-02 -6.136913318186998367e-03 1.852363161742687225e-02
-2.679087594151496887e-02 -5.934367887675762177e-03 1.823764480650424957e-02
-2.660023793578147888e-02 -5.639943759888410568e-03 1.807415485382080078e-02
-2.619602717459201813e-02 -5.161045584827661514e-03 1.801462471485137939e-02
-2.566932141780853271e-02 -4.477678798139095306e-03 1.805332861840724945e-02
-2.496639266610145569e-02 -3.734295722097158432e-03 1.804083213210105896e-02
-2.410362474620342255e-02 -2.913296688348054886e-03 1.793121546506881714e-02
-2.336635068058967590e-02 -2.188944723457098007e-03 1.783747039735317230e-02
-2.255177684128284454e-02 -1.436992664821445942e-03 1.770380698144435883e-02
-2.195037342607975006e-02 -7.238840335048735142e-04 1.771628111600875854e-02
-2.104258909821510315e-02 2.464078424964100122e-04 1.765950210392475128e-02
-2.012589015066623688e-02 1.334336469881236553e-03 1.767957769334316254e-02
-1.895575039088726044e-02 2.615590812638401985e-03 1.762470789253711700e-02
-1.799357496201992035e-02 3.603685414418578148e-03 1.752236112952232361e-02
-1.708085648715496063e-02 4.718316253274679184e-03 1.753334328532218933e-02
-1.566245965659618378e-02 6.214869674295186996e-03 1.736352778971195221e-02
-1.424244605004787445e-02 7.734250742942094803e-03 1.718039624392986298e-02
-1.293924264609813690e-02 8.950420655310153961e-03 1.686814427375793457e-02
-1.158223766833543777e-02 1.015723962336778641e-02 1.647641696035861969e-02
-1.033068541437387466e-02 1.136735361069440842e-02 1.614706031978130341e-02
-9.220052510499954224e-03 1.228923723101615906e-02 1.573458686470985413e-02
-7.984374649822711945e-03 1.342835649847984314e-02 1.531480718404054642e-02
-7.126831449568271637e-03 1.410851627588272095e-02 1.493853237479925156e-02
-6.203071679919958115e-03 1.500886864960193634e-02 1.461891923099756241e-02
-5.366332363337278366e-03 1.571765542030334473e-02 1.436094846576452255e-02
-4.348870366811752319e-03 1.625392027199268341e-02 1.410641055554151535e-02
-3.506538225337862968e-03 1.645069941878318787e-02 1.396274287253618240e-02
-2.690824680030345917e-03 1.618157140910625458e-02 1.393915526568889618e-02
-1.948924502357840538e-03 1.590296626091003418e-02 1.397658511996269226e-02
-1.146944588981568813e-03 1.534765865653753281e-02 1.407848298549652100e-02
-5.264494684524834156e-04 1.484816428273916245e-02 1.419481914490461349e-02
3.427027841098606586e-04 1.417952962219715118e-02 1.431612856686115265e-02
1.189920469187200069e-03 1.368072815239429474e-02 1.445576548576354980e-02
2.137368312105536461e-03 1.316777989268302917e-02 1.464790198951959610e-02
3.611676627770066261e-03 1.228735316544771194e-02 1.483895722776651382e-02
5.077790003269910812e-03 1.149038039147853851e-02 1.508255675435066223e-02
6.648011039942502975e-03 1.070512738078832626e-02 1.539614610373973846e-02
8.551077917218208313e-03 9.597095660865306854e-03 1.560312323272228241e-02
1.043909974396228790e-02 8.640453219413757324e-03 1.593401655554771423e-02
1.258859597146511078e-02 7.333749439567327499e-03 1.607380807399749756e-02
1.469026599079370499e-02 6.054216064512729645e-03 1.618693582713603973e-02
1.666496321558952332e-02 4.768294282257556915e-03 1.619016006588935852e-02
1.877870783209800720e-02 3.423441899940371513e-03 1.620458252727985382e-02
2.106451615691184998e-02 1.932979910634458065e-03 1.615946553647518158e-02
2.348907105624675751e-02 3.230558068025857210e-04 1.605506055057048798e-02
2.596040442585945129e-02 -1.313358894549310207e-03 1.592669263482093811e-02
2.802277170121669769e-02 -2.809227909892797470e-03 1.565358228981494904e-02
2.990210615098476410e-02 -4.164214711636304855e-03 1.538980472832918167e-02
3.159734979271888733e-02 -5.399369634687900543e-03 1.511653140187263489e-02
3.301475569605827332e-02 -6.471217609941959381e-03 1.482473313808441162e-02
3.438383340835571289e-02 -7.491343654692173004e-03 1.454144995659589767e-02
3.559214994311332703e-02 -8.410892449319362640e-03 1.424952782690525055e-02
3.683476895093917847e-02 -9.320994839072227478e-03 1.397024933248758316e-02
3.799501433968544006e-02 -1.014417223632335663e-02 1.370489224791526794e-02
3.902898356318473816e-02 -1.086685620248317719e-02 1.343448366969823837e-02
3.988713026046752930e-02 -1.148238778114318848e-02 1.310844905674457550e-02
4.086546972393989563e-02 -1.212727651000022888e-02 1.269725337624549866e-02
4.182416573166847229e-02 -1.275922171771526337e-02 1.210107468068599701e-02
4.273225367069244385e-02 -1.334960013628005981e-02 1.129624154418706894e-02
4.362215101718902588e-02 -1.391711831092834473e-02 1.028325315564870834e-02
4.438838362693786621e-02 -1.442986540496349335e-02 8.761883713304996490e-03
4.520133510231971741e-02 -1.495700981467962265e-02 6.970210000872612000e-03
4.595058783888816833e-02 -1.545166596770286560e-02 4.730279091745615005e-03
4.648960009217262268e-02 -1.586285792291164398e-02 2.229982987046241760e-03
4.702993482351303101e-02 -1.627575978636741638e-02 -5.499304970726370811e-04
4.731424897909164429e-02 -1.656902581453323364e-02 -3.303766250610351562e-03
4.756249859929084778e-02 -1.683316752314567566e-02 -5.629331339150667191e-03
4.783893004059791565e-02 -1.710159145295619965e-02 -7.918711751699447632e-03
4.788729548454284668e-02 -1.725014857947826385e-02 -9.661111980676651001e-03
4.804063215851783752e-02 -1.742547005414962769e-02 -1.128599699586629868e-02
4.816962778568267822e-02 -1.756589114665985107e-02 -1.257026102393865585e-02
4.841450601816177368e-02 -1.777237281203269958e-02 -1.420871261507272720e-02
4.887951165437698364e-02 -1.806924678385257721e-02 -1.605571992695331573e-02
4.919760301709175110e-02 -1.828190498054027557e-02 -1.745312288403511047e-02
4.970012232661247253e-02 -1.857363618910312653e-02 -1.906809397041797638e-02
5.028154700994491577e-02 -1.890671998262405396e-02 -2.088321931660175323e-02
5.108359828591346741e-02 -1.932368800044059753e-02 -2.281748503446578979e-02
5.170342326164245605e-02 -1.965130679309368134e-02 -2.439250051975250244e-02
5.252785608172416687e-02 -2.011828124523162842e-02 -2.692702785134315491e-02
5.355086922645568848e-02 -2.073269151151180267e-02 -3.057816065847873688e-02
5.444171652197837830e-02 -2.131321281194686890e-02 -3.441355377435684204e-02
5.508532747626304626e-02 -2.180447429418563843e-02 -3.821146115660667419e-02
5.544949695467948914e-02 -2.214925922453403473e-02 -4.132502526044845581e-02
5.527528375387191772e-02 -2.217731997370719910e-02 -4.258970171213150024e-02
5.517752096056938171e-02 -2.222524769604206085e-02 -4.376361891627311707e-02
5.507235974073410034e-02 -2.227964624762535095e-02 -4.507369548082351685e-02
5.500078201293945312e-02 -2.234645932912826538e-02 -4.640300199389457703e-02
5.489247664809226990e-02 -2.237509936094284058e-02 -4.736904427409172058e-02
5.486899614334106445e-02 -2.242440544068813324e-02 -4.820905253291130066e-02
5.492325872182846069e-02 -2.252693474292755127e-02 -4.943483322858810425e-02
5.498854443430900574e-02 -2.262438088655471802e-02 -5.053526163101196289e-02
5.521583929657936096e-02 -2.280868776142597198e-02 -5.208764970302581787e-02
5.535217002034187317e-02 -2.292794734239578247e-02 -5.315094813704490662e-02
5.557709932327270508e-02 -2.311016246676445007e-02 -5.469336733222007751e-02
5.582584813237190247e-02 -2.329041063785552979e-02 -5.608852580189704895e-02
5.604098737239837646e-02 -2.343013323843479156e-02 -5.705537274479866028e-02
5.608492344617843628e-02 -2.352332323789596558e-02 -5.822428315877914429e-02
5.626039579510688782e-02 -2.369377762079238892e-02 -5.987191572785377502e-02
5.633131787180900574e-02 -2.380977012217044830e-02 -6.125404313206672668e-02
5.637887120246887207e-02 -2.391691878437995911e-02 -6.262876093387603760e-02
5.635907873511314392e-02 -2.401504479348659515e-02 -6.423106044530868530e-02
5.659636482596397400e-02 -2.417759597301483154e-02 -6.544352322816848755e-02
5.655802786350250244e-02 -2.418459951877593994e-02 -6.575673073530197144e-02
5.670576542615890503e-02 -2.430504560470581055e-02 -6.681035459041595459e-02
5.699842050671577454e-02 -2.446569129824638367e-02 -6.769932061433792114e-02
5.749778822064399719e-02 -2.475858293473720551e-02 -6.951010972261428833e-02
5.802043154835700989e-02 -2.504756487905979156e-02 -7.113487273454666138e-02
5.865464732050895691e-02 -2.540583908557891846e-02 -7.322792708873748779e-02
5.938326194882392883e-02 -2.582385390996932983e-02 -7.573723793029785156e-02
5.999359861016273499e-02 -2.617547661066055298e-02 -7.786557078361511230e-02
6.049304455518722534e-02 -2.647233754396438599e-02 -7.975371181964874268e-02
6.087154895067214966e-02 -2.670773491263389587e-02 -8.135056495666503906e-02
6.117206439375877380e-02 -2.692213281989097595e-02 -8.305436372756958008e-02
6.159905716776847839e-02 -2.717550098896026611e-02 -8.467027544975280762e-02
6.162277609109878540e-02 -2.723060548305511475e-02 -8.541063964366912842e-02
6.183881685137748718e-02 -2.738252282142639160e-02 -8.660680055618286133e-02
6.205161660909652710e-02 -2.755454927682876587e-02 -8.814257383346557617e-02
6.241460517048835754e-02 -2.782239951193332672e-02 -9.036020189523696899e-02
6.240094825625419617e-02 -2.786898612976074219e-02 -9.118172526359558105e-02
6.207442656159400940e-02 -2.777555212378501892e-02 -9.154238551855087280e-02
6.236175075173377991e-02 -2.797144092619419098e-02 -9.304585307836532593e-02
6.225281581282615662e-02 -2.794014103710651398e-02 -9.316500276327133179e-02
6.150154024362564087e-02 -2.764519490301609039e-02 -9.271857887506484985e-02
6.115206331014633179e-02 -2.753526903688907623e-02 -9.295028448104858398e-02
6.078896299004554749e-02 -2.740751765668392181e-02 -9.297382086515426636e-02
6.066736578941345215e-02 -2.738439477980136871e-02 -9.329898655414581299e-02
6.032609939575195312e-02 -2.723727747797966003e-02 -9.288609772920608521e-02
6.060503795742988586e-02 -2.738678641617298126e-02 -9.369616955518722534e-02
6.055736914277076721e-02 -2.737193740904331207e-02 -9.373075515031814575e-02
6.045285984873771667e-02 -2.733179554343223572e-02 -9.368418157100677490e-02
6.049711629748344421e-02 -2.736875042319297791e-02 -9.402662515640258789e-02
6.022487580776214600e-02 -2.730235457420349121e-02 -9.452294558286666870e-02
6.029515713453292847e-02 -2.735294215381145477e-02 -9.493664652109146118e-02
6.016689538955688477e-02 -2.732867747545242310e-02 -9.528451412916183472e-02
6.026448309421539307e-02 -2.738969400525093079e-02 -9.570948779582977295e-02
6.007133796811103821e-02 -2.730523794889450073e-02 -9.545665979385375977e-02
6.074518337845802307e-02 -2.761798724532127380e-02 -9.663212299346923828e-02
5.981547012925148010e-02 -2.720524743199348450e-02 -9.531480073928833008e-02
5.945635214447975159e-02 -2.704443223774433136e-02 -9.478343278169631958e-02
6.028182432055473328e-02 -2.741867676377296448e-02 -9.607937932014465332e-02
5.936284735798835754e-02 -2.700198441743850708e-02 -9.463571012020111084e-02
5.969046056270599365e-02 -2.714907750487327576e-02 -9.512674808502197266e-02
5.941498279571533203e-02 -2.702361159026622772e-02 -9.468498826026916504e-02
5.871593952178955078e-02 -2.669769525527954102e-02 -9.344169497489929199e-02
5.827760323882102966e-02 -2.650144323706626892e-02 -9.279364347457885742e-02
5.929070711135864258e-02 -2.695740200579166412e-02 -9.432981908321380615e-02
5.956882983446121216e-02 -2.707858011126518250e-02 -9.468685090541839600e-02
6.021481007337570190e-02 -2.737733535468578339e-02 -9.579622745513916016e-02
6.079905852675437927e-02 -2.764506451785564423e-02 -9.675963968038558960e-02
6.175423413515090942e-02 -2.807610295712947845e-02 -9.822650998830795288e-02
6.323176622390747070e-02 -2.873704209923744202e-02 -1.004011929035186768e-01
6.350399553775787354e-02 -2.883729897439479828e-02 -1.004529073834419250e-01
6.267715245485305786e-02 -2.844720520079135895e-02 -9.890799969434738159e-02
-3.133307024836540222e-02 -7.348750717937946320e-03 2.318888902664184570e-02
-2.981682494282722473e-02 -6.990758236497640610e-03 2.203197777271270752e-02
-2.841708250343799591e-02 -6.654705386608839035e-03 2.088265866041183472e-02
-2.764142677187919617e-02 -6.461763754487037659e-03 2.014761045575141907e-02
-2.722841873764991760e-02 -6.348427385091781616e-03 1.959772221744060516e-02
-2.706606686115264893e-02 -6.292046047747135162e-03 1.918593794107437134e-02
-2.712574414908885956e-02 -6.294800434261560440e-03 1.888508163392543793e-02
-2.719474397599697113e-02 -6.328592076897621155e-03 1.856955513358116150e-02
-2.734157070517539978e-02 -6.413266062736511230e-03 1.828322932124137878e-02
-2.753172814846038818e-02 -6.593005266040563583e-03 1.789617165923118591e-02
-2.763041667640209198e-02 -6.801198236644268036e-03 1.740512438118457794e-02
-2.775790914893150330e-02 -7.014892529696226120e-03 1.700574904680252075e-02
-2.775620110332965851e-02 -7.167329546064138412e-03 1.661978103220462799e-02
-2.796952612698078156e-02 -7.372725754976272583e-03 1.634977944195270538e-02
-2.792762964963912964e-02 -7.369613740593194962e-03 1.617225632071495056e-02
-2.790325693786144257e-02 -7.294646929949522018e-03 1.609250716865062714e-02
-2.774034440517425537e-02 -7.067077327519655228e-03 1.612382195889949799e-02
-2.745122276246547699e-02 -6.715914234519004822e-03 1.622051559388637543e-02
-2.698586694896221161e-02 -6.125967949628829956e-03 1.643398031592369080e-02
-2.656344883143901825e-02 -5.639320239424705505e-03 1.659147068858146667e-02
-2.625230886042118073e-02 -5.209247115999460220e-03 1.678206957876682281e-02
-2.580235712230205536e-02 -4.661706276237964630e-03 1.695912517607212067e-02
-2.547152154147624969e-02 -4.265981726348400116e-03 1.707337982952594757e-02
-2.500079572200775146e-02 -3.754386678338050842e-03 1.717489957809448242e-02
-2.464131824672222137e-02 -3.274995367974042892e-03 1.733417995274066925e-02
-2.440096251666545868e-02 -2.939969301223754883e-03 1.744955219328403473e-02
-2.404498681426048279e-02 -2.478293143212795258e-03 1.757600530982017517e-02
-2.379819191992282867e-02 -2.123079262673854828e-03 1.769642904400825500e-02
-2.337573282420635223e-02 -1.604115706868469715e-03 1.780289225280284882e-02
-2.295338921248912811e-02 -1.027895370498299599e-03 1.795729063451290131e-02
-2.250120043754577637e-02 -4.234496154822409153e-04 1.809164322912693024e-02
-2.176291495561599731e-02 4.355475830379873514e-04 1.817951165139675140e-02
-2.094813622534275055e-02 1.354185282252728939e-03 1.822562143206596375e-02
-2.007907070219516754e-02 2.344884211197495461e-03 1.826188154518604279e-02
-1.906944252550601959e-02 3.406519070267677307e-03 1.820630207657814026e-02
-1.807221211493015289e-02 4.457242786884307861e-03 1.813019998371601105e-02
-1.718625612556934357e-02 5.411422811448574066e-03 1.805903390049934387e-02
-1.603302359580993652e-02 6.575809791684150696e-03 1.789186522364616394e-02
-1.489717327058315277e-02 7.749737240374088287e-03 1.772705465555191040e-02
-1.375753618776798248e-02 8.901652880012989044e-03 1.752623170614242554e-02
-1.265159435570240021e-02 9.941646829247474670e-03 1.726740412414073944e-02
-1.142534334212541580e-02 1.102785486727952957e-02 1.692688837647438049e-02
-9.966642595827579498e-03 1.218890771269798279e-02 1.643228158354759216e-02
-8.609541691839694977e-03 1.326732151210308075e-02 1.599189452826976776e-02
-7.488619070500135422e-03 1.402776502072811127e-02 1.556639373302459717e-02
-6.463968660682439804e-03 1.462951209396123886e-02 1.521158777177333832e-02
-5.417889915406703949e-03 1.514489110559225082e-02 1.486737933009862900e-02
-4.358222708106040955e-03 1.535236276686191559e-02 1.461626030504703522e-02
-3.047052538022398949e-03 1.550081279128789902e-02 1.435556262731552124e-02
-2.032009186223149300e-03 1.536957826465368271e-02 1.426190510392189026e-02
-1.324486685916781425e-03 1.515575405210256577e-02 1.420830376446247101e-02
-4.780977906193584204e-04 1.448161806911230087e-02 1.424520462751388550e-02
6.413039955077692866e-05 1.419518329203128815e-02 1.431662961840629578e-02
5.966215976513922215e-04 1.393256895244121552e-02 1.439072005450725555e-02
1.496585668064653873e-03 1.342349313199520111e-02 1.449859607964754105e-02
2.483262680470943451e-03 1.288424525409936905e-02 1.465018745511770248e-02
3.763180226087570190e-03 1.219078712165355682e-02 1.486053597182035446e-02
5.221399012953042984e-03 1.138551719486713409e-02 1.508216001093387604e-02
6.784720811992883682e-03 1.058360934257507324e-02 1.537099666893482208e-02
8.429574780166149139e-03 9.727824479341506958e-03 1.565030962228775024e-02
1.037121098488569260e-02 8.634127676486968994e-03 1.588156446814537048e-02
1.242564804852008820e-02 7.424755021929740906e-03 1.605542562901973724e-02
1.465269736945629120e-02 6.104126572608947754e-03 1.621275953948497772e-02
1.687979139387607574e-02 4.638251848518848419e-03 1.619920879602432251e-02
1.891539432108402252e-02 3.324808785691857338e-03 1.619259081780910492e-02
2.102842368185520172e-02 1.944151823408901691e-03 1.614786684513092041e-02
2.316000871360301971e-02 5.232819239608943462e-04 1.605228707194328308e-02
2.554533630609512329e-02 -1.037493348121643066e-03 1.595123112201690674e-02
2.767928875982761383e-02 -2.563746413215994835e-03 1.569706574082374573e-02
2.972467988729476929e-02 -3.982904367148876190e-03 1.547503657639026642e-02
3.123056702315807343e-02 -5.164202302694320679e-03 1.514037512242794037e-02
3.266293555498123169e-02 -6.222383119165897369e-03 1.487935427576303482e-02
3.396765515208244324e-02 -7.197009865194559097e-03 1.461355946958065033e-02
3.530184924602508545e-02 -8.188569918274879456e-03 1.433329377323389053e-02
3.651317209005355835e-02 -9.079988114535808563e-03 1.408028695732355118e-02
3.755495697259902954e-02 -9.850454516708850861e-03 1.385865174233913422e-02
3.860142081975936890e-02 -1.059176865965127945e-02 1.370891463011503220e-02
3.957982361316680908e-02 -1.126189343631267548e-02 1.363114919513463974e-02
4.051095992326736450e-02 -1.187627669423818588e-02 1.366634387522935867e-02
4.146864637732505798e-02 -1.250907406210899353e-02 1.382346358150243759e-02
4.234087094664573669e-02 -1.308998279273509979e-02 1.422844547778367996e-02
4.336991906166076660e-02 -1.370634790509939194e-02 1.510586589574813843e-02
4.404468089342117310e-02 -1.414380222558975220e-02 1.611291803419589996e-02
4.465655609965324402e-02 -1.453448273241519928e-02 1.743859425187110901e-02
4.534257575869560242e-02 -1.495571620762348175e-02 1.920820400118827820e-02
4.592465609312057495e-02 -1.531651802361011505e-02 2.130796760320663452e-02
4.637683182954788208e-02 -1.561063621193170547e-02 2.355016022920608521e-02
4.664305970072746277e-02 -1.580714061856269836e-02 2.551499195396900177e-02
4.692623019218444824e-02 -1.601360924541950226e-02 2.781049162149429321e-02
4.729654267430305481e-02 -1.625232771039009094e-02 2.986063249409198761e-02
4.740909487009048462e-02 -1.637162640690803528e-02 3.123862296342849731e-02
4.753551259636878967e-02 -1.649595052003860474e-02 3.265468776226043701e-02
4.770944640040397644e-02 -1.663880608975887299e-02 3.415969759225845337e-02
4.791989922523498535e-02 -1.680590398609638214e-02 3.588949143886566162e-02
4.803006723523139954e-02 -1.691736839711666107e-02 3.720776364207267761e-02
4.826148971915245056e-02 -1.708189398050308228e-02 3.880159184336662292e-02
4.844802990555763245e-02 -1.722214557230472565e-02 4.022279009222984314e-02
4.866900295019149780e-02 -1.738055609166622162e-02 4.177890345454216003e-02
4.892946779727935791e-02 -1.755134388804435730e-02 4.334587231278419495e-02
4.918758198618888855e-02 -1.771719940006732941e-02 4.484565928578376770e-02
4.950715601444244385e-02 -1.790424250066280365e-02 4.638926684856414795e-02
4.984413832426071167e-02 -1.811718381941318512e-02 4.829626902937889099e-02
5.007307231426239014e-02 -1.827226765453815460e-02 4.977941513061523438e-02
5.038239806890487671e-02 -1.845300197601318359e-02 5.128218978643417358e-02
5.084320157766342163e-02 -1.870744116604328156e-02 5.326735973358154297e-02
5.105154961347579956e-02 -1.884075067937374115e-02 5.449113994836807251e-02
5.127171427011489868e-02 -1.899055391550064087e-02 5.594578012824058533e-02
5.159095302224159241e-02 -1.919667981564998627e-02 5.786483362317085266e-02
5.189272761344909668e-02 -1.939349994063377380e-02 5.972061306238174438e-02
5.207647383213043213e-02 -1.953971013426780701e-02 6.132746487855911255e-02
5.239918828010559082e-02 -1.973155327141284943e-02 6.298752129077911377e-02
5.247878283262252808e-02 -1.981082186102867126e-02 6.397615373134613037e-02
5.257315933704376221e-02 -1.990238018333911896e-02 6.510730832815170288e-02
5.278448015451431274e-02 -2.003554627299308777e-02 6.633907556533813477e-02
5.294018238782882690e-02 -2.016318216919898987e-02 6.778763234615325928e-02
5.323634669184684753e-02 -2.034340053796768188e-02 6.940537691116333008e-02
5.341576039791107178e-02 -2.046034112572669983e-02 7.052934169769287109e-02
5.357489362359046936e-02 -2.058563753962516785e-02 7.192616909742355347e-02
5.373302847146987915e-02 -2.070544287562370300e-02 7.323076575994491577e-02
5.379859730601310730e-02 -2.078955247998237610e-02 7.441101223230361938e-02
5.420013517141342163e-02 -2.099844999611377716e-02 7.596751302480697632e-02
5.427020043134689331e-02 -2.105290628969669342e-02 7.657474279403686523e-02
5.436485260725021362e-02 -2.113673649728298187e-02 7.758711278438568115e-02
5.455547198653221130e-02 -2.125884965062141418e-02 7.875853776931762695e-02
5.470839142799377441e-02 -2.135635726153850555e-02 7.969153672456741333e-02
5.496490001678466797e-02 -2.149555087089538574e-02 8.079989254474639893e-02
5.512984842061996460e-02 -2.161928080022335052e-02 8.215889334678649902e-02
5.503603070974349976e-02 -2.162273786962032318e-02 8.277966082096099854e-02
5.503590032458305359e-02 -2.165921032428741455e-02 8.347046375274658203e-02
5.478429794311523438e-02 -2.160018868744373322e-02 8.384642004966735840e-02
5.466620251536369324e-02 -2.159728668630123138e-02 8.449550718069076538e-02
5.453846231102943420e-02 -2.156321704387664795e-02 8.460973203182220459e-02
5.429053679108619690e-02 -2.148387208580970764e-02 8.458068221807479858e-02
5.409561097621917725e-02 -2.143164537847042084e-02 8.475152403116226196e-02
5.437095835804939270e-02 -2.156379446387290955e-02 8.562441915273666382e-02
5.431648343801498413e-02 -2.155791036784648895e-02 8.583951741456985474e-02
5.453538149595260620e-02 -2.165952883660793304e-02 8.646798133850097656e-02
5.489308014512062073e-02 -2.182934992015361786e-02 8.756803721189498901e-02
5.512323975563049316e-02 -2.194290235638618469e-02 8.835867792367935181e-02
5.536675453186035156e-02 -2.207210846245288849e-02 8.937002718448638916e-02
5.602382868528366089e-02 -2.237416245043277740e-02 9.120360016822814941e-02
5.589190125465393066e-02 -2.234085090458393097e-02 9.136257320642471313e-02
5.598845705389976501e-02 -2.240329608321189880e-02 9.198045730590820312e-02
5.629060417413711548e-02 -2.255015820264816284e-02 9.297852963209152222e-02
5.604245886206626892e-02 -2.246513776481151581e-02 9.284683316946029663e-02
5.569824576377868652e-02 -2.233168110251426697e-02 9.236404299736022949e-02
5.564646795392036438e-02 -2.232648618519306183e-02 9.257952868938446045e-02
5.516194552183151245e-02 -2.214509807527065277e-02 9.202570468187332153e-02
5.485625565052032471e-02 -2.203861996531486511e-02 9.183071553707122803e-02
5.410982668399810791e-02 -2.175306528806686401e-02 9.085908532142639160e-02
5.412643402814865112e-02 -2.176279760897159576e-02 9.094622731208801270e-02
5.416703969240188599e-02 -2.177855744957923889e-02 9.100340306758880615e-02
5.497941747307777405e-02 -2.211369201540946960e-02 9.253340959548950195e-02
5.451899394392967224e-02 -2.193007990717887878e-02 9.178911894559860229e-02
5.466205254197120667e-02 -2.199376933276653290e-02 9.214925020933151245e-02
5.578299984335899353e-02 -2.244706079363822937e-02 9.408304095268249512e-02
5.482055246829986572e-02 -2.206033095717430115e-02 9.247060865163803101e-02
5.568392574787139893e-02 -2.240667305886745453e-02 9.390582144260406494e-02
5.527695268392562866e-02 -2.224293537437915802e-02 9.321999549865722656e-02
5.534198880195617676e-02 -2.226669713854789734e-02 9.328291565179824829e-02
-3.134020045399665833e-02 -7.350452244281768799e-03 2.319459058344364166e-02
-2.975781820714473724e-02 -6.976574659347534180e-03 2.198327518999576569e-02
-2.840018831193447113e-02 -6.650468800216913223e-03 2.086612954735755920e-02
-2.759760618209838867e-02 -6.449688225984573364e-03 2.008919417858123779e-02
-2.717698179185390472e-02 -6.334893871098756790e-03 1.952774636447429657e-02
-2.695902995765209198e-02 -6.269094999879598618e-03 1.905827596783638000e-02
-2.708091214299201965e-02 -6.305431947112083435e-03 1.875992864370346069e-02
-2.723624929785728455e-02 -6.402519997209310532e-03 1.842990145087242126e-02
-2.755461074411869049e-02 -6.619291845709085464e-03 1.811584830284118652e-02
-2.797212265431880951e-02 -6.978842429816722870e-03 1.768786087632179260e-02
-2.828842960298061371e-02 -7.363989949226379395e-03 1.719286851584911346e-02
-2.861718833446502686e-02 -7.778997067362070084e-03 1.672028750181198120e-02
-2.892571501433849335e-02 -8.175371214747428894e-03 1.629446260631084442e-02
-2.918295003473758698e-02 -8.565042167901992798e-03 1.586624234914779663e-02
-2.975811995565891266e-02 -9.237878024578094482e-03 1.534025650471448898e-02
-3.030603751540184021e-02 -9.981548413634300232e-03 1.471688132733106613e-02
-3.107503242790699005e-02 -1.090561039745807648e-02 1.405825838446617126e-02
-3.181639686226844788e-02 -1.189675275236368179e-02 1.328411977738142014e-02
-3.224399313330650330e-02 -1.252291351556777954e-02 1.275636348873376846e-02
-3.267107903957366943e-02 -1.321160327643156052e-02 1.213158760219812393e-02
-3.279400616884231567e-02 -1.366285793483257294e-02 1.157392002642154694e-02
-3.299120068550109863e-02 -1.417906209826469421e-02 1.098434813320636749e-02
-3.288063406944274902e-02 -1.426917780190706253e-02 1.073740236461162567e-02
-3.297885134816169739e-02 -1.460995059460401535e-02 1.030602678656578064e-02
-3.309028223156929016e-02 -1.475551817566156387e-02 1.018893439322710037e-02
-3.321370482444763184e-02 -1.496888883411884308e-02 9.975886903703212738e-03
-3.312166780233383179e-02 -1.504701096564531326e-02 9.761820547282695770e-03
-3.361129015684127808e-02 -1.560558564960956573e-02 9.371345862746238708e-03
-3.415136039257049561e-02 -1.633696630597114563e-02 8.754845708608627319e-03
-3.448366746306419373e-02 -1.678672991693019867e-02 8.372295647859573364e-03
-3.471699729561805725e-02 -1.705117337405681610e-02 8.185135200619697571e-03
-3.495497629046440125e-02 -1.737514883279800415e-02 7.906163111329078674e-03
-3.552244976162910461e-02 -1.804652251303195953e-02 7.402945309877395630e-03
-3.575296700000762939e-02 -1.834184490144252777e-02 7.159546948969364166e-03
-3.595746681094169617e-02 -1.866234652698040009e-02 6.847520824521780014e-03
-3.622371330857276917e-02 -1.893722638487815857e-02 6.674542557448148727e-03
-3.671473264694213867e-02 -1.939989626407623291e-02 6.423675455152988434e-03
-3.735159710049629211e-02 -2.000025846064090729e-02 6.095394026488065720e-03
-3.780471533536911011e-02 -2.039353363215923309e-02 5.915669258683919907e-03
-3.816575556993484497e-02 -2.071082405745983124e-02 5.763620138168334961e-03
-3.861239552497863770e-02 -2.105947397649288177e-02 5.650475621223449707e-03
-3.909756243228912354e-02 -2.157714404165744781e-02 5.291040521115064621e-03
-3.970656916499137878e-02 -2.210875041782855988e-02 5.034875124692916870e-03
-4.038486629724502563e-02 -2.278478257358074188e-02 4.605902824550867081e-03
-4.087506234645843506e-02 -2.328674681484699249e-02 4.269930999726057053e-03
-4.144445434212684631e-02 -2.386647090315818787e-02 3.884526435285806656e-03
-4.205601662397384644e-02 -2.450735867023468018e-02 3.435245249420404434e-03
-4.277635365724563599e-02 -2.528651244938373566e-02 2.860505366697907448e-03
-4.350038990378379822e-02 -2.607985772192478180e-02 2.259835600852966309e-03
-4.422634840011596680e-02 -2.686968445777893066e-02 1.664614770561456680e-03
-4.495221003890037537e-02 -2.773910574615001678e-02 9.239136707037687302e-04
-4.570292308926582336e-02 -2.866044826805591583e-02 1.136065839091315866e-04
-4.650150611996650696e-02 -2.965509891510009766e-02 -7.799162412993609905e-04
-4.704662412405014038e-02 -3.042635694146156311e-02 -1.560233999043703079e-03
-4.754509404301643372e-02 -3.121382929384708405e-02 -2.426508115604519844e-03
-4.807208478450775146e-02 -3.203549981117248535e-02 -3.327818820253014565e-03
-4.834344983100891113e-02 -3.260323032736778259e-02 -4.060429986566305161e-03
-4.856076464056968689e-02 -3.310088440775871277e-02 -4.729565698653459549e-03
-4.866442456841468811e-02 -3.344665095210075378e-02 -5.251612979918718338e-03
-4.872955754399299622e-02 -3.375610336661338806e-02 -5.753308534622192383e-03
-4.870485141873359680e-02 -3.395626321434974670e-02 -6.157883442938327789e-03
-4.868913069367408752e-02 -3.416675701737403870e-02 -6.572533864527940750e-03
-4.880894720554351807e-02 -3.449291363358497620e-02 -7.046632003039121628e-03
-4.878337681293487549e-02 -3.463828191161155701e-02 -7.353715598583221436e-03
-4.881145805120468140e-02 -3.478142619132995605e-02 -7.592624053359031677e-03
-4.900242388248443604e-02 -3.509419411420822144e-02 -7.961352355778217316e-03
-4.911212250590324402e-02 -3.528811782598495483e-02 -8.200873620808124542e-03
-4.928695410490036011e-02 -3.563873842358589172e-02 -8.664794266223907471e-03
-4.947225376963615417e-02 -3.599173575639724731e-02 -9.122021496295928955e-03
-4.981135949492454529e-02 -3.642898052930831909e-02 -9.554352611303329468e-03
-4.984813556075096130e-02 -3.665465861558914185e-02 -9.945478290319442749e-03
-4.981984198093414307e-02 -3.677313402295112610e-02 -1.020904816687107086e-02
-4.985566064715385437e-02 -3.689904883503913879e-02 -1.040954235941171646e-02
-5.000195279717445374e-02 -3.706709295511245728e-02 -1.055660657584667206e-02
-5.015780776739120483e-02 -3.723515570163726807e-02 -1.069270446896553040e-02
-5.037901550531387329e-02 -3.744177147746086121e-02 -1.082360465079545975e-02
-5.063344165682792664e-02 -3.768827393651008606e-02 -1.099224574863910675e-02
-5.122362449765205383e-02 -3.827576339244842529e-02 -1.141602266579866409e-02
-5.254266411066055298e-02 -3.953770175576210022e-02 -1.226396206766366959e-02
-5.398141965270042419e-02 -4.108988493680953979e-02 -1.353934966027736664e-02
-5.518451333045959473e-02 -4.252928867936134338e-02 -1.488872244954109192e-02
-5.638604611158370972e-02 -4.400246217846870422e-02 -1.631018146872520447e-02
-5.650028958916664124e-02 -4.433514177799224854e-02 -1.683178544044494629e-02
-5.635521933436393738e-02 -4.437026381492614746e-02 -1.708784140646457672e-02
-5.644441023468971252e-02 -4.458204284310340881e-02 -1.740007847547531128e-02
-5.645156651735305786e-02 -4.469740390777587891e-02 -1.762382872402667999e-02
-5.652743577957153320e-02 -4.481195658445358276e-02 -1.775760762393474579e-02
-5.636661127209663391e-02 -4.481535777449607849e-02 -1.797165907919406891e-02
-5.701433867216110229e-02 -4.556620493531227112e-02 -1.865609176456928253e-02
-5.721775069832801819e-02 -4.588887467980384827e-02 -1.904758997261524200e-02
-5.769794434309005737e-02 -4.637151956558227539e-02 -1.940545439720153809e-02
-5.819395929574966431e-02 -4.688418284058570862e-02 -1.980424858629703522e-02
-5.815222486853599548e-02 -4.699214920401573181e-02 -2.007834799587726593e-02
-5.780427530407905579e-02 -4.686252772808074951e-02 -2.026720158755779266e-02
-5.769119039177894592e-02 -4.687744751572608948e-02 -2.044513635337352753e-02
-5.711470171809196472e-02 -4.648097604513168335e-02 -2.038782462477684021e-02
-5.681499838829040527e-02 -4.626080393791198730e-02 -2.032934688031673431e-02
-5.754223838448524475e-02 -4.687687009572982788e-02 -2.063850685954093933e-02
-5.735096707940101624e-02 -4.672389850020408630e-02 -2.057573013007640839e-02
-5.689278990030288696e-02 -4.637024924159049988e-02 -2.045150101184844971e-02
-5.697849392890930176e-02 -4.644472524523735046e-02 -2.049176767468452454e-02
-5.757225304841995239e-02 -4.694124311208724976e-02 -2.073096483945846558e-02
-5.754376575350761414e-02 -4.692555963993072510e-02 -2.073616161942481995e-02
-5.704424530267715454e-02 -4.652476683259010315e-02 -2.056960575282573700e-02
-5.648249760270118713e-02 -4.607363417744636536e-02 -2.038148418068885803e-02
-5.577204748988151550e-02 -4.551696777343750000e-02 -2.017199248075485229e-02
-5.532174184918403625e-02 -4.515213891863822937e-02 -2.001460641622543335e-02
-5.589954555034637451e-02 -4.562699049711227417e-02 -2.023034915328025818e-02
-5.565186589956283569e-02 -4.542413353919982910e-02 -2.013928256928920746e-02
-5.540645867586135864e-02 -4.522236809134483337e-02 -2.004748024046421051e-02
-5.527318641543388367e-02 -4.510051757097244263e-02 -1.997240819036960602e-02
-5.597727373242378235e-02 -4.566875472664833069e-02 -2.021394856274127960e-02
-5.441484600305557251e-02 -4.436448588967323303e-02 -1.958917267620563507e-02
-5.546846613287925720e-02 -4.520374163985252380e-02 -1.992806978523731232e-02
-5.574986338615417480e-02 -4.547572135925292969e-02 -2.011649869382381439e-02
-5.530439317226409912e-02 -4.512688145041465759e-02 -1.998551934957504272e-02
-5.526258796453475952e-02 -4.510195180773735046e-02 -1.998925395309925079e-02
-5.477946251630783081e-02 -4.470762982964515686e-02 -1.981442421674728394e-02
-5.567828193306922913e-02 -4.543810337781906128e-02 -2.013316005468368530e-02
-5.599470064043998718e-02 -4.568033665418624878e-02 -2.021474018692970276e-02
-5.194649100303649902e-02 -4.227084666490554810e-02 -1.853365823626518250e-02
-5.419864878058433533e-02 -4.404580593109130859e-02 -1.921917498111724854e-02
-5.400335416197776794e-02 -4.390590265393257141e-02 -1.918821409344673157e-02
-5.288812518119812012e-02 -4.299376904964447021e-02 -1.878060773015022278e-02
-5.318956449627876282e-02 -4.321847856044769287e-02 -1.884604245424270630e-02
-5.284003168344497681e-02 -4.289160668849945068e-02 -1.863489300012588501e-02
-5.377361923456192017e-02 -4.370351880788803101e-02 -1.907445862889289856e-02
-5.405118688941001892e-02 -4.396890476346015930e-02 -1.925428211688995361e-02
-5.552460998296737671e-02 -4.521531984210014343e-02 -1.987713761627674103e-02
-5.759525671601295471e-02 -4.691200330853462219e-02 -2.063976973295211792e-02
-5.700511485338211060e-02 -4.643774777650833130e-02 -2.044149301946163177e-02
-5.730639770627021790e-02 -4.666381701827049255e-02 -2.050975337624549866e-02
-5.425600335001945496e-02 -4.410265386104583740e-02 -1.925993151962757111e-02
-5.365170910954475403e-02 -4.361556842923164368e-02 -1.905378513038158417e-02
-5.326226353645324707e-02 -4.329731315374374390e-02 -1.891212537884712219e-02
-5.285662412643432617e-02 -4.296780750155448914e-02 -1.876860298216342926e-02
-5.306545272469520569e-02 -4.315500706434249878e-02 -1.887856982648372650e-02
-5.267404764890670776e-02 -4.282916709780693054e-02 -1.872384361922740936e-02
-5.106113106012344360e-02 -4.153845459222793579e-02 -1.819281466305255890e-02
-5.339730903506278992e-02 -4.345025494694709778e-02 -1.904843561351299286e-02
-5.260319262742996216e-02 -4.279723018407821655e-02 -1.875116489827632904e-02
-5.423344299197196960e-02 -4.418442398309707642e-02 -1.945706456899642944e-02
-5.701243132352828979e-02 -4.648013785481452942e-02 -2.051921002566814423e-02
-5.748167634010314941e-02 -4.687120020389556885e-02 -2.070558071136474609e-02
-5.769517272710800171e-02 -4.706548526883125305e-02 -2.082408592104911804e-02
-5.716321244835853577e-02 -4.663394764065742493e-02 -2.063713595271110535e-02
-5.713140219449996948e-02 -4.660335928201675415e-02 -2.061616443097591400e-02
-5.636605247855186462e-02 -4.597688838839530945e-02 -2.033563144505023956e-02
-5.564988777041435242e-02 -4.537065327167510986e-02 -2.003209665417671204e-02
-5.543501302599906921e-02 -4.519775509834289551e-02 -1.995940692722797394e-02
-5.552425608038902283e-02 -4.527312144637107849e-02 -1.999681070446968079e-02
-5.460452660918235779e-02 -4.448768496513366699e-02 -1.959300972521305084e-02
-5.416535213589668274e-02 -4.405225813388824463e-02 -1.927671395242214203e-02
-5.417422577738761902e-02 -4.388630762696266174e-02 -1.892599649727344513e-02
-5.528818443417549133e-02 -4.465271532535552979e-02 -1.903788372874259949e-02
-5.540832504630088806e-02 -4.470892250537872314e-02 -1.899608224630355835e-02
-5.534798651933670044e-02 -4.464804008603096008e-02 -1.895054616034030914e-02
-5.492734536528587341e-02 -4.432276636362075806e-02 -1.883520744740962982e-02
-5.509756132960319519e-02 -4.448937997221946716e-02 -1.895298436284065247e-02
-5.461969599127769470e-02 -4.416067898273468018e-02 -1.890489459037780762e-02
