3.134379535913467407e-02 -7.351213134825229645e-03
2.976881712675094604e-02 -6.979382596909999847e-03
2.846560813486576080e-02 -6.666603498160839081e-03
2.770814485847949982e-02 -6.477619055658578873e-03
2.725507691502571106e-02 -6.354827899485826492e-03
2.701144665479660034e-02 -6.274687126278877258e-03
2.696725539863109589e-02 -6.225707475095987320e-03
2.687475830316543579e-02 -6.110761314630508423e-03
2.675717882812023163e-02 -5.926692858338356018e-03
2.658890001475811005e-02 -5.635619163513183594e-03
2.614777721464633942e-02 -5.130082834511995316e-03
2.571448124945163727e-02 -4.522078204900026321e-03
2.497388422489166260e-02 -3.748066723346710205e-03
2.428412996232509613e-02 -3.090898040682077408e-03
2.358106896281242371e-02 -2.391848247498273849e-03
2.284263633191585541e-02 -1.743000117130577564e-03
2.210563234984874725e-02 -9.236063342541456223e-04
2.125059999525547028e-02 -5.886802682653069496e-06
2.032700739800930023e-02 1.082277623936533928e-03
1.920908130705356598e-02 2.283162437379360199e-03
1.843236945569515228e-02 3.254999639466404915e-03
1.741014420986175537e-02 4.339294973760843277e-03
1.612219586968421936e-02 5.755839869379997253e-03
1.491533033549785614e-02 7.106116041541099548e-03
1.352407690137624741e-02 8.382908068597316742e-03
1.216993387788534164e-02 9.783807210624217987e-03
1.057920139282941818e-02 1.105794031172990799e-02
9.225957095623016357e-03 1.227609813213348389e-02
7.978057488799095154e-03 1.333324797451496124e-02
6.877735257148742676e-03 1.467196084558963776e-02
5.997323431074619293e-03 1.592541858553886414e-02
5.322324112057685852e-03 1.742877252399921417e-02
4.828026052564382553e-03 1.925109699368476868e-02
4.598291590809822083e-03 2.128341980278491974e-02
4.570343997329473495e-03 2.340891771018505096e-02
4.624707624316215515e-03 2.584622055292129517e-02
4.727865103632211685e-03 2.780862338840961456e-02
4.824705421924591064e-03 2.963073365390300751e-02
4.904465749859809875e-03 3.122032620012760162e-02
4.933917429298162460e-03 3.206470981240272522e-02
4.956596065312623978e-03 3.295381739735603333e-02
4.986241459846496582e-03 3.384882956743240356e-02
5.011052824556827545e-03 3.461087495088577271e-02
5.036503076553344727e-03 3.545898571610450745e-02
5.070675630122423172e-03 3.636539727449417114e-02
5.087299738079309464e-03 3.699870035052299500e-02
5.121291149407625198e-03 3.799961134791374207e-02
5.140441935509443283e-03 3.859426081180572510e-02
5.156322382390499115e-03 3.941942751407623291e-02
5.190768744796514511e-03 4.027343541383743286e-02
5.250500049442052841e-03 4.124877974390983582e-02
5.265642423182725906e-03 4.154853895306587219e-02
5.279288627207279205e-03 4.199832305312156677e-02
5.333378911018371582e-03 4.281441122293472290e-02
5.404171533882617950e-03 4.376336559653282166e-02
5.464216694235801697e-03 4.453326016664505005e-02
5.562315229326486588e-03 4.588236287236213684e-02
5.650832783430814743e-03 4.701120778918266296e-02
5.752321798354387283e-03 4.844023659825325012e-02
5.849386099725961685e-03 4.977295920252799988e-02
5.935325752943754196e-03 5.100227519869804382e-02
6.015969440340995789e-03 5.222021788358688354e-02
6.092904135584831238e-03 5.345636978745460510e-02
6.167757790535688400e-03 5.465481430292129517e-02
6.240068469196557999e-03 5.581203103065490723e-02
6.312884390354156494e-03 5.707114562392234802e-02
6.384328007698059082e-03 5.825895443558692932e-02
6.459058728069067001e-03 5.955886468291282654e-02
6.531997583806514740e-03 6.086365878582000732e-02
6.606221664696931839e-03 6.222455948591232300e-02
6.682370323687791824e-03 6.361680477857589722e-02
6.741824559867382050e-03 6.477449089288711548e-02
6.797482259571552277e-03 6.583423912525177002e-02
6.851179059594869614e-03 6.694059073925018311e-02
6.902079097926616669e-03 6.801125407218933105e-02
6.939364597201347351e-03 6.889594346284866333e-02
6.971184629946947098e-03 6.974834948778152466e-02
7.014626637101173401e-03 7.075431942939758301e-02
7.021187338978052139e-03 7.122256606817245483e-02
7.040824275463819504e-03 7.182028144598007202e-02
7.048738654702901840e-03 7.224834710359573364e-02
7.078149355947971344e-03 7.290361821651458740e-02
7.090302649885416031e-03 7.330088317394256592e-02
7.117663510143756866e-03 7.391881942749023438e-02
7.126435637474060059e-03 7.428024709224700928e-02
7.152916397899389267e-03 7.483714818954467773e-02
7.176196202635765076e-03 7.548922300338745117e-02
7.205554284155368805e-03 7.617128640413284302e-02
7.208438124507665634e-03 7.644981890916824341e-02
7.219025399535894394e-03 7.678549736738204956e-02
7.245482876896858215e-03 7.736238092184066772e-02
7.263296283781528473e-03 7.766219228506088257e-02
7.259075995534658432e-03 7.781368494033813477e-02
7.262885104864835739e-03 7.808536291122436523e-02
7.252179086208343506e-03 7.832674682140350342e-02
7.239593192934989929e-03 7.874365895986557007e-02
7.256065960973501205e-03 7.891022413969039917e-02
7.177133578807115555e-03 7.827006280422210693e-02
7.128645665943622589e-03 7.789824903011322021e-02
7.163945119827985764e-03 7.837115228176116943e-02
7.165286689996719360e-03 7.853897660970687866e-02
7.183793466538190842e-03 7.887210696935653687e-02
7.110281381756067276e-03 7.807228714227676392e-02
7.151257712393999100e-03 7.836151123046875000e-02
7.199863903224468231e-03 7.899727672338485718e-02
7.237368263304233551e-03 7.953749597072601318e-02
7.301004137843847275e-03 8.050034940242767334e-02
7.512310054153203964e-03 8.327262848615646362e-02
7.731656078249216080e-03 8.641465008258819580e-02
7.864871062338352203e-03 8.840741217136383057e-02
7.954912260174751282e-03 8.972167968750000000e-02
7.959550246596336365e-03 9.010998904705047607e-02
7.851301692426204681e-03 8.910891413688659668e-02
7.938922382891178131e-03 8.987911045551300049e-02
7.818348705768585205e-03 8.891973644495010376e-02
7.764060981571674347e-03 8.841644972562789917e-02
7.779925130307674408e-03 8.869252353906631470e-02
7.727299351245164871e-03 8.814468234777450562e-02
7.671700790524482727e-03 8.756551891565322876e-02
7.698310073465108871e-03 8.798637986183166504e-02
7.788394577801227570e-03 8.898338675498962402e-02
7.675783243030309677e-03 8.774814754724502563e-02
7.508768700063228607e-03 8.591235429048538208e-02
7.531798444688320160e-03 8.635272830724716187e-02
7.560355123132467270e-03 8.665738999843597412e-02
7.536679971963167191e-03 8.640430867671966553e-02
7.510662544518709183e-03 8.617394417524337769e-02
7.563848048448562622e-03 8.683111518621444702e-02
7.510032504796981812e-03 8.621815592050552368e-02
7.511452771723270416e-03 8.622713387012481689e-02
7.547214161604642868e-03 8.663575351238250732e-02
7.695446256548166275e-03 8.832988888025283813e-02
7.584986742585897446e-03 8.708278089761734009e-02
7.525152526795864105e-03 8.639742434024810791e-02
7.668383885174989700e-03 8.807745575904846191e-02
7.567631546407938004e-03 8.686502277851104736e-02
7.635026704519987106e-03 8.763971924781799316e-02
7.689494639635086060e-03 8.821670711040496826e-02
7.486916612833738327e-03 8.585429936647415161e-02
7.610701490193605423e-03 8.722924441099166870e-02
7.508538663387298584e-03 8.608213067054748535e-02
7.533251773566007614e-03 8.646146953105926514e-02
7.545586209744215012e-03 8.661236613988876343e-02
7.220402825623750687e-03 8.290144801139831543e-02
7.639758288860321045e-03 8.774697035551071167e-02
7.703315000981092453e-03 8.850280940532684326e-02
7.785798981785774231e-03 8.944580703973770142e-02
7.680233102291822433e-03 8.825287222862243652e-02
7.734887767583131790e-03 8.887971192598342896e-02
7.740791421383619308e-03 8.893309533596038818e-02
7.737836800515651703e-03 8.888513594865798950e-02
7.758320309221744537e-03 8.915412425994873047e-02
7.859360426664352417e-03 9.031090140342712402e-02
7.794120814651250839e-03 8.956408500671386719e-02
7.768717594444751740e-03 8.926163613796234131e-02
7.845296524465084076e-03 9.013839066028594971e-02
7.832429371774196625e-03 8.999563008546829224e-02
7.652288768440485001e-03 8.792057633399963379e-02
7.820535451173782349e-03 8.982429653406143188e-02
7.740560919046401978e-03 8.887864649295806885e-02
3.134723380208015442e-02 -7.352017331868410110e-03
2.977846004068851471e-02 -6.981723941862583160e-03
2.850617468357086182e-02 -6.676081102341413498e-03
2.774497307837009430e-02 -6.486814469099044800e-03
2.722676284611225128e-02 -6.348432507365942001e-03
2.698148973286151886e-02 -6.267514079809188843e-03
2.695923484861850739e-02 -6.225622259080410004e-03
2.691005356609821320e-02 -6.136911455541849136e-03
2.679088152945041656e-02 -5.934366490691900253e-03
2.660024352371692657e-02 -5.639942362904548645e-03
2.619603276252746582e-02 -5.161044187843799591e-03
2.566932700574398041e-02 -4.477677401155233383e-03
2.496639825403690338e-02 -3.734294557943940163e-03
2.410363033413887024e-02 -2.913295757025480270e-03
2.336635626852512360e-02 -2.188943792134523392e-03
2.255178242921829224e-02 -1.436991733498871326e-03
2.195037901401519775e-02 -7.238831603899598122e-04
2.104259282350540161e-02 2.464085409883409739e-04
2.012589573860168457e-02 1.334337051957845688e-03
1.895575597882270813e-02 2.615591045469045639e-03
1.799357868731021881e-02 3.603685647249221802e-03
1.708086021244525909e-02 4.718316253274679184e-03
1.566246338188648224e-02 6.214869674295186996e-03
1.424244977533817291e-02 7.734250742942094803e-03
1.293924637138843536e-02 8.950420655310153961e-03
1.158224046230316162e-02 1.015723869204521179e-02
1.033068727701902390e-02 1.136735267937183380e-02
9.220054373145103455e-03 1.228923723101615906e-02
7.984375581145286560e-03 1.342835556715726852e-02
7.126832846552133560e-03 1.410851534456014633e-02
6.203072611242532730e-03 1.500886864960193634e-02
5.366332828998565674e-03 1.571765542030334473e-02
4.348870832473039627e-03 1.625392027199268341e-02
3.506538458168506622e-03 1.645069941878318787e-02
2.690824912860989571e-03 1.618156954646110535e-02
1.948924851603806019e-03 1.590296439826488495e-02
1.146944938227534294e-03 1.534765679389238358e-02
5.264498759061098099e-04 1.484816242009401321e-02
-3.427022893447428942e-04 1.417952869087457657e-02
-1.189920003525912762e-03 1.368072628974914551e-02
-2.137367846444249153e-03 1.316777803003787994e-02
-3.611675929278135300e-03 1.228735130280256271e-02
-5.077789071947336197e-03 1.149037946015596390e-02
-6.648009642958641052e-03 1.070512551814317703e-02
-8.551076985895633698e-03 9.597092866897583008e-03
-1.043909788131713867e-02 8.640451356768608093e-03
-1.258859410881996155e-02 7.333747111260890961e-03
-1.469026412814855576e-02 6.054213736206293106e-03
-1.666496135294437408e-02 4.768291488289833069e-03
-1.877870596945285797e-02 3.423438873142004013e-03
-2.106451429426670074e-02 1.932976883836090565e-03
-2.348906919360160828e-02 3.230527800042182207e-04
-2.596040256321430206e-02 -1.313362154178321362e-03
-2.802277170121669769e-02 -2.809231169521808624e-03
-2.990210615098476410e-02 -4.164217971265316010e-03
-3.159734979271888733e-02 -5.399373359978199005e-03
-3.301475569605827332e-02 -6.471221335232257843e-03
-3.438382968306541443e-02 -7.491347379982471466e-03
-3.559214994311332703e-02 -8.410896174609661102e-03
-3.683476895093917847e-02 -9.320998564362525940e-03
-3.799501433968544006e-02 -1.014417689293622971e-02
-3.902898356318473816e-02 -1.086685992777347565e-02
-3.988712653517723083e-02 -1.148239243775606155e-02
-4.086546972393989563e-02 -1.212728116661310196e-02
-4.182416200637817383e-02 -1.275922637432813644e-02
-4.273225367069244385e-02 -1.334960479289293289e-02
-4.362215101718902588e-02 -1.391712296754121780e-02
-4.438838362693786621e-02 -1.442987099289894104e-02
-4.520133510231971741e-02 -1.495701447129249573e-02
-4.595058783888816833e-02 -1.545167155563831329e-02
-4.648959636688232422e-02 -1.586286164820194244e-02
-4.702993109822273254e-02 -1.627576351165771484e-02
-4.731424897909164429e-02 -1.656902953982353210e-02
-4.756249859929084778e-02 -1.683317124843597412e-02
-4.783893004059791565e-02 -1.710159704089164734e-02
-4.788729175925254822e-02 -1.725015230476856232e-02
-4.804063215851783752e-02 -1.742547377943992615e-02
-4.816962778568267822e-02 -1.756589673459529877e-02
-4.841450229287147522e-02 -1.777237653732299805e-02
-4.887950792908668518e-02 -1.806925050914287567e-02
-4.919759929180145264e-02 -1.828191056847572327e-02
-4.970011860132217407e-02 -1.857364177703857422e-02
-5.028154328465461731e-02 -1.890672557055950165e-02
-5.108359456062316895e-02 -1.932369358837604523e-02
-5.170341953635215759e-02 -1.965131238102912903e-02
-5.252785235643386841e-02 -2.011828497052192688e-02
-5.355086550116539001e-02 -2.073269709944725037e-02
-5.444170907139778137e-02 -2.131321839988231659e-02
-5.508532002568244934e-02 -2.180447988212108612e-02
-5.544949322938919067e-02 -2.214926481246948242e-02
-5.527528002858161926e-02 -2.217732556164264679e-02
-5.517751723527908325e-02 -2.222525514662265778e-02
-5.507235601544380188e-02 -2.227965183556079865e-02
-5.500077456235885620e-02 -2.234646491706371307e-02
-5.489246919751167297e-02 -2.237510681152343750e-02
-5.486899241805076599e-02 -2.242441102862358093e-02
-5.492325127124786377e-02 -2.252694033086299896e-02
-5.498853698372840881e-02 -2.262438833713531494e-02
-5.521583184599876404e-02 -2.280869521200656891e-02
-5.535216256976127625e-02 -2.292795293033123016e-02
-5.557709187269210815e-02 -2.311016991734504700e-02
-5.582584440708160400e-02 -2.329041622579097748e-02
-5.604098364710807800e-02 -2.343014068901538849e-02
-5.608491972088813782e-02 -2.352333068847656250e-02
-5.626039206981658936e-02 -2.369378320872783661e-02
-5.633131414651870728e-02 -2.380977571010589600e-02
-5.637886375188827515e-02 -2.391692623496055603e-02
-5.635907128453254700e-02 -2.401505224406719208e-02
-5.659635737538337708e-02 -2.417760156095027924e-02
-5.655802041292190552e-02 -2.418460696935653687e-02
-5.670575797557830811e-02 -2.430505119264125824e-02
-5.699841678142547607e-02 -2.446569874882698059e-02
-5.749778449535369873e-02 -2.475859038531780243e-02
-5.802042409777641296e-02 -2.504757232964038849e-02
-5.865463986992835999e-02 -2.540584653615951538e-02
-5.938325449824333191e-02 -2.582386136054992676e-02
-5.999359488487243652e-02 -2.617548406124114990e-02
-6.049303710460662842e-02 -2.647234685719013214e-02
-6.087153777480125427e-02 -2.670774236321449280e-02
-6.117205694317817688e-02 -2.692214027047157288e-02
-6.159904971718788147e-02 -2.717550843954086304e-02
-6.162276864051818848e-02 -2.723061479628086090e-02
-6.183880567550659180e-02 -2.738253027200698853e-02
-6.205160915851593018e-02 -2.755455859005451202e-02
-6.241459399461746216e-02 -2.782240696251392365e-02
-6.240094080567359924e-02 -2.786899544298648834e-02
-6.207441911101341248e-02 -2.777555957436561584e-02
-6.236174330115318298e-02 -2.797145023941993713e-02
-6.225280836224555969e-02 -2.794014848768711090e-02
-6.150153279304504395e-02 -2.764520235359668732e-02
-6.115205585956573486e-02 -2.753527648746967316e-02
-6.078895181417465210e-02 -2.740752510726451874e-02
-6.066735833883285522e-02 -2.738440223038196564e-02
-6.032608821988105774e-02 -2.723728492856025696e-02
-6.060503050684928894e-02 -2.738679572939872742e-02
-6.055735796689987183e-02 -2.737194485962390900e-02
-6.045285239815711975e-02 -2.733180299401283264e-02
-6.049710884690284729e-02 -2.736875973641872406e-02
-6.022486463189125061e-02 -2.730236202478408813e-02
-6.029514968395233154e-02 -2.735294960439205170e-02
-6.016688793897628784e-02 -2.732868492603302002e-02
-6.026447191834449768e-02 -2.738970331847667694e-02
-6.007133051753044128e-02 -2.730524726212024689e-02
-6.074517592787742615e-02 -2.761799655854701996e-02
-5.981546267867088318e-02 -2.720525488257408142e-02
-5.945634469389915466e-02 -2.704444155097007751e-02
-6.028181314468383789e-02 -2.741868607699871063e-02
-5.936283990740776062e-02 -2.700199186801910400e-02
-5.969045311212539673e-02 -2.714908681809902191e-02
-5.941497534513473511e-02 -2.702361904084682465e-02
-5.871593207120895386e-02 -2.669770456850528717e-02
-5.827759578824043274e-02 -2.650145255029201508e-02
-5.929069593548774719e-02 -2.695741131901741028e-02
-5.956882238388061523e-02 -2.707858756184577942e-02
-6.021479889750480652e-02 -2.737734466791152954e-02
-6.079905107617378235e-02 -2.764507383108139038e-02
-6.175422668457031250e-02 -2.807611227035522461e-02
-6.323175877332687378e-02 -2.873705141246318817e-02
-6.350398063659667969e-02 -2.883730828762054443e-02
-6.267713755369186401e-02 -2.844721451401710510e-02
3.133307769894599915e-02 -7.348748389631509781e-03
2.981683239340782166e-02 -6.990756373852491379e-03
2.841708995401859283e-02 -6.654703058302402496e-03
2.764143422245979309e-02 -6.461761891841888428e-03
2.722842618823051453e-02 -6.348425988107919693e-03
2.706607244908809662e-02 -6.292044185101985931e-03
2.712574973702430725e-02 -6.294799037277698517e-03
2.719474956393241882e-02 -6.328590679913759232e-03
2.734157815575599670e-02 -6.413264665752649307e-03
2.753173373639583588e-02 -6.593003869056701660e-03
2.763042226433753967e-02 -6.801197305321693420e-03
2.775791473686695099e-02 -7.014891132712364197e-03
2.775620669126510620e-02 -7.167328149080276489e-03
2.796953171491622925e-02 -7.372724357992410660e-03
2.792763523757457733e-02 -7.369612809270620346e-03
2.790326252579689026e-02 -7.294645998626947403e-03
2.774034999310970306e-02 -7.067076396197080612e-03
2.745122835040092468e-02 -6.715913303196430206e-03
2.698587253689765930e-02 -6.125967018306255341e-03
2.656345441937446594e-02 -5.639319308102130890e-03
2.625231444835662842e-02 -5.209246184676885605e-03
2.580236271023750305e-02 -4.661705344915390015e-03
2.547152712941169739e-02 -4.265980795025825500e-03
2.500080130994319916e-02 -3.754385979846119881e-03
2.464132383465766907e-02 -3.274994669482111931e-03
2.440096810460090637e-02 -2.939968602731823921e-03
2.404499240219593048e-02 -2.478292444720864296e-03
2.379819750785827637e-02 -2.123078564181923866e-03
2.337573841214179993e-02 -1.604115008376538754e-03
2.295339480042457581e-02 -1.027894788421690464e-03
2.250120602548122406e-02 -4.234490334056317806e-04
2.176292054355144501e-02 4.355481360107660294e-04
2.094814181327819824e-02 1.354185747914016247e-03
2.007907442748546600e-02 2.344884676858782768e-03
1.906944811344146729e-02 3.406519303098320961e-03
1.807221770286560059e-02 4.457243252545595169e-03
1.718625985085964203e-02 5.411422811448574066e-03
1.603302732110023499e-02 6.575809791684150696e-03
1.489717699587345123e-02 7.749737240374088287e-03
1.375753898173570633e-02 8.901652880012989044e-03
1.265159714967012405e-02 9.941645897924900055e-03
1.142534613609313965e-02 1.102785486727952957e-02
9.966644458472728729e-03 1.218890771269798279e-02
8.609543554484844208e-03 1.326732151210308075e-02
7.488620467483997345e-03 1.402776408940553665e-02
6.463969592005014420e-03 1.462951209396123886e-02
5.417890846729278564e-03 1.514489017426967621e-02
4.358223173767328262e-03 1.535236183553934097e-02
3.047053003683686256e-03 1.550081185996532440e-02
2.032009651884436607e-03 1.536957733333110809e-02
1.324487151578068733e-03 1.515575312077999115e-02
4.780981398653239012e-04 1.448161713778972626e-02
-6.413001392502337694e-05 1.419518236070871353e-02
-5.966212484054267406e-04 1.393256802111864090e-02
-1.496585202403366566e-03 1.342349220067262650e-02
-2.483262214809656143e-03 1.288424339145421982e-02
-3.763179527595639229e-03 1.219078525900840759e-02
-5.221398081630468369e-03 1.138551533222198486e-02
-6.784719880670309067e-03 1.058360747992992401e-02
-8.429572917520999908e-03 9.727822616696357727e-03
-1.037120912224054337e-02 8.634125813841819763e-03
-1.242564618587493896e-02 7.424752693623304367e-03
-1.465269550681114197e-02 6.104124244302511215e-03
-1.687978953123092651e-02 4.638249054551124573e-03
-1.891539245843887329e-02 3.324805991724133492e-03
-2.102842181921005249e-02 1.944148913025856018e-03
-2.316000685095787048e-02 5.232788971625268459e-04
-2.554533630609512329e-02 -1.037496491335332394e-03
-2.767928689718246460e-02 -2.563749440014362335e-03
-2.972467802464962006e-02 -3.982908092439174652e-03
-3.123056702315807343e-02 -5.164206027984619141e-03
-3.266293555498123169e-02 -6.222386844456195831e-03
-3.396765142679214478e-02 -7.197013590484857559e-03
-3.530184924602508545e-02 -8.188573643565177917e-03
-3.651317209005355835e-02 -9.079991839826107025e-03
-3.755495324730873108e-02 -9.850458241999149323e-03
-3.860141709446907043e-02 -1.059177238494157791e-02
-3.957982361316680908e-02 -1.126189716160297394e-02
-4.051095992326736450e-02 -1.187628135085105896e-02
-4.146864637732505798e-02 -1.250907871872186661e-02
-4.234086722135543823e-02 -1.308998744934797287e-02
-4.336991533637046814e-02 -1.370635256171226501e-02
-4.404468089342117310e-02 -1.414380688220262527e-02
-4.465655237436294556e-02 -1.453448738902807236e-02
-4.534257575869560242e-02 -1.495572086423635483e-02
-4.592465609312057495e-02 -1.531652361154556274e-02
-4.637683182954788208e-02 -1.561064179986715317e-02
-4.664305597543716431e-02 -1.580714434385299683e-02
-4.692623019218444824e-02 -1.601361483335494995e-02
-4.729653894901275635e-02 -1.625233329832553864e-02
-4.740909487009048462e-02 -1.637163199484348297e-02
-4.753551259636878967e-02 -1.649595610797405243e-02
-4.770944640040397644e-02 -1.663881167769432068e-02
-4.791989922523498535e-02 -1.680590957403182983e-02
-4.803006350994110107e-02 -1.691737398505210876e-02
-4.826148971915245056e-02 -1.708189956843852997e-02
-4.844802990555763245e-02 -1.722215116024017334e-02
-4.866900295019149780e-02 -1.738056354224681854e-02
-4.892946779727935791e-02 -1.755134947597980499e-02
-4.918758198618888855e-02 -1.771720498800277710e-02
-4.950715973973274231e-02 -1.790424808859825134e-02
-4.984413832426071167e-02 -1.811718940734863281e-02
-5.007307603955268860e-02 -1.827227324247360229e-02
-5.038239806890487671e-02 -1.845300942659378052e-02
-5.084320157766342163e-02 -1.870744861662387848e-02
-5.105154961347579956e-02 -1.884075812995433807e-02
-5.127171799540519714e-02 -1.899056136608123779e-02
-5.159095302224159241e-02 -1.919668726623058319e-02
-5.189272761344909668e-02 -1.939350739121437073e-02
-5.207647383213043213e-02 -1.953971758484840393e-02
-5.239918828010559082e-02 -1.973155885934829712e-02
-5.247878655791282654e-02 -1.981082931160926819e-02
-5.257315933704376221e-02 -1.990238763391971588e-02
-5.278448387980461121e-02 -2.003555186092853546e-02
-5.294018611311912537e-02 -2.016318961977958679e-02
-5.323635041713714600e-02 -2.034340798854827881e-02
-5.341576412320137024e-02 -2.046034857630729675e-02
-5.357489734888076782e-02 -2.058564499020576477e-02
-5.373302847146987915e-02 -2.070545032620429993e-02
-5.379860103130340576e-02 -2.078955993056297302e-02
-5.420013889670372009e-02 -2.099845744669437408e-02
-5.427020415663719177e-02 -2.105291374027729034e-02
-5.436485633254051208e-02 -2.113674394786357880e-02
-5.455547571182250977e-02 -2.125885896384716034e-02
-5.470839515328407288e-02 -2.135636471211910248e-02
-5.496490374207496643e-02 -2.149555832147598267e-02
-5.512985214591026306e-02 -2.161928825080394745e-02
-5.503603443503379822e-02 -2.162274532020092010e-02
-5.503590404987335205e-02 -2.165921777486801147e-02
-5.478430166840553284e-02 -2.160019613802433014e-02
-5.466620624065399170e-02 -2.159729413688182831e-02
-5.453846976161003113e-02 -2.156322635710239410e-02
-5.429054051637649536e-02 -2.148387953639030457e-02
-5.409561470150947571e-02 -2.143165282905101776e-02
-5.437096208333969116e-02 -2.156380191445350647e-02
-5.431649088859558105e-02 -2.155791781842708588e-02
-5.453538894653320312e-02 -2.165953628718852997e-02
-5.489308387041091919e-02 -2.182935737073421478e-02
-5.512324348092079163e-02 -2.194290980696678162e-02
-5.536675825715065002e-02 -2.207211591303348541e-02
-5.602383241057395935e-02 -2.237416990101337433e-02
-5.589190497994422913e-02 -2.234085835516452789e-02
-5.598846077919006348e-02 -2.240330353379249573e-02
-5.629060789942741394e-02 -2.255016751587390900e-02
-5.604246258735656738e-02 -2.246514521539211273e-02
-5.569825321435928345e-02 -2.233169041574001312e-02
-5.564647167921066284e-02 -2.232649363577365875e-02
-5.516194924712181091e-02 -2.214510552585124969e-02
-5.485625937581062317e-02 -2.203862927854061127e-02
-5.410983040928840637e-02 -2.175307460129261017e-02
-5.412644147872924805e-02 -2.176280505955219269e-02
-5.416704714298248291e-02 -2.177856676280498505e-02
-5.497942492365837097e-02 -2.211370132863521576e-02
-5.451900139451026917e-02 -2.193008735775947571e-02
-5.466205999255180359e-02 -2.199377678334712982e-02
-5.578300729393959045e-02 -2.244707010686397552e-02
-5.482055991888046265e-02 -2.206034027040004730e-02
-5.568393319845199585e-02 -2.240668237209320068e-02
-5.527695640921592712e-02 -2.224294468760490417e-02
-5.534199625253677368e-02 -2.226670645177364349e-02
3.134020790457725525e-02 -7.350449915975332260e-03
2.975782565772533417e-02 -6.976572796702384949e-03
2.840019576251506805e-02 -6.650466471910476685e-03
2.759761177003383636e-02 -6.449686363339424133e-03
2.717698924243450165e-02 -6.334892008453607559e-03
2.695903554558753967e-02 -6.269093137234449387e-03
2.708091959357261658e-02 -6.305430550128221512e-03
2.723625488579273224e-02 -6.402518600225448608e-03
2.755461633205413818e-02 -6.619290448725223541e-03
2.797212824225425720e-02 -6.978841032832860947e-03
2.828843519091606140e-02 -7.363988552242517471e-03
2.861719392240047455e-02 -7.778996136039495468e-03
2.892572060227394104e-02 -8.175370283424854279e-03
2.918295562267303467e-02 -8.565041236579418182e-03
2.975812554359436035e-02 -9.237877093255519867e-03
3.030604310333728790e-02 -9.981547482311725616e-03
3.107503801584243774e-02 -1.090560946613550186e-02
3.181640431284904480e-02 -1.189675182104110718e-02
3.224400058388710022e-02 -1.252291258424520493e-02
3.267108276486396790e-02 -1.321160234510898590e-02
3.279400989413261414e-02 -1.366285700350999832e-02
3.299120441079139709e-02 -1.417906116694211960e-02
3.288064152002334595e-02 -1.426917687058448792e-02
3.297885507345199585e-02 -1.460994966328144073e-02
3.309028595685958862e-02 -1.475551724433898926e-02
3.321370854973793030e-02 -1.496888883411884308e-02
3.312167525291442871e-02 -1.504701096564531326e-02
3.361129388213157654e-02 -1.560558471828699112e-02
3.415136411786079407e-02 -1.633696630597114563e-02
3.448367118835449219e-02 -1.678672805428504944e-02
3.471700474619865417e-02 -1.705117151141166687e-02
3.495498001575469971e-02 -1.737514883279800415e-02
3.552245721220970154e-02 -1.804652065038681030e-02
3.575297072529792786e-02 -1.834184490144252777e-02
3.595747053623199463e-02 -1.866234652698040009e-02
3.622371703386306763e-02 -1.893722638487815857e-02
3.671474009752273560e-02 -1.939989626407623291e-02
3.735160455107688904e-02 -2.000025846064090729e-02
3.780472278594970703e-02 -2.039353176951408386e-02
3.816575929522514343e-02 -2.071082405745983124e-02
3.861239925026893616e-02 -2.105947397649288177e-02
3.909756988286972046e-02 -2.157714404165744781e-02
3.970657661557197571e-02 -2.210874855518341064e-02
4.038487002253532410e-02 -2.278478071093559265e-02
4.087506607174873352e-02 -2.328674681484699249e-02
4.144445806741714478e-02 -2.386646904051303864e-02
4.205602034926414490e-02 -2.450735680758953094e-02
4.277635738253593445e-02 -2.528651058673858643e-02
4.350039362907409668e-02 -2.607985772192478180e-02
4.422635585069656372e-02 -2.686968259513378143e-02
4.495221748948097229e-02 -2.773910574615001678e-02
4.570292681455612183e-02 -2.866044826805591583e-02
4.650150984525680542e-02 -2.965509891510009766e-02
4.704662784934043884e-02 -3.042635694146156311e-02
4.754509776830673218e-02 -3.121382743120193481e-02
4.807208850979804993e-02 -3.203549981117248535e-02
4.834345355629920959e-02 -3.260323032736778259e-02
4.856076836585998535e-02 -3.310088068246841431e-02
4.866442829370498657e-02 -3.344664722681045532e-02
4.872956499457359314e-02 -3.375609964132308960e-02
4.870485514402389526e-02 -3.395625948905944824e-02
4.868913441896438599e-02 -3.416675329208374023e-02
4.880895093083381653e-02 -3.449291363358497620e-02
4.878338053822517395e-02 -3.463828191161155701e-02
4.881146177649497986e-02 -3.478142246603965759e-02
4.900242760777473450e-02 -3.509419411420822144e-02
4.911212623119354248e-02 -3.528811410069465637e-02
4.928695783019065857e-02 -3.563873469829559326e-02
4.947225749492645264e-02 -3.599173203110694885e-02
4.981136322021484375e-02 -3.642897680401802063e-02
4.984813928604125977e-02 -3.665465861558914185e-02
4.981984570622444153e-02 -3.677313029766082764e-02
4.985566064715385437e-02 -3.689904883503913879e-02
5.000195279717445374e-02 -3.706708922982215881e-02
5.015780776739120483e-02 -3.723515570163726807e-02
5.037901923060417175e-02 -3.744176775217056274e-02
5.063344538211822510e-02 -3.768827021121978760e-02
5.122362822294235229e-02 -3.827575966715812683e-02
5.254266783595085144e-02 -3.953769803047180176e-02
5.398141965270042419e-02 -4.108988493680953979e-02
5.518451705574989319e-02 -4.252928495407104492e-02
5.638604983687400818e-02 -4.400245845317840576e-02
5.650028958916664124e-02 -4.433513805270195007e-02
5.635521933436393738e-02 -4.437026008963584900e-02
5.644441023468971252e-02 -4.458203911781311035e-02
5.645156651735305786e-02 -4.469740018248558044e-02
5.652743577957153320e-02 -4.481195285916328430e-02
5.636661499738693237e-02 -4.481535404920578003e-02
5.701433867216110229e-02 -4.556620121002197266e-02
5.721775069832801819e-02 -4.588887095451354980e-02
5.769794434309005737e-02 -4.637151584029197693e-02
5.819396302103996277e-02 -4.688417911529541016e-02
5.815222859382629395e-02 -4.699214547872543335e-02
5.780427902936935425e-02 -4.686252400279045105e-02
5.769119411706924438e-02 -4.687744379043579102e-02
5.711470544338226318e-02 -4.648096859455108643e-02
5.681500211358070374e-02 -4.626080021262168884e-02
5.754223838448524475e-02 -4.687686637043952942e-02
5.735096707940101624e-02 -4.672389477491378784e-02
5.689278990030288696e-02 -4.637024551630020142e-02
5.697849765419960022e-02 -4.644472151994705200e-02
5.757225304841995239e-02 -4.694123938679695129e-02
5.754376947879791260e-02 -4.692555591464042664e-02
5.704424902796745300e-02 -4.652476310729980469e-02
5.648249760270118713e-02 -4.607363045215606689e-02
5.577204748988151550e-02 -4.551696404814720154e-02
5.532174184918403625e-02 -4.515213519334793091e-02
5.589954927563667297e-02 -4.562698677182197571e-02
5.565186589956283569e-02 -4.542412981390953064e-02
5.540645867586135864e-02 -4.522236064076423645e-02
5.527318641543388367e-02 -4.510051384568214417e-02
5.597727373242378235e-02 -4.566875100135803223e-02
5.441484600305557251e-02 -4.436448216438293457e-02
5.546846985816955566e-02 -4.520373791456222534e-02
5.574986338615417480e-02 -4.547571763396263123e-02
5.530439317226409912e-02 -4.512687399983406067e-02
5.526258796453475952e-02 -4.510194435715675354e-02
5.477946251630783081e-02 -4.470762610435485840e-02
5.567828193306922913e-02 -4.543809592723846436e-02
5.599470064043998718e-02 -4.568032920360565186e-02
5.194649100303649902e-02 -4.227084293961524963e-02
5.419864878058433533e-02 -4.404580220580101013e-02
5.400335416197776794e-02 -4.390589520335197449e-02
5.288812518119812012e-02 -4.299376532435417175e-02
5.318956449627876282e-02 -4.321847483515739441e-02
5.284003168344497681e-02 -4.289160296320915222e-02
5.377361923456192017e-02 -4.370351135730743408e-02
5.405118688941001892e-02 -4.396890103816986084e-02
5.552461370825767517e-02 -4.521531611680984497e-02
5.759525671601295471e-02 -4.691199958324432373e-02
5.700511857867240906e-02 -4.643774032592773438e-02
5.730639770627021790e-02 -4.666381329298019409e-02
5.425600335001945496e-02 -4.410264641046524048e-02
5.365170910954475403e-02 -4.361556470394134521e-02
5.326226353645324707e-02 -4.329730570316314697e-02
5.285662412643432617e-02 -4.296780377626419067e-02
5.306545272469520569e-02 -4.315500333905220032e-02
5.267404764890670776e-02 -4.282915964722633362e-02
5.106113106012344360e-02 -4.153845086693763733e-02
5.339731276035308838e-02 -4.345025122165679932e-02
5.260319262742996216e-02 -4.279722645878791809e-02
5.423344671726226807e-02 -4.418442025780677795e-02
5.701243132352828979e-02 -4.648013412952423096e-02
5.748167634010314941e-02 -4.687119647860527039e-02
5.769517272710800171e-02 -4.706548154354095459e-02
5.716321244835853577e-02 -4.663394019007682800e-02
5.713140219449996948e-02 -4.660335183143615723e-02
5.636605247855186462e-02 -4.597688093781471252e-02
5.564988777041435242e-02 -4.537064582109451294e-02
5.543501302599906921e-02 -4.519774764776229858e-02
5.552425608038902283e-02 -4.527311399579048157e-02
5.460452660918235779e-02 -4.448768123984336853e-02
5.416535213589668274e-02 -4.405225440859794617e-02
5.417422577738761902e-02 -4.388630390167236328e-02
5.528818815946578979e-02 -4.465271160006523132e-02
5.540832504630088806e-02 -4.470891878008842468e-02
5.534798651933670044e-02 -4.464803636074066162e-02
5.492734536528587341e-02 -4.432276263833045959e-02
5.509756132960319519e-02 -4.448937624692916870e-02
5.461969599127769470e-02 -4.416067525744438171e-02
