-2.680796578109269035e+01 -7.142549110456785755e+00
-2.654649118643410688e+01 -7.573698107796135837e+00
-2.571211086447107519e+01 -7.178606118670481706e+00
-2.577026742844759610e+01 -7.364894033301439435e+00
-2.534776924437564105e+01 -6.629738065325565088e+00
-2.433449626896225126e+01 -6.486430654281166497e+00
-2.346945943657754796e+01 -5.781934374702764501e+00
-2.199162349943062011e+01 -5.556767634656790911e+00
-2.099608772896295505e+01 -5.047958188907545107e+00
-2.006381102918604142e+01 -4.815424627202872010e+00
-1.885723241143954709e+01 -4.756189372107774815e+00
-1.811212787623583154e+01 -4.823956000281302892e+00
-1.702864691143278719e+01 -4.820936033297577694e+00
-1.604931843988311613e+01 -5.334514573598601039e+00
-1.562938614408389881e+01 -5.755847899849438676e+00
-1.488379929807625146e+01 -5.941006099275082164e+00
-1.396360687310497006e+01 -6.463821301928536656e+00
-1.292100001146093113e+01 -7.114777071569408307e+00
-1.206753726914699776e+01 -7.674996845311763849e+00
-1.083010929546381895e+01 -8.379040712876594910e+00
-9.770991257048578404e+00 -9.002552790026262741e+00
-8.839267870958085638e+00 -9.580163121799099457e+00
-7.313257138421092485e+00 -1.037847942495850972e+01
-6.234186620292509140e+00 -1.093919675723746288e+01
-5.201251853108570522e+00 -1.147789457029876203e+01
-3.928360848188130028e+00 -1.208422203066061940e+01
-2.857694684719307876e+00 -1.258488769644206862e+01
-1.729965978680203964e+00 -1.312762616385601611e+01
-5.545501373126034972e-01 -1.357138401886380308e+01
5.484372629194137483e-01 -1.410513055836681318e+01
1.320771362944265670e+00 -1.453055389782406159e+01
2.338246417555375878e+00 -1.506394335026743825e+01
3.307721184368714429e+00 -1.570648523260312146e+01
3.759815912655168901e+00 -1.615863472083611185e+01
4.332096750873981605e+00 -1.680938187693358898e+01
4.875849892916177986e+00 -1.717532052577211488e+01
5.085805895754646144e+00 -1.778751415861963636e+01
5.461967059513363587e+00 -1.866179779258416360e+01
5.517928934185653667e+00 -1.935181263902281401e+01
5.693401846661579668e+00 -2.046543139409101286e+01
5.811173195966363281e+00 -2.089817044623640285e+01
5.980138356763763596e+00 -2.084465526276609637e+01
6.086434648598777031e+00 -2.137244726407374884e+01
6.276988726938753871e+00 -2.173641548135914903e+01
6.177898951568076669e+00 -2.191826156106570167e+01
6.454216678249620642e+00 -2.224606386585154638e+01
6.253127670166067631e+00 -2.244851783721814797e+01
6.444360790474255474e+00 -2.255614963442450360e+01
6.597248745135032344e+00 -2.285931735874267190e+01
6.439465438015491650e+00 -2.303987893315628099e+01
6.630341893251891605e+00 -2.331206928700103376e+01
6.527501168764669792e+00 -2.351257259014839107e+01
6.798459869158083535e+00 -2.343461960836796365e+01
6.702666731918648146e+00 -2.377307003154512444e+01
6.959013730221074390e+00 -2.409346247145850484e+01
6.728062812537209503e+00 -2.416531787160688438e+01
6.950157305748756009e+00 -2.439113117449279144e+01
6.876648599753588442e+00 -2.469547241037495056e+01
7.105884852294481746e+00 -2.477804538996111461e+01
7.034322024013593300e+00 -2.508549823783772226e+01
7.060111983354349086e+00 -2.537470995052171219e+01
7.276209158896810969e+00 -2.545057722856918758e+01
7.255491894693150812e+00 -2.571796849522755224e+01
7.239062429420740408e+00 -2.609057087430595701e+01
7.424034332846159323e+00 -2.617910451409926154e+01
7.407285999328403037e+00 -2.664065883151590697e+01
7.512668497000744239e+00 -2.681133974086389671e+01
7.620243006643765860e+00 -2.740482239106642126e+01
7.700149277691793692e+00 -2.770620544354721204e+01
7.835610851681894751e+00 -2.828106448483834967e+01
7.887601359262361278e+00 -2.866513571439861252e+01
8.011144721443031358e+00 -2.925642671090318103e+01
8.085077549043909073e+00 -2.955632613940520770e+01
8.211135463030231563e+00 -3.017877677672897718e+01
8.380480829366216966e+00 -3.073205041960793338e+01
8.322103905195138651e+00 -3.090559333151781729e+01
8.423406687903833401e+00 -3.123649481807806794e+01
8.576923825487353881e+00 -3.165094510412346196e+01
8.453002450038468396e+00 -3.180046284770646636e+01
8.593371587416932300e+00 -3.209910273285276361e+01
8.543904180613120403e+00 -3.241933722861730161e+01
8.770833479494596574e+00 -3.247842553837082846e+01
8.678426867683308288e+00 -3.277809530148665118e+01
8.685105343651670751e+00 -3.309119786033206623e+01
8.914793437448336633e+00 -3.318042277336952850e+01
8.677090863954077804e+00 -3.343906949213244673e+01
8.845139165840810946e+00 -3.357863889906390398e+01
8.993428382028167078e+00 -3.377294679202709204e+01
8.830545510640556373e+00 -3.396739237069265016e+01
9.029695373842461237e+00 -3.420704567509648797e+01
8.842274983382441889e+00 -3.441422534777922948e+01
9.119201553441039110e+00 -3.447330703495292425e+01
8.919404494666663297e+00 -3.471593633918757860e+01
9.159336575403024483e+00 -3.483003476243013807e+01
9.082217845358309560e+00 -3.508731676770619856e+01
9.229975472835754147e+00 -3.544753821425840101e+01
8.997580994243529418e+00 -3.543247521867084515e+01
9.215938779148141080e+00 -3.571563478020816262e+01
9.015152673170707232e+00 -3.600074403119395328e+01
9.170724663614945982e+00 -3.611863100048279307e+01
9.237703779257962822e+00 -3.640502367706542941e+01
9.088594023620990114e+00 -3.683136959822322609e+01
9.573541907961745423e+00 -3.671927370469605734e+01
9.389668589107142083e+00 -3.601601853933991038e+01
9.450580504682935867e+00 -3.630675381874127794e+01
9.134309354254520841e+00 -3.657912718678374375e+01
9.365167472203840049e+00 -3.686293842287831524e+01
9.469067473553058889e+00 -3.718920419096168928e+01
9.379222450986857140e+00 -3.769335376637292967e+01
9.329328289648923800e+00 -3.803936128705734632e+01
9.569127482196885026e+00 -3.843359985626518238e+01
9.649911762268663651e+00 -3.866737539631863285e+01
9.674432732563548853e+00 -3.920087772486255773e+01
9.471983300789432292e+00 -3.875299235427458910e+01
9.802525659426805760e+00 -3.960512640894108216e+01
9.876757471106122566e+00 -3.996672665586608275e+01
9.613805469231010647e+00 -4.019770111057670903e+01
9.382964027848419875e+00 -4.019205363841030021e+01
9.317291549642046533e+00 -4.046861931361468123e+01
9.170785290055549765e+00 -4.154630431957247083e+01
9.240898628863078557e+00 -4.090964857381072761e+01
9.602318612255501762e+00 -4.096682930009646384e+01
9.932442953319414514e+00 -4.067460092576838093e+01
1.022361929915544643e+01 -4.151525281787443333e+01
1.042621362749143721e+01 -4.113020982365797096e+01
1.043232765151094554e+01 -4.080629956726199481e+01
1.075134805869268284e+01 -4.126164085339755871e+01
1.084441176872035761e+01 -4.238886965856348610e+01
1.107188566938837226e+01 -4.236590082251295541e+01
1.116442209212633507e+01 -4.201036917698908013e+01
1.087855053320223320e+01 -4.204295993520570107e+01
1.067539405082625770e+01 -4.158490919737282354e+01
1.098657807793208363e+01 -4.183804657065613952e+01
1.031073798161411759e+01 -4.178986293304012634e+01
1.011833752605056347e+01 -4.249728184842733469e+01
9.897070869705792973e+00 -4.146837377999248986e+01
9.627495333855970117e+00 -4.179856631160465952e+01
9.520168560996692619e+00 -4.126811414841822767e+01
1.002955932556487539e+01 -4.106207351070884926e+01
1.037367285435375486e+01 -4.066644960225871586e+01
1.019402211475877174e+01 -4.083023810034455181e+01
1.001080426922668565e+01 -4.180657708659313698e+01
1.042902379416822001e+01 -4.209752113596496770e+01
1.058087996646684381e+01 -4.241943465494389898e+01
1.001002237161139519e+01 -4.232957692742657940e+01
1.013245637695131229e+01 -4.287935093631318750e+01
9.370782001701064345e+00 -4.205937533453331412e+01
9.479104546104800022e+00 -4.337142534215161049e+01
9.095269012219972637e+00 -4.275495652174358696e+01
9.225604501416750480e+00 -4.253707403851715441e+01
9.149975394882059021e+00 -4.219750296150851199e+01
9.197069053289162355e+00 -4.310416312036706188e+01
8.815335769220377315e+00 -4.267680802041348187e+01
8.890507380785964031e+00 -4.302463993661445585e+01
9.631847494567727708e+00 -4.264958159148523009e+01
9.402316087768559427e+00 -4.276840296654265927e+01
9.590643375038872875e+00 -4.305020487240280147e+01
1.003717007178600618e+01 -4.310896159343836587e+01
9.542204422206056691e+00 -4.233413730461858648e+01
8.854561855438126017e+00 -4.225012578438281707e+01
-2.670820547459978300e+01 -7.370793475051227617e+00
-2.676530479500662096e+01 -6.900738185566152261e+00
-2.607460483241477078e+01 -6.810853576720280245e+00
-2.592446752618530326e+01 -6.630707888485763313e+00
-2.543346270260288833e+01 -6.455403691083190232e+00
-2.442174931347113187e+01 -6.327134842175063056e+00
-2.341172882280893575e+01 -5.998624254020372248e+00
-2.223525913054220027e+01 -5.590939626929208650e+00
-2.097419789220558073e+01 -5.204137950346787278e+00
-2.000145637664441978e+01 -4.607694285239767318e+00
-1.903191204466509134e+01 -4.896415182646024711e+00
-1.790036321613530745e+01 -4.922519704359567427e+00
-1.708489221688673609e+01 -4.960243223394455114e+00
-1.589042013555214083e+01 -5.561841166169824824e+00
-1.502492239098268634e+01 -5.793776876684692212e+00
-1.446609335260563256e+01 -6.145768817223244973e+00
-1.384739287788284834e+01 -6.638224291610875127e+00
-1.265786101612544279e+01 -7.340199255444836979e+00
-1.172782046821472868e+01 -7.830620830267120525e+00
-1.047385711377407347e+01 -8.595594475893337361e+00
-9.446498770066400041e+00 -9.182669086632907707e+00
-8.323705227312800048e+00 -9.806259861032225800e+00
-7.121700263581574042e+00 -1.043210463154844803e+01
-5.685859662937262193e+00 -1.120823307861932072e+01
-4.499409473971337725e+00 -1.181012749554275310e+01
-3.598398455555216202e+00 -1.221216050155339694e+01
-2.534013532196217611e+00 -1.270058861848001541e+01
-1.917295218513614286e+00 -1.300279078843791325e+01
-7.639051698356444930e-01 -1.344864560312506718e+01
1.889913654389914488e-01 -1.383809084801908718e+01
1.014616804708981634e+00 -1.412352828569005858e+01
1.857344491167073564e+00 -1.447095949640801216e+01
2.793510619758126978e+00 -1.458631508168856605e+01
3.646374953665246554e+00 -1.467839928857015686e+01
4.204913738827854353e+00 -1.483871485840080240e+01
4.951289541885489420e+00 -1.496957294706429487e+01
5.578450282014283168e+00 -1.485971378350559391e+01
5.785163221102102682e+00 -1.428522423975760169e+01
6.232924806380903071e+00 -1.335474268205905801e+01
6.505049205756110453e+00 -1.295880675881644883e+01
6.934604272609360187e+00 -1.273239651612028567e+01
7.340877625700204412e+00 -1.238612487139954865e+01
7.613239004111378883e+00 -1.206963403568857984e+01
7.883487930171512836e+00 -1.175176300841485322e+01
8.240826608844868062e+00 -1.128892491842299073e+01
8.616116981739198266e+00 -1.086513516835147897e+01
8.967112507362825724e+00 -1.040737691276606114e+01
9.330379104111164779e+00 -9.934733477162717818e+00
9.482186306218684635e+00 -9.671409811217385410e+00
1.004789564110169309e+01 -8.922015971389118505e+00
1.045742897549256156e+01 -8.335702609819614750e+00
1.084996196719052897e+01 -7.741376163149094936e+00
1.125085946051932773e+01 -7.142450900265971292e+00
1.204270944220868778e+01 -5.902473005121432692e+00
1.241587989118840518e+01 -5.261364297290024084e+00
1.279476793811220503e+01 -4.614544032446067590e+00
1.320804958273877538e+01 -3.940313184390994650e+00
1.361541182415026796e+01 -3.269933234445785875e+00
1.383699527134297114e+01 -2.782840252750041987e+00
1.415730790089198798e+01 -2.157027813371466429e+00
1.449033835768880607e+01 -1.520870438745445696e+00
1.476112673750746396e+01 -8.924081682473417043e-01
1.506370077327190060e+01 -2.810494465905740147e-01
1.515908322839239197e+01 3.244570662599463584e-01
1.542068581821363793e+01 9.126674852722056475e-01
1.569030626579557897e+01 1.502456913473965150e+00
1.600674730673175006e+01 2.220433715344841019e+00
1.610592062477413222e+01 3.128783377762793361e+00
1.627155167368517041e+01 3.768075383607065287e+00
1.637006539165302144e+01 4.196983298510941651e+00
1.648648180662391738e+01 4.718218284058608880e+00
1.675437095255049158e+01 5.337405242988597642e+00
1.663328859138070470e+01 5.869470227320411126e+00
1.663444026458436298e+01 6.348505291570838871e+00
1.643931245759178239e+01 6.641717741597632063e+00
1.615169048288109721e+01 6.943457102724077679e+00
1.613859068278343400e+01 7.390366494429601474e+00
1.634144790954101722e+01 7.393908413021988757e+00
1.618228143063399926e+01 7.862654004424592280e+00
1.638990284283922705e+01 7.865080922504750660e+00
1.632967921729889582e+01 8.326629783412395014e+00
1.646571979909216665e+01 8.779285329785672332e+00
1.625609469470526491e+01 8.767739564708190159e+00
1.628525887097392655e+01 9.183153428153532971e+00
1.622654329506940840e+01 9.540407859029567561e+00
1.621254343288144639e+01 9.876375056862377377e+00
1.620366058393916475e+01 1.032903582115695329e+01
1.625148513557631347e+01 1.074676505489358291e+01
1.630089618137035501e+01 1.138815089362953792e+01
1.631260119085150251e+01 1.191313702359287952e+01
1.631422068579039220e+01 1.229019730958785139e+01
1.629941011688733710e+01 1.271088290500969009e+01
1.626786219743830486e+01 1.300651178899859772e+01
1.639723755069294597e+01 1.321085276197348435e+01
1.621357628065369028e+01 1.353618513176672344e+01
1.642837712588913490e+01 1.363867675403788660e+01
1.657491484028374629e+01 1.386300549957689299e+01
1.634126495669963575e+01 1.399677438404386365e+01
1.622463458691152027e+01 1.432237454819572697e+01
1.644669820547978389e+01 1.441425958257115703e+01
1.658459546961946884e+01 1.455746656599079003e+01
1.633650374130711569e+01 1.484009249745558634e+01
1.656945662197722413e+01 1.493877339623571210e+01
1.640298289433204459e+01 1.521270046862508529e+01
1.662509877612031772e+01 1.532144806696050487e+01
1.641079812165174800e+01 1.549000918488788514e+01
1.659944276511640737e+01 1.571523437442986548e+01
1.655985234416074547e+01 1.604976531622870795e+01
1.674474391447894916e+01 1.627115931166335727e+01
1.659045026979315551e+01 1.649555093639697390e+01
1.657776940478821359e+01 1.675753516395958798e+01
1.679666509010755249e+01 1.696972626169436893e+01
1.666561195932160189e+01 1.725508152343233448e+01
1.686338278474756791e+01 1.735663133404452552e+01
1.682195672869566749e+01 1.764180420257024196e+01
1.685792246867696775e+01 1.791978294478219169e+01
1.692456945268396851e+01 1.819251781750460140e+01
1.701246454851412082e+01 1.857635077837039361e+01
1.698887111505174019e+01 1.886712537949595969e+01
1.708337750956772183e+01 1.922443053862953377e+01
1.707240598335570780e+01 1.958891571774140772e+01
1.718915970960969375e+01 1.984061287173771859e+01
1.730170120692082492e+01 2.019723004478738559e+01
1.729149691851117510e+01 2.056890215711389303e+01
1.739711789016850574e+01 2.095983807690461731e+01
1.735345987243488253e+01 2.121667437941717438e+01
1.746489790297469469e+01 2.146226437147842248e+01
1.742723156953971753e+01 2.177189738539502883e+01
1.769881179480696431e+01 2.188224858842214005e+01
1.750113157451333379e+01 2.209259705055779932e+01
1.768084851735045859e+01 2.228364103846913125e+01
1.795620304796661060e+01 2.251359144635944176e+01
1.761545337906609632e+01 2.275538696068370825e+01
1.794391437859055927e+01 2.279778009438464181e+01
1.770916969906381411e+01 2.318266243695729401e+01
1.742049513682232842e+01 2.325317492586632540e+01
1.754490036856132562e+01 2.300682039248071220e+01
1.796733474719487944e+01 2.312971065247634428e+01
1.798926469422362828e+01 2.364125061463942146e+01
1.783122248364399809e+01 2.381661204757335426e+01
1.825960818635794780e+01 2.376981146474403772e+01
1.820205528649858095e+01 2.417487513150636147e+01
1.850313216111345227e+01 2.439560815397325300e+01
1.820645232901900812e+01 2.487135387451335689e+01
1.859372563489328201e+01 2.525779142136579125e+01
1.837471777991525101e+01 2.536119146695808624e+01
1.813382938474144979e+01 2.512870823290286282e+01
1.887006350046213399e+01 2.493745757475329228e+01
1.801569597655854693e+01 2.529381450011227628e+01
1.879233634820867138e+01 2.514858923739582153e+01
1.845233557512388956e+01 2.404800816488971194e+01
1.873867986143932285e+01 2.453299363709566805e+01
1.793022771924937331e+01 2.413916002105352732e+01
1.803624018709550114e+01 2.389065880251724749e+01
1.806607205738067634e+01 2.454631857606996093e+01
1.844001584602191102e+01 2.498169811343619173e+01
1.779801304059989775e+01 2.508294267046501957e+01
1.780298119602887752e+01 2.472359296092462699e+01
1.763260076452292324e+01 2.435177035211088636e+01
1.740045786546847495e+01 2.435988983643834516e+01
-2.642295768223893049e+01 -7.353773415807300928e+00
-2.655762234970132241e+01 -7.084779504245782178e+00
-2.610794633591516956e+01 -6.533448890810384491e+00
-2.591887890548245110e+01 -7.109891077362528122e+00
-2.522092296792673594e+01 -6.824350090238260336e+00
-2.450418796665208632e+01 -6.146934506882154814e+00
-2.325489529122665289e+01 -5.790796659038128347e+00
-2.247658412958314855e+01 -5.312182514925484433e+00
-2.148329433442263436e+01 -4.726266573925124170e+00
-2.095877866405073675e+01 -4.288990075532963964e+00
-2.010004586497594659e+01 -3.877531710234680684e+00
-1.969059364619451813e+01 -3.447469222415450396e+00
-1.915641534144463165e+01 -3.203070602674745526e+00
-1.873186065156842872e+01 -2.693957404233407349e+00
-1.839869151362753641e+01 -2.567567969368144798e+00
-1.836095783772328005e+01 -1.934458980820750407e+00
-1.820637847818004573e+01 -1.692067780249508990e+00
-1.795949141633680313e+01 -1.487323878508541197e+00
-1.765738549844370553e+01 -1.579694450427571395e+00
-1.729952975993544229e+01 -2.013946763361197156e+00
-1.689629863340991989e+01 -2.871698788173771888e+00
-1.634653601148347590e+01 -3.810183966798443400e+00
-1.616532259972995789e+01 -3.910314246543036276e+00
-1.583358338660194242e+01 -4.090885744026161674e+00
-1.544153650819758994e+01 -4.256164511084740809e+00
-1.526393208034894045e+01 -4.487522355675607422e+00
-1.478493526982689410e+01 -4.844956966989450109e+00
-1.455248980680103799e+01 -5.174397549526864815e+00
-1.402033223082691471e+01 -5.642293703138604677e+00
-1.343404732735286977e+01 -6.139518246287434700e+00
-1.305755935761287923e+01 -6.468826135369421415e+00
-1.232732195910835848e+01 -6.948463318100158936e+00
-1.160591321069411386e+01 -7.506131107407583158e+00
-1.069498714482579871e+01 -8.172783102296452995e+00
-9.770215372644210916e+00 -8.735089112607345996e+00
-8.634292628281531989e+00 -9.451731982655825703e+00
-7.939377609466188090e+00 -9.930284186690537140e+00
-6.884078155359125262e+00 -1.050235885514993406e+01
-5.823294587704501701e+00 -1.102071853585408334e+01
-4.812651659906739710e+00 -1.156797870044313647e+01
-4.050707748097041261e+00 -1.189199005192442016e+01
-3.020910893229323602e+00 -1.236677650010945761e+01
-1.842608383510793590e+00 -1.280764093391033320e+01
-1.012896949887910569e+00 -1.318962636651950504e+01
-3.364023908928585882e-02 -1.351512450946298216e+01
9.750551205745178196e-01 -1.376176199484045881e+01
1.881391652089417388e+00 -1.408317975689550394e+01
3.016645855111620644e+00 -1.403921500328127436e+01
3.923134738074468775e+00 -1.413938496373401854e+01
4.636650423724087311e+00 -1.418595108564453078e+01
5.227879648402200985e+00 -1.429550081016330410e+01
5.612963908331250806e+00 -1.342583691637480214e+01
5.921015137884253932e+00 -1.322641899911240770e+01
6.126528982337638318e+00 -1.305543243031196887e+01
6.715621327080092406e+00 -1.289927414593879362e+01
6.779518524382766032e+00 -1.256438372211376375e+01
7.203002975747911485e+00 -1.221335619105754056e+01
7.541425330600976196e+00 -1.181127129403469844e+01
7.733028619551958194e+00 -1.154472809643787379e+01
8.075217025736714405e+00 -1.115862712703750681e+01
8.478692212856076438e+00 -1.075021737322225945e+01
8.830996681424885253e+00 -1.029949490814203372e+01
9.195760569578913746e+00 -9.825966294542933355e+00
9.643416349050822234e+00 -9.371626528326926220e+00
1.014103220269179140e+01 -8.697778549538606185e+00
1.054435984778100099e+01 -8.117886489396543226e+00
1.094615868637667688e+01 -7.530652080479368848e+00
1.134895136218094258e+01 -6.927827757261303177e+00
1.183831437052520030e+01 -6.209726750170794674e+00
1.223193873735466575e+01 -5.567546484602206469e+00
1.259610007924517561e+01 -4.942440103212597968e+00
1.301065755339738850e+01 -4.282755903521509033e+00
1.340654272452542628e+01 -3.607559622438051949e+00
1.371257598056194205e+01 -2.944163551863074435e+00
1.403580606357553151e+01 -2.326604504755140912e+00
1.437538221286041917e+01 -1.709321009186521412e+00
1.482033212209833373e+01 -1.136373612040983749e+00
1.514460149753825569e+01 -5.623901494162816261e-01
1.544410238761296483e+01 3.382451098400320738e-02
1.574070974138809653e+01 6.258142908324928477e-01
1.602737542191487208e+01 1.203056759682453958e+00
1.652093740806758859e+01 1.648319495119734857e+00
1.674266149385703528e+01 1.951185316304162365e+00
1.711779048143313631e+01 2.325052995113056742e+00
1.760504550222091424e+01 2.779496919581083247e+00
1.797398591808091339e+01 3.233680731971374733e+00
1.835299951595983714e+01 3.650109788192010374e+00
1.861744721885803955e+01 4.027181114845043375e+00
1.945579734096072855e+01 3.349619143955198552e+00
1.987059168071426285e+01 3.201568582461991941e+00
2.015292897410396833e+01 3.407191150112245381e+00
2.052269654728417692e+01 3.622686133746276571e+00
2.072475791623959296e+01 3.437411800537161000e+00
2.078262014485310161e+01 3.700418429255424524e+00
2.094805806170243656e+01 3.792327471911035808e+00
2.125854945689475173e+01 3.885394181528475155e+00
2.145491030502919472e+01 3.725541875940916459e+00
2.179544555079998247e+01 3.905451770216212370e+00
2.191356163996171702e+01 3.527548675887677732e+00
2.210186560155475988e+01 3.681106346082337222e+00
2.229213669708819978e+01 3.850999207902239263e+00
2.259296838810774233e+01 3.749305409431364478e+00
2.278591759609174261e+01 3.989345140985910199e+00
2.301612567859733716e+01 3.885038460001835059e+00
2.324117466114594066e+01 4.033631262591890199e+00
2.353176815913579034e+01 4.040616118104635390e+00
2.386166434016451277e+01 4.136292672254842984e+00
2.409154157287673215e+01 4.037341793513391508e+00
2.438260911517549800e+01 4.127101878534703339e+00
2.478429042779319502e+01 4.159210635192310157e+00
2.494820551249946305e+01 4.338493207972993204e+00
2.528211559932753261e+01 4.265614395993317487e+00
2.547491341320341718e+01 4.416202235147521193e+00
2.580733332051482876e+01 4.341148190258286022e+00
2.602111022064378787e+01 4.549576502214957685e+00
2.629506391266542664e+01 4.394711322361863459e+00
2.647064555797069829e+01 4.645077917818873026e+00
2.673494280868033712e+01 4.463319241421912054e+00
2.697233640061482518e+01 4.605580792069282836e+00
2.715738194178484477e+01 4.796624043655270064e+00
2.743185711023293649e+01 4.596259510988240038e+00
2.750745655659177658e+01 4.851995000176445139e+00
2.784939653823567696e+01 4.810136642764337722e+00
2.810067535012087703e+01 4.706502368051813434e+00
2.822967654713704633e+01 4.974455025086855109e+00
2.848483248393442935e+01 5.056029609747501929e+00
2.856722008144771152e+01 4.801852594772123339e+00
2.875439086693087276e+01 5.045586479545089986e+00
2.922256440420046175e+01 4.913999655351529050e+00
2.923171627492976654e+01 5.229112112009483226e+00
2.957657341786875804e+01 5.069750506186665895e+00
2.962652072610291754e+01 5.333370863208360291e+00
2.982610994606260846e+01 4.991217037447284177e+00
2.997204135683013959e+01 5.394845640420637523e+00
3.020765219799545065e+01 5.027384186379244113e+00
3.025038301365602322e+01 5.258707707229188344e+00
3.033453372177140039e+01 5.549382613784085372e+00
3.063000288934238569e+01 5.277725999946813573e+00
3.085392803953632779e+01 5.145182664528666017e+00
3.083150320735371253e+01 5.565763204907495876e+00
3.150973542930302784e+01 5.326753018515613114e+00
3.141643565329463073e+01 5.515139865011162712e+00
3.150937881654046180e+01 5.735873153862879548e+00
3.161626395671849821e+01 5.556166116179921843e+00
3.190460018104763051e+01 5.341662881143479424e+00
3.193330679631094426e+01 5.778768451104027370e+00
3.208135126354498112e+01 5.503644831874892063e+00
3.225226234498482825e+01 5.873784666486540296e+00
3.245553728338494892e+01 5.283504253060598010e+00
3.252290789669282134e+01 5.585415684978137563e+00
3.250551352908625802e+01 6.133538177319615592e+00
3.286232026792186645e+01 6.081394288278610283e+00
3.279671468312805871e+01 5.796323367610934696e+00
3.312091796903469998e+01 6.066507981500775415e+00
3.287580650575473840e+01 5.441848881488700940e+00
3.313871014536528037e+01 5.645271108196159737e+00
3.306819643473442483e+01 5.843122780239534464e+00
3.314871502539521231e+01 5.420180881435958220e+00
3.277744219116114976e+01 6.288544412279906126e+00
3.297663368877323364e+01 5.212104492041816250e+00
-2.630219217181346636e+01 -7.630499139830458688e+00
-2.666419681080548543e+01 -6.718898799625406149e+00
-2.586968144600767872e+01 -6.903825473154848069e+00
-2.541053507049730342e+01 -6.913667647588430221e+00
-2.510953299150039086e+01 -6.541913103738711044e+00
-2.423137275940747415e+01 -6.169282732682729531e+00
-2.312268641600881125e+01 -5.505972507131851046e+00
-2.226756844204052754e+01 -5.031618730250609239e+00
-2.145718256004390057e+01 -4.273243743564160368e+00
-2.078212022819168681e+01 -3.515253909756132167e+00
-2.016714421874613805e+01 -2.733582912836810319e+00
-1.995612332123447885e+01 -1.999891452964812855e+00
-1.974857279221357587e+01 -1.646619023694511741e+00
-1.944589183254638698e+01 -1.165152183754484039e+00
-1.950898569496442292e+01 -6.424520290831458036e-01
-1.925093669463774049e+01 -4.884702084818060008e-02
-1.932304608059187956e+01 3.312019249641791618e-01
-1.940610938434992505e+01 8.917606529550592409e-01
-1.960082228784360936e+01 1.310113917482554236e+00
-1.962839945702752686e+01 1.654513618321531432e+00
-1.989664036988583717e+01 2.255163265412182927e+00
-2.017427420282706052e+01 2.777063956437578529e+00
-2.033647811914896408e+01 2.913012203178223292e+00
-2.026780680711456739e+01 3.342355662145092943e+00
-2.051235780171038314e+01 3.434080338587170100e+00
-2.033529225375147931e+01 3.608317280726944798e+00
-2.058859623966978702e+01 3.836700357544045925e+00
-2.044933255412818340e+01 4.007456116422338788e+00
-2.057151763858548321e+01 4.276907296697218364e+00
-2.080051866484242140e+01 4.355751343902178441e+00
-2.062647300640763248e+01 4.521965865307784327e+00
-2.065491712949935277e+01 4.684146347021277634e+00
-2.089984485439490669e+01 4.789219163552053793e+00
-2.077829920973925226e+01 4.971395508229967675e+00
-2.090499256067486655e+01 5.241069769124005795e+00
-2.103859069943302273e+01 5.389400432408211650e+00
-2.113287163236675070e+01 5.725765166885940616e+00
-2.126675293163826197e+01 5.970894387311956208e+00
-2.107268279505452568e+01 6.031421601165903645e+00
-2.130240115187221406e+01 6.271926139468690486e+00
-2.116708299020179851e+01 6.444629254582504352e+00
-2.139239567014991295e+01 6.504089322504435167e+00
-2.132546261900854745e+01 6.888424887988299439e+00
-2.149599314767792535e+01 6.982367647838681357e+00
-2.158441659740648433e+01 7.347166662734029074e+00
-2.153339887133044428e+01 7.518538455990659841e+00
-2.168006701278433468e+01 7.892413194449948044e+00
-2.176595224896280456e+01 8.154773935261749429e+00
-2.187272858006274845e+01 8.577613895907873598e+00
-2.194260288628518651e+01 8.860762967912453547e+00
-2.204625369610335639e+01 9.306814804828208665e+00
-2.223950550385703551e+01 1.012533108615913235e+01
-2.250477907212016859e+01 1.124141722972882818e+01
-2.268547184054093790e+01 1.197250116491641947e+01
-2.287308965137907180e+01 1.272394121269574718e+01
-2.306717569610543350e+01 1.349490057344361027e+01
-2.326019364098184283e+01 1.433020019973081105e+01
-2.341248033910039084e+01 1.490151383641382665e+01
-2.339170887485932226e+01 1.508881742132851400e+01
-2.347888764150498631e+01 1.551334391030991888e+01
-2.362837194979771738e+01 1.564608071095495134e+01
-2.353202672693604569e+01 1.582396832783595286e+01
-2.372548318631427833e+01 1.617277582669044023e+01
-2.366866102990206855e+01 1.636068677572017549e+01
-2.390198868918680475e+01 1.672580827548976856e+01
-2.373042860796164177e+01 1.684788953647154841e+01
-2.396469899164328510e+01 1.705052844804044199e+01
-2.386042470982296493e+01 1.724498023935596080e+01
-2.388884604624293218e+01 1.764500205027978552e+01
-2.408468667312070721e+01 1.760390736706514048e+01
-2.415346630827228225e+01 1.797373887354807565e+01
-2.395615610959604425e+01 1.801146626808676743e+01
-2.404918973874021759e+01 1.833077429139366288e+01
-2.420818935828701868e+01 1.845926681496913346e+01
-2.415843156188655882e+01 1.878197878028164070e+01
-2.432851631234068535e+01 1.889981679620693100e+01
-2.427222926167175387e+01 1.915085607037594784e+01
-2.447603987329656405e+01 1.948289727262809379e+01
-2.429064618985057322e+01 1.957231844301182377e+01
-2.444509070496135550e+01 1.986656284477182055e+01
-2.462208153112899112e+01 2.052314933731510749e+01
-2.471705009503856232e+01 2.143696947551244847e+01
-2.476628391167765741e+01 2.176067547794724533e+01
-2.480118917749097207e+01 2.211341851093831679e+01
-2.502997664370385777e+01 2.250042728512866574e+01
-2.510948955315620523e+01 2.300766991641910764e+01
-2.512405474512801717e+01 2.321937904808433473e+01
-2.537004141412304392e+01 2.354048507872278861e+01
-2.553922715526778475e+01 2.395496445834601573e+01
-2.574012927495325442e+01 2.426252759861715091e+01
-2.581063339718172145e+01 2.464261225373307340e+01
-2.600175995553004427e+01 2.488672168928378170e+01
-2.649212961797034183e+01 2.578389331786009464e+01
-2.695752535801213767e+01 2.657314663864622872e+01
-2.744269577588912057e+01 2.720292727001061905e+01
-2.777816285932250295e+01 2.765950710913967114e+01
-2.809498990246490990e+01 2.793181760088987176e+01
-2.788358098676784635e+01 2.809338529339358459e+01
-2.814227096384994908e+01 2.820117522577509206e+01
-2.834987713757382721e+01 2.853933652459571491e+01
-2.822163048378621397e+01 2.867812841905069732e+01
-2.844808516831923839e+01 2.895353360603860438e+01
-2.821522351457968725e+01 2.912377443173803115e+01
-2.803723988938353173e+01 2.942073298536541159e+01
-2.778032345531272895e+01 2.896233817544090883e+01
-2.730686509945737228e+01 2.898178917225120799e+01
-2.722559909803699796e+01 2.945550280785246500e+01
-2.676470899803398851e+01 2.957883077800243399e+01
-2.648176386468004040e+01 2.951298310645185552e+01
-2.613225766814859696e+01 2.914563957186946297e+01
-2.594858215325148620e+01 2.863554186263090173e+01
-2.580550203504001416e+01 2.877972902483849182e+01
-2.612328397234032096e+01 2.767986777742285653e+01
-2.629630335989251932e+01 2.744386412258192465e+01
-2.649336896324054180e+01 2.824382561460819829e+01
-2.651592514916897514e+01 2.882197217724436555e+01
-2.630431958827977112e+01 2.935143431683048121e+01
-2.673220891778174035e+01 2.934010198960679006e+01
-2.707501288271962281e+01 2.929757747558227265e+01
-2.662016551625736227e+01 2.898210564795863320e+01
-2.578079663345033978e+01 2.749055159087862066e+01
-2.556995595206066696e+01 2.620774552369410770e+01
-2.553829919477309218e+01 2.670020005281202913e+01
-2.456068553253582820e+01 2.625041626426249763e+01
-2.479778255427277500e+01 2.599710306244761071e+01
-2.495678628676879995e+01 2.538276230488986229e+01
-2.520993444487146817e+01 2.629040318908841556e+01
-2.521110877980428100e+01 2.696893441043106776e+01
-2.542475814051056915e+01 2.771103247791554125e+01
-2.511833168457463472e+01 2.774036891441471653e+01
-2.551653166839415121e+01 2.804196113485767938e+01
-2.474874517814701136e+01 2.749912487566720998e+01
-2.472934851660236788e+01 2.630150956053716982e+01
-2.451752791182824254e+01 2.652806734021377366e+01
-2.490910842811168280e+01 2.620178855543867513e+01
-2.511657911562812018e+01 2.607836467318358942e+01
-2.540923985017390407e+01 2.652092150428909889e+01
-2.511441670473204368e+01 2.649638722785226719e+01
-2.471445650209853540e+01 2.704491975886855926e+01
-2.543709836181345807e+01 2.701398928459631321e+01
-2.505143131437295168e+01 2.689344949239118066e+01
-2.587007614386054399e+01 2.781684220314300404e+01
-2.612542812935569714e+01 2.824160182055328150e+01
-2.626888716711900429e+01 2.839803480353332077e+01
-2.688729788836897683e+01 2.903013423774712365e+01
-2.748569450647714518e+01 2.918983594222172329e+01
-2.752576378408503999e+01 2.870118192566354764e+01
-2.776052657591864303e+01 2.872448441969833510e+01
-2.729579339866373999e+01 2.818773433941055373e+01
-2.720164188066148725e+01 2.843494316726188131e+01
-2.699532852009805950e+01 2.848070088279701295e+01
-2.710577037238403975e+01 2.795251884215154803e+01
-2.656479672463566288e+01 2.696935104049098442e+01
-2.586784323928763385e+01 2.573904384396730549e+01
-2.538257087741265750e+01 2.482375409464354377e+01
-2.522653833910003485e+01 2.469548172705759725e+01
-2.496292340786853714e+01 2.451816236032900420e+01
-2.482167793054682647e+01 2.468590302082471055e+01
-2.497989131025756038e+01 2.468105673700662450e+01
-2.507832111495061511e+01 2.490543067776184216e+01
