-2.579354941844940186e-01 3.153505921363830566e-01
-2.808837294578552246e-01 3.089217841625213623e-01
-2.954820096492767334e-01 3.032420575618743896e-01
-3.032408952713012695e-01 2.911123335361480713e-01
-3.085107505321502686e-01 2.751318514347076416e-01
-3.088457286357879639e-01 2.553009986877441406e-01
-3.084549903869628906e-01 2.396757453680038452e-01
-3.143171668052673340e-01 2.201449573040008545e-01
-3.138134777545928955e-01 2.034963816404342651e-01
-3.123600184917449951e-01 1.875792741775512695e-01
-3.183192610740661621e-01 1.675397455692291260e-01
-3.195568919181823730e-01 1.484453380107879639e-01
-3.253724277019500732e-01 1.295844465494155884e-01
-3.281984627246856689e-01 1.105071678757667542e-01
-3.282467424869537354e-01 8.863105624914169312e-02
-3.311555087566375732e-01 6.930853426456451416e-02
-3.369536697864532471e-01 4.256863147020339966e-02
-3.443200290203094482e-01 1.510824076831340790e-02
-3.473400473594665527e-01 -1.539644040167331696e-02
-3.517358899116516113e-01 -4.625934362411499023e-02
-3.583553731441497803e-01 -7.130116224288940430e-02
-3.631727993488311768e-01 -1.030190810561180115e-01
-3.728219270706176758e-01 -1.372357904911041260e-01
-3.789628744125366211e-01 -1.664028763771057129e-01
-3.918613791465759277e-01 -1.986728906631469727e-01
-4.024082720279693604e-01 -2.305658608675003052e-01
-4.113267958164215088e-01 -2.626525163650512695e-01
-4.181682765483856201e-01 -2.916343808174133301e-01
-4.273706078529357910e-01 -3.192141354084014893e-01
-4.364648759365081787e-01 -3.462228477001190186e-01
-4.464366734027862549e-01 -3.662008047103881836e-01
-4.522192180156707764e-01 -3.878388702869415283e-01
-4.578852057456970215e-01 -4.097941815853118896e-01
-4.660076498985290527e-01 -4.300176799297332764e-01
-4.722429513931274414e-01 -4.463640749454498291e-01
-4.774764776229858398e-01 -4.651985764503479004e-01
-4.814187288284301758e-01 -4.832111597061157227e-01
-4.860107004642486572e-01 -4.962648153305053711e-01
-4.839102923870086670e-01 -5.120366215705871582e-01
-4.877080023288726807e-01 -5.211315155029296875e-01
-4.918151199817657471e-01 -5.338716506958007812e-01
-4.977616965770721436e-01 -5.443295240402221680e-01
-5.001708269119262695e-01 -5.528637170791625977e-01
-5.042642951011657715e-01 -5.622886419296264648e-01
-5.041986703872680664e-01 -5.731407403945922852e-01
-5.050845742225646973e-01 -5.798321366310119629e-01
-5.117635130882263184e-01 -5.885792970657348633e-01
-5.142920613288879395e-01 -5.959067344665527344e-01
-5.197039842605590820e-01 -6.055264472961425781e-01
-5.279327034950256348e-01 -6.110199093818664551e-01
-5.321261882781982422e-01 -6.174417138099670410e-01
-5.326467752456665039e-01 -6.201739311218261719e-01
-5.381025671958923340e-01 -6.238250732421875000e-01
-5.433783531188964844e-01 -6.302707195281982422e-01
-5.487933158874511719e-01 -6.337089538574218750e-01
-5.538414120674133301e-01 -6.360166668891906738e-01
-5.659310817718505859e-01 -6.355553865432739258e-01
-5.746304392814636230e-01 -6.411626338958740234e-01
-5.892016887664794922e-01 -6.440854072570800781e-01
-6.032235622406005859e-01 -6.491886973381042480e-01
-6.134690642356872559e-01 -6.534288525581359863e-01
-6.297024488449096680e-01 -6.568014621734619141e-01
-6.470193266868591309e-01 -6.626967191696166992e-01
-6.661428213119506836e-01 -6.634024381637573242e-01
-6.808105707168579102e-01 -6.677056550979614258e-01
-7.026543021202087402e-01 -6.701052784919738770e-01
-7.205088138580322266e-01 -6.681465506553649902e-01
-7.397389411926269531e-01 -6.662648320198059082e-01
-7.563401460647583008e-01 -6.684867143630981445e-01
-7.762916684150695801e-01 -6.727632284164428711e-01
-7.976879477500915527e-01 -6.732589602470397949e-01
-8.143692016601562500e-01 -6.731239557266235352e-01
-8.319809436798095703e-01 -6.705974340438842773e-01
-8.513194918632507324e-01 -6.710660457611083984e-01
-8.703221082687377930e-01 -6.697289347648620605e-01
-8.907586932182312012e-01 -6.691369414329528809e-01
-9.048947691917419434e-01 -6.716849803924560547e-01
-9.191986918449401855e-01 -6.678582429885864258e-01
-9.296938776969909668e-01 -6.698283553123474121e-01
-9.419922828674316406e-01 -6.693004369735717773e-01
-9.507128596305847168e-01 -6.676083803176879883e-01
-9.599950909614562988e-01 -6.708446741104125977e-01
-9.693214297294616699e-01 -6.692748069763183594e-01
-9.742808341979980469e-01 -6.663289666175842285e-01
-9.792765974998474121e-01 -6.681212186813354492e-01
-9.876136779785156250e-01 -6.673442125320434570e-01
-9.944504499435424805e-01 -6.623791456222534180e-01
-1.001579999923706055e+00 -6.658518314361572266e-01
-1.006519079208374023e+00 -6.630975008010864258e-01
-1.009150862693786621e+00 -6.642288565635681152e-01
-1.012861251831054688e+00 -6.691550612449645996e-01
-1.017512083053588867e+00 -6.690015196800231934e-01
-1.023190855979919434e+00 -6.690095067024230957e-01
-1.025993824005126953e+00 -6.690201759338378906e-01
-1.030997037887573242e+00 -6.695584654808044434e-01
-1.041158318519592285e+00 -6.614586710929870605e-01
-1.038248300552368164e+00 -6.638813018798828125e-01
-1.042037248611450195e+00 -6.629905104637145996e-01
-1.044106960296630859e+00 -6.616381406784057617e-01
-1.045577168464660645e+00 -6.614336371421813965e-01
-1.045948624610900879e+00 -6.618182659149169922e-01
-1.046626210212707520e+00 -6.626139283180236816e-01
-1.044932246208190918e+00 -6.653820276260375977e-01
-1.041198253631591797e+00 -6.668820381164550781e-01
-1.041648387908935547e+00 -6.657094359397888184e-01
-1.042871713638305664e+00 -6.635153889656066895e-01
-1.043467521667480469e+00 -6.632773876190185547e-01
-1.044059872627258301e+00 -6.642265319824218750e-01
-1.046484827995300293e+00 -6.639223098754882812e-01
-1.050207734107971191e+00 -6.629155278205871582e-01
-1.048594474792480469e+00 -6.559048295021057129e-01
-1.050320148468017578e+00 -6.565854549407958984e-01
-1.052666306495666504e+00 -6.552209854125976562e-01
-1.050222873687744141e+00 -6.582511067390441895e-01
-1.058948755264282227e+00 -6.594738960266113281e-01
-1.058925151824951172e+00 -6.568346023559570312e-01
-1.062459349632263184e+00 -6.554656028747558594e-01
-1.062467694282531738e+00 -6.582831144332885742e-01
-1.064024329185485840e+00 -6.567909717559814453e-01
-1.067165732383728027e+00 -6.564710140228271484e-01
-1.064329504966735840e+00 -6.560162901878356934e-01
-1.065799951553344727e+00 -6.543360352516174316e-01
-1.063868403434753418e+00 -6.521370410919189453e-01
-1.064325809478759766e+00 -6.473453640937805176e-01
-1.063403964042663574e+00 -6.457610726356506348e-01
-1.061707973480224609e+00 -6.449285149574279785e-01
-1.063321471214294434e+00 -6.424012184143066406e-01
-1.064593434333801270e+00 -6.397232413291931152e-01
-1.063675045967102051e+00 -6.377589702606201172e-01
-1.062433958053588867e+00 -6.400028467178344727e-01
-1.060744285583496094e+00 -6.419928073883056641e-01
-1.060031890869140625e+00 -6.408311724662780762e-01
-1.059142947196960449e+00 -6.395630240440368652e-01
-1.058617830276489258e+00 -6.443814635276794434e-01
-1.062691092491149902e+00 -6.496998667716979980e-01
-1.062961816787719727e+00 -6.493484377861022949e-01
-1.064705133438110352e+00 -6.513757109642028809e-01
-1.061625003814697266e+00 -6.514304876327514648e-01
-1.060483217239379883e+00 -6.486252546310424805e-01
-1.056919693946838379e+00 -6.469021439552307129e-01
-1.059641599655151367e+00 -6.479310989379882812e-01
-1.066248536109924316e+00 -6.474379301071166992e-01
-1.065676093101501465e+00 -6.438772678375244141e-01
-1.065587520599365234e+00 -6.429767608642578125e-01
-1.069112062454223633e+00 -6.455236673355102539e-01
-1.065268278121948242e+00 -6.466828584671020508e-01
-1.062505245208740234e+00 -6.511585712432861328e-01
-1.064746141433715820e+00 -6.530444025993347168e-01
-1.065013289451599121e+00 -6.523356437683105469e-01
-1.066372036933898926e+00 -6.537938117980957031e-01
-1.067778110504150391e+00 -6.532919406890869141e-01
-1.067652225494384766e+00 -6.556034088134765625e-01
-1.071903705596923828e+00 -6.569419503211975098e-01
-1.070465564727783203e+00 -6.516864895820617676e-01
-1.067516565322875977e+00 -6.513295173645019531e-01
-1.068822026252746582e+00 -6.486948132514953613e-01
-1.069064497947692871e+00 -6.459125876426696777e-01
-1.071216106414794922e+00 -6.446830630302429199e-01
-1.072245717048645020e+00 -6.512864232063293457e-01
-1.073899030685424805e+00 -6.548482179641723633e-01
-2.594619393348693848e-01 3.159679472446441650e-01
-2.833471596240997314e-01 3.048590719699859619e-01
-2.966694235801696777e-01 2.951641678810119629e-01
-3.017821311950683594e-01 2.798399925231933594e-01
-3.038385212421417236e-01 2.641523778438568115e-01
-3.048749268054962158e-01 2.500177919864654541e-01
-3.099887669086456299e-01 2.358172386884689331e-01
-3.093189001083374023e-01 2.196835428476333618e-01
-3.112054467201232910e-01 2.034518271684646606e-01
-3.114006817340850830e-01 1.893078386783599854e-01
-3.130169510841369629e-01 1.702338308095932007e-01
-3.108804225921630859e-01 1.462661772966384888e-01
-3.156606256961822510e-01 1.290047168731689453e-01
-3.187282085418701172e-01 1.051756963133811951e-01
-3.242819905281066895e-01 8.322138339281082153e-02
-3.295677900314331055e-01 5.837906897068023682e-02
-3.374815285205841064e-01 3.675797209143638611e-02
-3.447856307029724121e-01 7.366865873336791992e-03
-3.546091914176940918e-01 -2.241189964115619659e-02
-3.664874136447906494e-01 -5.571844428777694702e-02
-3.756979107856750488e-01 -8.470170199871063232e-02
-3.822841942310333252e-01 -1.123940721154212952e-01
-3.891034722328186035e-01 -1.499699950218200684e-01
-3.991931378841400146e-01 -1.830993294715881348e-01
-4.026541113853454590e-01 -2.114835977554321289e-01
-4.067811667919158936e-01 -2.403676658868789673e-01
-4.125198125839233398e-01 -2.696695029735565186e-01
-4.170835912227630615e-01 -2.921956777572631836e-01
-4.188937246799468994e-01 -3.214110434055328369e-01
-4.189123213291168213e-01 -3.417379856109619141e-01
-4.212666749954223633e-01 -3.673305809497833252e-01
-4.190881252288818359e-01 -3.871834576129913330e-01
-4.156687557697296143e-01 -4.108211398124694824e-01
-4.109131991863250732e-01 -4.274469912052154541e-01
-4.038394689559936523e-01 -4.407858252525329590e-01
-3.989403843879699707e-01 -4.538547992706298828e-01
-3.890236616134643555e-01 -4.627743065357208252e-01
-3.819137811660766602e-01 -4.713335931301116943e-01
-3.714801967144012451e-01 -4.821839034557342529e-01
-3.591974973678588867e-01 -4.864620566368103027e-01
-3.444545269012451172e-01 -4.891613125801086426e-01
-3.235546052455902100e-01 -4.893661141395568848e-01
-3.016761243343353271e-01 -4.874508976936340332e-01
-2.766674757003784180e-01 -4.803114235401153564e-01
-2.470143586397171021e-01 -4.775686562061309814e-01
-2.137489914894104004e-01 -4.734215736389160156e-01
-1.719812005758285522e-01 -4.638366401195526123e-01
-1.264980435371398926e-01 -4.531390070915222168e-01
-7.999114692211151123e-02 -4.423109292984008789e-01
-2.718191035091876984e-02 -4.255303442478179932e-01
3.116802312433719635e-02 -4.110741615295410156e-01
9.393673390150070190e-02 -3.930066823959350586e-01
1.579984873533248901e-01 -3.780639171600341797e-01
2.213884294033050537e-01 -3.602590858936309814e-01
2.846506834030151367e-01 -3.489170074462890625e-01
3.483861088752746582e-01 -3.365446031093597412e-01
4.093353748321533203e-01 -3.263715207576751709e-01
4.720461070537567139e-01 -3.156627118587493896e-01
5.299115777015686035e-01 -3.044446408748626709e-01
5.902610421180725098e-01 -2.883092761039733887e-01
6.455993652343750000e-01 -2.788071036338806152e-01
6.968087553977966309e-01 -2.676319479942321777e-01
7.416764497756958008e-01 -2.583411037921905518e-01
7.902830243110656738e-01 -2.490731775760650635e-01
8.353584408760070801e-01 -2.453699111938476562e-01
8.777782917022705078e-01 -2.332223206758499146e-01
9.163208007812500000e-01 -2.271444946527481079e-01
9.514004588127136230e-01 -2.219923883676528931e-01
9.855716228485107422e-01 -2.138913869857788086e-01
1.016552686691284180e+00 -2.048869878053665161e-01
1.040338039398193359e+00 -1.958981007337570190e-01
1.067945241928100586e+00 -1.905198246240615845e-01
1.091967463493347168e+00 -1.842513680458068848e-01
1.116008281707763672e+00 -1.760934144258499146e-01
1.136427521705627441e+00 -1.694888621568679810e-01
1.151756763458251953e+00 -1.637424975633621216e-01
1.165434002876281738e+00 -1.592795103788375854e-01
1.174429059028625488e+00 -1.524207890033721924e-01
1.186688065528869629e+00 -1.457920372486114502e-01
1.201971411705017090e+00 -1.396067440509796143e-01
1.214030027389526367e+00 -1.342483162879943848e-01
1.226393103599548340e+00 -1.275607794523239136e-01
1.238674163818359375e+00 -1.163801923394203186e-01
1.251233339309692383e+00 -1.044573932886123657e-01
1.259033799171447754e+00 -9.361917525529861450e-02
1.272486686706542969e+00 -7.764703780412673950e-02
1.280801296234130859e+00 -5.664640665054321289e-02
1.289988994598388672e+00 -3.708524256944656372e-02
1.296350479125976562e+00 -1.445307768881320953e-02
1.303931713104248047e+00 2.136049559339880943e-03
1.309486150741577148e+00 1.332333311438560486e-02
1.313161611557006836e+00 2.492310293018817902e-02
1.316210508346557617e+00 3.412759304046630859e-02
1.320269584655761719e+00 4.653197526931762695e-02
1.322484970092773438e+00 5.488533899188041687e-02
1.326977372169494629e+00 5.995374545454978943e-02
1.330920338630676270e+00 6.137917935848236084e-02
1.336053371429443359e+00 6.466350704431533813e-02
1.340226531028747559e+00 6.612671911716461182e-02
1.341231942176818848e+00 6.882800906896591187e-02
1.346230268478393555e+00 7.037626206874847412e-02
1.347887158393859863e+00 7.038888335227966309e-02
1.349230527877807617e+00 6.886760890483856201e-02
1.351765036582946777e+00 6.971684098243713379e-02
1.357649445533752441e+00 6.408005207777023315e-02
1.359389424324035645e+00 6.172612681984901428e-02
1.363125443458557129e+00 6.260453909635543823e-02
1.364721179008483887e+00 5.840557441115379333e-02
1.367898702621459961e+00 5.655851587653160095e-02
1.368831396102905273e+00 5.448790639638900757e-02
1.371386051177978516e+00 5.157164484262466431e-02
1.373365402221679688e+00 4.865586757659912109e-02
1.379297375679016113e+00 4.992463439702987671e-02
1.378642916679382324e+00 4.589468613266944885e-02
1.379792809486389160e+00 4.520180821418762207e-02
1.380374073982238770e+00 3.873255103826522827e-02
1.384551525115966797e+00 3.318610414862632751e-02
1.386073470115661621e+00 2.923773601651191711e-02
1.389556527137756348e+00 2.734502963721752167e-02
1.389498472213745117e+00 2.792037650942802429e-02
1.392798423767089844e+00 2.471256256103515625e-02
1.394292712211608887e+00 2.402395941317081451e-02
1.396432161331176758e+00 2.284825593233108521e-02
1.403642416000366211e+00 1.954018138349056244e-02
1.404411435127258301e+00 1.222764607518911362e-02
1.406583547592163086e+00 7.407084107398986816e-03
1.408086538314819336e+00 1.214906478708144277e-05
1.409112095832824707e+00 -4.528281278908252716e-04
1.409463763236999512e+00 -9.940507588908076286e-04
1.408299446105957031e+00 -3.148620715364813805e-03
1.412921667098999023e+00 -6.262551993131637573e-03
1.411363244056701660e+00 -9.572474285960197449e-03
1.412924647331237793e+00 -1.127658877521753311e-02
1.411142468452453613e+00 -1.490238774567842484e-02
1.413648009300231934e+00 -1.492573786526918411e-02
1.413004517555236816e+00 -1.354507822543382645e-02
1.414232254028320312e+00 -1.098110806196928024e-02
1.414425015449523926e+00 -1.489535998553037643e-02
1.418071389198303223e+00 -1.760983467102050781e-02
1.421893835067749023e+00 -1.535704452544450760e-02
1.427021861076354980e+00 -1.802020333707332611e-02
1.426398754119873047e+00 -2.113676257431507111e-02
1.426104068756103516e+00 -2.375963702797889709e-02
1.426087975502014160e+00 -2.633558772504329681e-02
1.422783613204956055e+00 -2.780999615788459778e-02
1.420467138290405273e+00 -2.677482552826404572e-02
1.423402428627014160e+00 -2.586533315479755402e-02
1.423349380493164062e+00 -2.530781738460063934e-02
1.422448635101318359e+00 -2.386592701077461243e-02
1.420806169509887695e+00 -2.488002181053161621e-02
1.419671654701232910e+00 -2.491425909101963043e-02
1.416812181472778320e+00 -2.348363958299160004e-02
1.413849234580993652e+00 -2.300594560801982880e-02
1.415974140167236328e+00 -2.392916008830070496e-02
1.415603637695312500e+00 -2.124879136681556702e-02
1.414559483528137207e+00 -2.035184577107429504e-02
1.412657618522644043e+00 -2.011683955788612366e-02
1.415809869766235352e+00 -1.898989826440811157e-02
1.417358994483947754e+00 -1.670878194272518158e-02
1.413500189781188965e+00 -1.306773535907268524e-02
-2.604364454746246338e-01 3.159510493278503418e-01
-2.872238457202911377e-01 3.111650347709655762e-01
-2.958171963691711426e-01 3.097317218780517578e-01
-3.006528615951538086e-01 3.077668845653533936e-01
-3.066899478435516357e-01 3.024605512619018555e-01
-3.114814460277557373e-01 2.978564202785491943e-01
-3.148080110549926758e-01 2.922784388065338135e-01
-3.166714906692504883e-01 2.857417762279510498e-01
-3.161461353302001953e-01 2.750959694385528564e-01
-3.137072026729583740e-01 2.696847617626190186e-01
-3.164919614791870117e-01 2.639602124691009521e-01
-3.134620785713195801e-01 2.559017241001129150e-01
-3.130818605422973633e-01 2.488506883382797241e-01
-3.103556632995605469e-01 2.394379079341888428e-01
-3.087897002696990967e-01 2.367811352014541626e-01
-3.033927977085113525e-01 2.308489084243774414e-01
-3.026391863822937012e-01 2.248068302869796753e-01
-3.017567396163940430e-01 2.184369117021560669e-01
-3.003733158111572266e-01 2.047536820173263550e-01
-2.985334992408752441e-01 1.944956183433532715e-01
-2.970172762870788574e-01 1.806835532188415527e-01
-2.957975864410400391e-01 1.674510985612869263e-01
-2.975309491157531738e-01 1.559210419654846191e-01
-2.937994897365570068e-01 1.417754739522933960e-01
-2.933473885059356689e-01 1.258268207311630249e-01
-2.884012758731842041e-01 1.143215447664260864e-01
-2.909631431102752686e-01 9.986656159162521362e-02
-2.925844490528106689e-01 8.572111278772354126e-02
-2.989002466201782227e-01 6.920437514781951904e-02
-3.017542660236358643e-01 5.012726038694381714e-02
-3.044464290142059326e-01 3.072976134717464447e-02
-3.095268607139587402e-01 6.611763965338468552e-03
-3.158990740776062012e-01 -1.842685788869857788e-02
-3.216672241687774658e-01 -4.344863072037696838e-02
-3.256545960903167725e-01 -7.008928805589675903e-02
-3.302469253540039062e-01 -9.588070213794708252e-02
-3.335186839103698730e-01 -1.197677701711654663e-01
-3.374145925045013428e-01 -1.491735279560089111e-01
-3.432440161705017090e-01 -1.759138852357864380e-01
-3.478074073791503906e-01 -2.027458250522613525e-01
-3.508441746234893799e-01 -2.290692031383514404e-01
-3.587909340858459473e-01 -2.552466690540313721e-01
-3.626255393028259277e-01 -2.833163142204284668e-01
-3.715573251247406006e-01 -3.107383549213409424e-01
-3.768024146556854248e-01 -3.339062929153442383e-01
-3.802056014537811279e-01 -3.530547916889190674e-01
-3.835794031620025635e-01 -3.738242685794830322e-01
-3.826054036617279053e-01 -3.909813463687896729e-01
-3.868393898010253906e-01 -4.139946699142456055e-01
-3.877383172512054443e-01 -4.339412152767181396e-01
-3.853685557842254639e-01 -4.464417099952697754e-01
-3.773997724056243896e-01 -4.586457908153533936e-01
-3.655524849891662598e-01 -4.626210629940032959e-01
-3.573092818260192871e-01 -4.649896919727325439e-01
-3.458610475063323975e-01 -4.705965816974639893e-01
-3.304562866687774658e-01 -4.777920842170715332e-01
-3.128114938735961914e-01 -4.818645715713500977e-01
-2.922905385494232178e-01 -4.884281754493713379e-01
-2.671991288661956787e-01 -4.858922362327575684e-01
-2.410368025302886963e-01 -4.863147139549255371e-01
-2.079549729824066162e-01 -4.775070846080780029e-01
-1.689364463090896606e-01 -4.674653410911560059e-01
-1.234021037817001343e-01 -4.593110680580139160e-01
-6.955654174089431763e-02 -4.457171559333801270e-01
-1.926091313362121582e-02 -4.307457804679870605e-01
3.392539918422698975e-02 -4.186684787273406982e-01
9.001661837100982666e-02 -4.046759307384490967e-01
1.513614356517791748e-01 -3.884609341621398926e-01
2.145570814609527588e-01 -3.748819530010223389e-01
2.789188027381896973e-01 -3.618871569633483887e-01
3.361560404300689697e-01 -3.469106853008270264e-01
3.972635269165039062e-01 -3.364101350307464600e-01
4.559551775455474854e-01 -3.209100365638732910e-01
5.165454149246215820e-01 -3.111379742622375488e-01
5.720096826553344727e-01 -2.986395657062530518e-01
6.238688826560974121e-01 -2.905417680740356445e-01
6.750991940498352051e-01 -2.799105048179626465e-01
7.215507030487060547e-01 -2.680637240409851074e-01
7.627215981483459473e-01 -2.626499533653259277e-01
8.096067905426025391e-01 -2.547917664051055908e-01
8.527897000312805176e-01 -2.429889589548110962e-01
8.960185050964355469e-01 -2.347944229841232300e-01
9.320421218872070312e-01 -2.313273996114730835e-01
9.638514518737792969e-01 -2.231721282005310059e-01
9.981968998908996582e-01 -2.165068984031677246e-01
1.030891418457031250e+00 -2.073802202939987183e-01
1.053736329078674316e+00 -1.976633220911026001e-01
1.078201770782470703e+00 -1.961458772420883179e-01
1.101202726364135742e+00 -1.904620677232742310e-01
1.123485207557678223e+00 -1.878657341003417969e-01
1.139854311943054199e+00 -1.808901578187942505e-01
1.153600931167602539e+00 -1.730095744132995605e-01
1.168345808982849121e+00 -1.669527441263198853e-01
1.181871891021728516e+00 -1.594636291265487671e-01
1.192281961441040039e+00 -1.518543809652328491e-01
1.204245209693908691e+00 -1.463446021080017090e-01
1.214459896087646484e+00 -1.402112543582916260e-01
1.225477695465087891e+00 -1.305465251207351685e-01
1.235808730125427246e+00 -1.193869113922119141e-01
1.244371771812438965e+00 -1.110734194517135620e-01
1.251739025115966797e+00 -1.065815538167953491e-01
1.262282252311706543e+00 -9.818404912948608398e-02
1.269061923027038574e+00 -9.469857811927795410e-02
1.274545311927795410e+00 -9.057137370109558105e-02
1.288981318473815918e+00 -8.751603960990905762e-02
1.293021202087402344e+00 -8.471024781465530396e-02
1.297362208366394043e+00 -7.943364977836608887e-02
1.305616378784179688e+00 -7.119917869567871094e-02
1.311331868171691895e+00 -6.860350817441940308e-02
1.315082192420959473e+00 -6.768112629652023315e-02
1.323950767517089844e+00 -6.568443030118942261e-02
1.327563285827636719e+00 -6.089823320508003235e-02
1.330018043518066406e+00 -5.858746170997619629e-02
1.328889250755310059e+00 -5.419854819774627686e-02
1.335719466209411621e+00 -5.306369438767433167e-02
1.341264009475708008e+00 -5.011108890175819397e-02
1.341933846473693848e+00 -5.062871053814888000e-02
1.346155166625976562e+00 -5.028643831610679626e-02
1.351444363594055176e+00 -4.944346845149993896e-02
1.357001423835754395e+00 -4.789052903652191162e-02
1.357423424720764160e+00 -4.310506209731101990e-02
1.359420657157897949e+00 -4.016885533928871155e-02
1.362042069435119629e+00 -3.736975416541099548e-02
1.363310933113098145e+00 -3.457460552453994751e-02
1.367922544479370117e+00 -3.359375149011611938e-02
1.369673013687133789e+00 -3.412147611379623413e-02
1.367250919342041016e+00 -3.174404054880142212e-02
1.369253873825073242e+00 -3.264048323035240173e-02
1.367886304855346680e+00 -2.649805136024951935e-02
1.368668675422668457e+00 -2.140940912067890167e-02
1.368844032287597656e+00 -1.968015730381011963e-02
1.371506929397583008e+00 -2.259420603513717651e-02
1.375043153762817383e+00 -2.376067265868186951e-02
1.376692891120910645e+00 -2.015805058181285858e-02
1.377207875251770020e+00 -2.188434079289436340e-02
1.380061507225036621e+00 -2.115046791732311249e-02
1.382569432258605957e+00 -2.249580062925815582e-02
1.382363200187683105e+00 -2.063566632568836212e-02
1.381793379783630371e+00 -2.063706703484058380e-02
1.380090594291687012e+00 -2.167440950870513916e-02
1.388069868087768555e+00 -2.184483408927917480e-02
1.393712878227233887e+00 -1.964974962174892426e-02
1.396393537521362305e+00 -1.812505535781383514e-02
1.396714568138122559e+00 -2.062968164682388306e-02
1.398159384727478027e+00 -2.173158712685108185e-02
1.400043010711669922e+00 -2.156302519142627716e-02
1.401341915130615234e+00 -2.338147349655628204e-02
1.399778008460998535e+00 -2.394058741629123688e-02
1.401019215583801270e+00 -3.218070790171623230e-02
1.402148604393005371e+00 -3.359637036919593811e-02
1.401314496994018555e+00 -3.570498526096343994e-02
1.403717041015625000e+00 -3.570811823010444641e-02
1.404867410659790039e+00 -3.623799234628677368e-02
1.407514214515686035e+00 -3.735113143920898438e-02
1.407110452651977539e+00 -4.134534299373626709e-02
1.406267523765563965e+00 -4.087291285395622253e-02
1.403775215148925781e+00 -4.006586223840713501e-02
1.402791500091552734e+00 -4.198977351188659668e-02
1.402186989784240723e+00 -4.053216055035591125e-02
1.406180977821350098e+00 -3.735450655221939087e-02
-2.572467029094696045e-01 3.132539391517639160e-01
-2.787030637264251709e-01 3.107917308807373047e-01
-2.908788919448852539e-01 3.160713911056518555e-01
-2.970118224620819092e-01 3.159129917621612549e-01
-3.003092706203460693e-01 3.176437616348266602e-01
-3.019420802593231201e-01 3.158235251903533936e-01
-2.978202104568481445e-01 3.112529218196868896e-01
-2.946721017360687256e-01 3.108479976654052734e-01
-2.921149432659149170e-01 3.107003271579742432e-01
-2.869696617126464844e-01 3.078782856464385986e-01
-2.842166423797607422e-01 3.031674325466156006e-01
-2.866474390029907227e-01 2.953699231147766113e-01
-2.837351262569427490e-01 2.896596789360046387e-01
-2.858896851539611816e-01 2.872624993324279785e-01
-2.813452780246734619e-01 2.863869667053222656e-01
-2.765353322029113770e-01 2.873366177082061768e-01
-2.739534676074981689e-01 2.864995598793029785e-01
-2.718525230884552002e-01 2.899199724197387695e-01
-2.706408500671386719e-01 2.898944616317749023e-01
-2.669610083103179932e-01 2.890363633632659912e-01
-2.635597884654998779e-01 2.873736321926116943e-01
-2.615651488304138184e-01 2.927538454532623291e-01
-2.591436207294464111e-01 2.949749231338500977e-01
-2.599684596061706543e-01 2.967588901519775391e-01
-2.614393234252929688e-01 2.934463620185852051e-01
-2.624672055244445801e-01 2.968938052654266357e-01
-2.570841014385223389e-01 2.984922826290130615e-01
-2.569470703601837158e-01 3.013429045677185059e-01
-2.551153898239135742e-01 3.017335832118988037e-01
-2.547218799591064453e-01 2.974305450916290283e-01
-2.562469840049743652e-01 3.006829321384429932e-01
-2.557746767997741699e-01 3.016428053379058838e-01
-2.624509632587432861e-01 3.065087795257568359e-01
-2.637383937835693359e-01 3.087965250015258789e-01
-2.704729735851287842e-01 3.098272085189819336e-01
-2.681479156017303467e-01 3.111137449741363525e-01
-2.711929678916931152e-01 3.145779371261596680e-01
-2.781835496425628662e-01 3.189325034618377686e-01
-2.823348939418792725e-01 3.222481906414031982e-01
-2.872669100761413574e-01 3.269153833389282227e-01
-2.874867022037506104e-01 3.355048894882202148e-01
-2.901957631111145020e-01 3.474757373332977295e-01
-2.985982596874237061e-01 3.597266077995300293e-01
-3.070285618305206299e-01 3.772130608558654785e-01
-3.132778108119964600e-01 3.902552723884582520e-01
-3.272927999496459961e-01 4.027313888072967529e-01
-3.389355838298797607e-01 4.192545115947723389e-01
-3.557960689067840576e-01 4.402073323726654053e-01
-3.702239096164703369e-01 4.644469916820526123e-01
-3.847907185554504395e-01 4.843663275241851807e-01
-4.004495143890380859e-01 5.128663182258605957e-01
-4.166872501373291016e-01 5.411146879196166992e-01
-4.348856508731842041e-01 5.670368671417236328e-01
-4.464446306228637695e-01 5.923873782157897949e-01
-4.574801325798034668e-01 6.233209967613220215e-01
-4.764309823513031006e-01 6.530413031578063965e-01
-4.854129850864410400e-01 6.767140626907348633e-01
-4.973990917205810547e-01 7.010555863380432129e-01
-5.095742940902709961e-01 7.184507250785827637e-01
-5.214309096336364746e-01 7.358869314193725586e-01
-5.304222702980041504e-01 7.512141466140747070e-01
-5.411632061004638672e-01 7.680104970932006836e-01
-5.520372390747070312e-01 7.828767895698547363e-01
-5.583921670913696289e-01 7.929853796958923340e-01
-5.688095092773437500e-01 7.972880601882934570e-01
-5.735317468643188477e-01 8.022283911705017090e-01
-5.821633338928222656e-01 8.020687103271484375e-01
-5.897187590599060059e-01 8.015726804733276367e-01
-5.926867127418518066e-01 8.012219071388244629e-01
-5.944565534591674805e-01 7.965911626815795898e-01
-5.981865525245666504e-01 7.895771861076354980e-01
-5.999534726142883301e-01 7.862960696220397949e-01
-6.056115627288818359e-01 7.867720127105712891e-01
-6.084066033363342285e-01 7.884213328361511230e-01
-6.116441488265991211e-01 7.914070487022399902e-01
-6.124666333198547363e-01 7.953932881355285645e-01
-6.124238967895507812e-01 8.023419976234436035e-01
-6.142554283142089844e-01 8.148794174194335938e-01
-6.157572865486145020e-01 8.274033665657043457e-01
-6.216607689857482910e-01 8.415557742118835449e-01
-6.218259930610656738e-01 8.541317582130432129e-01
-6.217661499977111816e-01 8.669648766517639160e-01
-6.258691549301147461e-01 8.733417987823486328e-01
-6.271830797195434570e-01 8.815440535545349121e-01
-6.289371252059936523e-01 8.832013010978698730e-01
-6.311626434326171875e-01 8.874865770339965820e-01
-6.293792128562927246e-01 8.921548128128051758e-01
-6.316246390342712402e-01 8.968819379806518555e-01
-6.315187811851501465e-01 9.035344719886779785e-01
-6.337760090827941895e-01 9.077544808387756348e-01
-6.333339214324951172e-01 9.122092127799987793e-01
-6.328119635581970215e-01 9.160409569740295410e-01
-6.326164007186889648e-01 9.177254438400268555e-01
-6.278051733970642090e-01 9.237830638885498047e-01
-6.300158500671386719e-01 9.301477670669555664e-01
-6.336808800697326660e-01 9.302448630332946777e-01
-6.309506893157958984e-01 9.337880015373229980e-01
-6.355808973312377930e-01 9.347171187400817871e-01
-6.359645128250122070e-01 9.351152777671813965e-01
-6.341674327850341797e-01 9.380388855934143066e-01
-6.379012465476989746e-01 9.385505914688110352e-01
-6.403065919876098633e-01 9.364187121391296387e-01
-6.419265270233154297e-01 9.357616901397705078e-01
-6.420308947563171387e-01 9.353318810462951660e-01
-6.439265608787536621e-01 9.339585304260253906e-01
-6.474478244781494141e-01 9.333473443984985352e-01
-6.467982530593872070e-01 9.350253343582153320e-01
-6.475861072540283203e-01 9.325706958770751953e-01
-6.499432921409606934e-01 9.318735599517822266e-01
-6.484613418579101562e-01 9.295123219490051270e-01
-6.463832855224609375e-01 9.270346164703369141e-01
-6.437821388244628906e-01 9.251591563224792480e-01
-6.448341012001037598e-01 9.206402897834777832e-01
-6.441664695739746094e-01 9.225381016731262207e-01
-6.420809626579284668e-01 9.275403618812561035e-01
-6.420013308525085449e-01 9.317769408226013184e-01
-6.439155936241149902e-01 9.335530996322631836e-01
-6.443076729774475098e-01 9.351435899734497070e-01
-6.442961692810058594e-01 9.387406706809997559e-01
-6.447688341140747070e-01 9.366128444671630859e-01
-6.462779641151428223e-01 9.348872303962707520e-01
-6.435524225234985352e-01 9.281881451606750488e-01
-6.427584290504455566e-01 9.314687252044677734e-01
-6.400555968284606934e-01 9.318352341651916504e-01
-6.349657773971557617e-01 9.258818626403808594e-01
-6.346123218536376953e-01 9.236111640930175781e-01
-6.328057646751403809e-01 9.244546890258789062e-01
-6.355819702148437500e-01 9.254562258720397949e-01
-6.362897753715515137e-01 9.320086836814880371e-01
-6.334652900695800781e-01 9.338043928146362305e-01
-6.286462545394897461e-01 9.368121027946472168e-01
-6.286692619323730469e-01 9.344570636749267578e-01
-6.288477182388305664e-01 9.297302961349487305e-01
-6.315671205520629883e-01 9.269382953643798828e-01
-6.345004439353942871e-01 9.258002638816833496e-01
-6.366851925849914551e-01 9.260006546974182129e-01
-6.388846039772033691e-01 9.289153218269348145e-01
-6.382520198822021484e-01 9.281947016716003418e-01
-6.408684253692626953e-01 9.317829012870788574e-01
-6.395558118820190430e-01 9.312408566474914551e-01
-6.411775350570678711e-01 9.307717084884643555e-01
-6.420065760612487793e-01 9.331492185592651367e-01
-6.421104669570922852e-01 9.340139031410217285e-01
-6.401004791259765625e-01 9.348487257957458496e-01
-6.429548263549804688e-01 9.378523230552673340e-01
-6.411694288253784180e-01 9.423444271087646484e-01
-6.409325003623962402e-01 9.388217926025390625e-01
-6.406708359718322754e-01 9.445418119430541992e-01
-6.393898129463195801e-01 9.374636411666870117e-01
-6.378632783889770508e-01 9.367125630378723145e-01
-6.395816206932067871e-01 9.361427426338195801e-01
-6.376308202743530273e-01 9.346781373023986816e-01
-6.378588676452636719e-01 9.337083101272583008e-01
-6.372538208961486816e-01 9.263861775398254395e-01
-6.329782605171203613e-01 9.219936132431030273e-01
-6.330454945564270020e-01 9.225812554359436035e-01
-6.333209276199340820e-01 9.209254384040832520e-01
-6.366404891014099121e-01 9.186406135559082031e-01
-6.337270140647888184e-01 9.207677841186523438e-01
-6.328832507133483887e-01 9.263000488281250000e-01
