1.301375918224250382e-02 1.458606182236076368e-02
1.499367218665187233e-02 1.655257390074942742e-02
1.889068312381558465e-02 2.059456477532611504e-02
2.196399847591403234e-02 2.480870568517468469e-02
2.456335725286292945e-02 2.796671838270329766e-02
2.617480054947444318e-02 2.967305721237312871e-02
2.761523565045471279e-02 2.960761064496997622e-02
2.791755598149072565e-02 2.847389515314134936e-02
2.904738448631918879e-02 2.778321229687701760e-02
2.956269029711885987e-02 2.651193345956387795e-02
2.974071356620292331e-02 2.441398928802866394e-02
3.011689029804506465e-02 2.197308698890982487e-02
2.982471325214492222e-02 2.027043303142759753e-02
3.077162843796500680e-02 1.813951122681021003e-02
3.203842880941782517e-02 1.602612800522425565e-02
3.279679801190898275e-02 1.394506519815808497e-02
3.404566113880466011e-02 1.208657654821552151e-02
3.515422672517217600e-02 1.039961372542090937e-02
3.683466939712114196e-02 8.556997103097501237e-03
3.872370508993811661e-02 7.111955502418964604e-03
4.019767787382209218e-02 5.869983053723951995e-03
4.184737403494327018e-02 3.795725472473799895e-03
4.228597760170735298e-02 2.156821449790475870e-03
4.281455655343867350e-02 3.735633912670746084e-04
4.266622542517288508e-02 -2.097815106804829140e-03
4.297499461913535657e-02 -3.592656431821914659e-03
4.322536382507493474e-02 -5.502397169428012436e-03
4.282569713438053038e-02 -6.864889067316739743e-03
4.308748503263823415e-02 -8.935949169797414299e-03
4.300516681766323318e-02 -1.108519247814226602e-02
4.281986135142096944e-02 -1.258506139402106386e-02
4.061332303629924118e-02 -1.209220845199204981e-02
4.060667156302464470e-02 -1.275778766869282987e-02
3.916918380459685073e-02 -1.249177162362164091e-02
3.743621344569388748e-02 -1.245174176424941950e-02
3.595312191674679414e-02 -1.205574355120784223e-02
3.550188374347138659e-02 -1.212467190086032390e-02
3.371550825071944341e-02 -1.156239850726211056e-02
3.261055383510972489e-02 -1.183296577325077155e-02
3.187361432224854185e-02 -1.117723654844461102e-02
3.068751522505304072e-02 -1.023637899651151997e-02
2.962273659438888554e-02 -1.007071469859584754e-02
2.837061782922990771e-02 -9.342055285616270369e-03
2.741353554653549324e-02 -9.560096479530925950e-03
2.628531376697249358e-02 -9.065385113401817907e-03
2.541144585499470129e-02 -8.629028384339548427e-03
2.377667969285847394e-02 -8.143335491463661244e-03
2.333911750315212016e-02 -7.172526727714766299e-03
2.156702881180133299e-02 -7.061621939626228951e-03
2.033213186870170067e-02 -6.585559826385476920e-03
1.808152287336948355e-02 -5.389249876031737205e-03
1.815847225294922943e-02 -4.737797099423353420e-03
1.679298454690633657e-02 -4.640885272423295703e-03
1.632840210659343427e-02 -3.828892663441152248e-03
1.434496627554410556e-02 -2.857821664132697160e-03
1.369219453088049016e-02 -1.719857281935422907e-03
1.182350127983578143e-02 -1.862117959256023728e-03
1.080731640540689813e-02 -4.294763317122819702e-04
9.804044121671490197e-03 8.943437119840068252e-04
8.580259079915062218e-03 1.559606828888793813e-03
7.213328015856541528e-03 2.320887594252971694e-03
5.150560476081668219e-03 3.295392789992849635e-03
3.866280474483957483e-03 4.655229887831536031e-03
1.702781438499594057e-03 4.441979269724288457e-03
1.224485466178856839e-04 5.640904073370390029e-03
-1.555992632839004039e-03 5.628862836531869050e-03
-3.372855189192161193e-03 5.845698854413799127e-03
-4.923715551335467247e-03 5.281401663308370707e-03
-6.237842280355697377e-03 6.039606429727638337e-03
-7.936825873857175639e-03 5.454184795475745980e-03
-9.254915211763791241e-03 6.165778457237068751e-03
-1.018138353086032837e-02 5.378923719293726008e-03
-1.113568485039832974e-02 4.930492240786179051e-03
-1.203726733140231091e-02 4.746906720763847433e-03
-1.276547802640453852e-02 4.586399501896649793e-03
-1.329177085352849057e-02 4.168342579311768055e-03
-1.431808645842838623e-02 4.341176222874372145e-03
-1.474727709487685945e-02 4.462602115977327977e-03
-1.572652828350313767e-02 3.945696197017279500e-03
-1.677490723013250543e-02 4.333696635158003178e-03
-1.765265632404440163e-02 4.200186721434489255e-03
-1.854334822453953049e-02 3.750945049706475801e-03
-1.857089837953282072e-02 4.097904204377925477e-03
-1.950574106361502302e-02 4.029964032477844661e-03
-2.042569950624100253e-02 3.644567761179481891e-03
-2.063191946147644243e-02 3.327913081356533107e-03
-2.143958944743190251e-02 3.648021836136585306e-03
-2.222466419358136436e-02 3.460457272235337688e-03
-2.290874218628291548e-02 3.811981586080665212e-03
-2.346179722178089871e-02 3.823801210631422396e-03
-2.462202002194423256e-02 2.642017960397811602e-03
-2.439549901546778782e-02 3.328818138287142903e-03
-2.548412645613904598e-02 3.200708464883643325e-03
-2.597178432589453481e-02 2.914473399451592353e-03
-2.808616357487531481e-02 2.762406489268293651e-03
-2.995699220529154244e-02 2.725282179485852708e-03
-2.961111470696995568e-02 2.995174415521713578e-03
-3.015140173957949268e-02 2.723310833715195459e-03
-3.191290680951695824e-02 2.915469206451591459e-03
-3.202376341600812054e-02 2.644881399815867881e-03
-3.240779165371642651e-02 2.669230952204336080e-03
-3.434535406314533773e-02 2.413951946979352257e-03
-3.349626804237251787e-02 2.425614292316054590e-03
-3.372812163400782520e-02 2.776651118107813232e-03
-3.437516315408720852e-02 3.261345776868339319e-03
-3.558049941988244980e-02 2.924266794899502142e-03
-3.738149299117654589e-02 2.483729700466565885e-03
-3.913569204904483040e-02 2.483675762405563019e-03
-3.977597092354533820e-02 1.755419353868289739e-03
-3.981200700712534540e-02 1.397981871031730864e-03
-4.031833117451501247e-02 1.207362039488348157e-03
-4.107958851555482821e-02 9.908124664869642773e-04
-4.107230725794309284e-02 5.488359681001959414e-04
-4.074913768238790091e-02 1.572954840319839209e-03
-4.170462516710517209e-02 -6.167755293957299066e-04
-4.175263254824331666e-02 -1.026024039893652564e-03
-4.240647014468979653e-02 -1.363255795985107537e-03
-4.205199004849469180e-02 -1.968173088979619390e-03
-4.151557681243586012e-02 -1.801033614922558247e-03
-4.166926701465881178e-02 -1.907326112784256313e-03
-4.187064531426862302e-02 -1.781067283299741849e-03
-4.192924922246161340e-02 -2.298794894920068010e-03
-4.178903830991132634e-02 -2.915130575822140989e-03
-4.057728302530104469e-02 -3.605532143972629659e-03
-4.031989840145727699e-02 -2.993776827281694614e-03
-4.043762362189944060e-02 -3.712275489204877252e-03
-3.932782247338847958e-02 -3.709257251506390459e-03
-3.839247919452300206e-02 -3.804440930020788324e-03
-3.914482972851413695e-02 -3.666551636410394100e-03
-3.848452490782380830e-02 -3.705032957448995117e-03
-3.804087215873798444e-02 -3.850160218269269019e-03
-3.850624440216566385e-02 -3.952416070555104556e-03
-3.817240805376289486e-02 -3.696641162985861429e-03
-3.734271884714508022e-02 -4.772860534179309590e-03
-3.762092794154995451e-02 -4.395640290628021786e-03
-3.753735814692648470e-02 -4.040045302219712718e-03
-3.753641786617263609e-02 -4.336574264778292331e-03
-3.720925313145841129e-02 -4.601332710026198071e-03
-3.778693133608928417e-02 -4.226849051427920487e-03
-3.951969896819414185e-02 -4.089529614962989987e-03
-3.851603055549870230e-02 -4.191405443843429501e-03
-3.977825403115026887e-02 -3.600319924325672254e-03
-3.941490741948533438e-02 -3.402730818438782535e-03
-3.916773616012823866e-02 -4.134966814487853366e-03
-3.870185683031060475e-02 -4.044634593754170906e-03
-3.798764121866960580e-02 -4.583482358895542459e-03
-3.693989390341274881e-02 -3.953467066946631837e-03
-3.770040510309793924e-02 -4.128172238385360328e-03
-3.729919631641802347e-02 -4.440411596050511910e-03
-3.661460540001255232e-02 -4.180146025099138081e-03
-3.766411239536776590e-02 -3.999751796538979047e-03
-3.802736563581533141e-02 -4.017800487585595354e-03
-3.762425549910677902e-02 -4.291202178532287949e-03
-3.749253685442727885e-02 -3.716982552313328070e-03
-3.741060603207558427e-02 -3.539347594310203460e-03
-3.773284969420680895e-02 -3.841352407746069248e-03
-3.830005442358826173e-02 -3.680330473148433080e-03
-3.811208455302149412e-02 -3.363371251975142990e-03
-3.928179365649760169e-02 -3.898869219613913979e-03
-4.007729544416564760e-02 -3.422083265615193711e-03
1.276412349609404133e-02 1.524879887445568412e-02
1.525249235602866953e-02 1.702757698568663214e-02
1.838100156131276114e-02 2.069173135887177398e-02
2.152626240470212685e-02 2.462526833125049108e-02
2.437491649137668581e-02 2.777603660388284698e-02
2.625371439621817723e-02 2.916363418090405987e-02
2.781288735994035671e-02 2.959103254579293490e-02
2.874041267725457871e-02 2.931002304194916738e-02
2.978221140106733847e-02 2.871918963183217946e-02
2.968110428129309974e-02 2.660238859302670178e-02
2.980498405752212560e-02 2.440231081040905234e-02
3.018773384278767430e-02 2.166409280601025444e-02
3.069379787197163215e-02 1.977043488120310694e-02
3.139952955778263499e-02 1.787710827942388253e-02
3.235990766925889162e-02 1.617947018853452962e-02
3.341514269395313291e-02 1.331928766859499964e-02
3.409767998529412286e-02 1.109646646004577158e-02
3.634091171463917080e-02 9.496121187816050635e-03
3.777551747534858839e-02 7.936931019090018996e-03
3.945695091733613519e-02 6.315782562072469984e-03
4.043108896587036677e-02 4.952003584832218204e-03
4.134787167104024552e-02 3.435660248814188973e-03
4.219110129349681881e-02 1.443186656201439922e-03
4.313010344264724127e-02 -4.805221346023745934e-04
4.258894360382165650e-02 -2.193015079011978365e-03
4.298762446392319359e-02 -4.389829739351928245e-03
4.322877389799416326e-02 -5.633302124927472634e-03
4.265862304704487462e-02 -7.163202365649561434e-03
4.372390808165704801e-02 -9.012109777396732843e-03
4.229957525826268105e-02 -1.073289857670319501e-02
4.243666021354861734e-02 -1.190591104577372848e-02
4.274890882296646100e-02 -1.315744847716684464e-02
4.200691026138524825e-02 -1.404698788780085576e-02
4.056246900573098196e-02 -1.490803307773177176e-02
3.978010054066929979e-02 -1.534504974236600670e-02
3.930824418950698562e-02 -1.618380626622666421e-02
3.870360001463554744e-02 -1.668607034625560828e-02
3.861422902311997807e-02 -1.687484991434238038e-02
3.721804781643568705e-02 -1.776391726001363969e-02
3.814227482974347910e-02 -1.825016163545322909e-02
3.720653491635864119e-02 -1.885528169330361048e-02
3.576207571733365509e-02 -1.976339826061631819e-02
3.427249544294620753e-02 -2.097144543739564576e-02
3.184597782657694331e-02 -2.183783806145349338e-02
3.100997804757985726e-02 -2.290785655650560276e-02
2.878852180708627723e-02 -2.396136347462024183e-02
2.701264463102492214e-02 -2.465738657543006113e-02
2.529754949069076830e-02 -2.566783885119277783e-02
2.365246444766233233e-02 -2.671388072420068094e-02
2.241750947985424181e-02 -2.808003644448352903e-02
2.076008265842096273e-02 -2.964149842042088784e-02
1.893826009974293109e-02 -3.090158791911137154e-02
1.813579091047820904e-02 -3.272734388962064006e-02
1.701668990362300432e-02 -3.413587577354604968e-02
1.553993472578081743e-02 -3.574595954080073135e-02
1.460104501955104307e-02 -3.733165531657636760e-02
1.289963946914611526e-02 -3.884897232379381365e-02
1.148305027359734602e-02 -3.960351604107827800e-02
1.008365699204034210e-02 -4.114520586005794567e-02
8.705610209771409355e-03 -4.157587551455105973e-02
7.684029930684210460e-03 -4.261181532723754689e-02
6.526936871683326757e-03 -4.299197521653831677e-02
4.919142116181338467e-03 -4.248389917968034557e-02
4.274016559504893210e-03 -4.262717070522027002e-02
2.850237917209946705e-03 -4.258272772067721312e-02
2.564560697842526403e-03 -4.281652326590954655e-02
1.300767672858633159e-03 -4.190203035775948159e-02
7.133065488232785212e-04 -4.228436392655789827e-02
-1.482955027781670296e-04 -4.160549678183074473e-02
-7.998658343169855883e-04 -4.130426767330921262e-02
-1.818723559145155478e-03 -4.150564580826519162e-02
-2.183345173651429338e-03 -4.087509430414087291e-02
-3.298122045394421414e-03 -4.041094673339293980e-02
-3.964872021360856154e-03 -4.019941932596093892e-02
-5.055696643341512156e-03 -3.942091881460828978e-02
-5.271564846579315615e-03 -3.901605425688384199e-02
-6.290041910061465111e-03 -3.851822525351914633e-02
-7.084525262005111554e-03 -3.864201415233744358e-02
-7.295433781899209914e-03 -3.827242244196142618e-02
-7.894338447359795785e-03 -3.764889465680757580e-02
-8.604886053712103300e-03 -3.727829952948029379e-02
-9.199035813487273575e-03 -3.672140992341364762e-02
-9.400323647583242598e-03 -3.664979055481180220e-02
-1.013550747778366699e-02 -3.674231505451948376e-02
-1.121437806328790671e-02 -3.594878637507505081e-02
-1.141862434321140249e-02 -3.607717264267430723e-02
-1.184245937304229113e-02 -3.533352887409499377e-02
-1.287702563362943219e-02 -3.465124836094287536e-02
-1.345313448878386435e-02 -3.458672005706151659e-02
-1.393410633009555498e-02 -3.417950795403575798e-02
-1.435550497038194824e-02 -3.425718435959423935e-02
-1.467932739900426956e-02 -3.392374085045531118e-02
-1.499311797656339117e-02 -3.321630557199239248e-02
-1.587559029467178889e-02 -3.315887857719292814e-02
-1.622277053568953187e-02 -3.255297001027149945e-02
-1.705877616388877527e-02 -3.236582408851701453e-02
-1.739075365350845059e-02 -3.223901041732017692e-02
-1.775335334991319514e-02 -3.246164445247069069e-02
-1.798376082220388972e-02 -3.201117616149731088e-02
-1.857271687775690835e-02 -3.206691599350219857e-02
-1.873543037647274964e-02 -3.157597578503283653e-02
-1.946721561648520615e-02 -3.089311524858020727e-02
-1.961466703751826510e-02 -3.080224062988623154e-02
-2.059121933726868608e-02 -3.119473505445291214e-02
-2.032951557264950013e-02 -3.170091433697917738e-02
-2.103398008443021702e-02 -3.091453545995543131e-02
-2.113939794141897477e-02 -3.024915656570453804e-02
-2.140441234258870853e-02 -3.015888471388031289e-02
-2.192179685114997029e-02 -2.942699170848666820e-02
-2.270764667035401335e-02 -2.893490588469264241e-02
-2.265030379289601631e-02 -2.976646636048776995e-02
-2.272624861503537777e-02 -2.918014104815400828e-02
-2.423583141270007138e-02 -2.877146502014341772e-02
-2.461034854540363956e-02 -2.869142684672906438e-02
-2.528995277045171380e-02 -2.888196342094211111e-02
-2.571107869416086253e-02 -2.814181647586928847e-02
-2.597331193801625387e-02 -2.838767291100725496e-02
-2.666050280865464583e-02 -2.727906594041924412e-02
-2.620079667949675242e-02 -2.734931272437951186e-02
-2.718427748406312267e-02 -2.793541068185748447e-02
-2.769266148145958437e-02 -2.720904203964446752e-02
-2.740695664315574709e-02 -2.669144740939514981e-02
-2.767219194464886484e-02 -2.707467867636786235e-02
-2.790659041418257907e-02 -2.681119891768499186e-02
-2.861310118097694019e-02 -2.697444324681933306e-02
-2.908381460510049352e-02 -2.605012519673279361e-02
-2.848904358825150168e-02 -2.520506609932333594e-02
-2.929245499802999447e-02 -2.484035124074087178e-02
-2.921755595186065202e-02 -2.509819607701237881e-02
-2.862553917111976959e-02 -2.452351554652072024e-02
-2.826948173066075667e-02 -2.454544270201691400e-02
-2.864026203360350506e-02 -2.404584852475736417e-02
-2.878332475188155257e-02 -2.329057923204843825e-02
-2.760295105563621496e-02 -2.324143826797127332e-02
-2.756608860980093445e-02 -2.206996134634443135e-02
-2.759292298454928127e-02 -2.231937128585826519e-02
-2.759533801875068554e-02 -2.161095309155616068e-02
-2.666095886626098505e-02 -2.123922285257036704e-02
-2.553309425281768963e-02 -2.117944564442658315e-02
-2.504302223589768839e-02 -2.050058484375757648e-02
-2.426176095437337227e-02 -1.903750630508672936e-02
-2.415841141469295128e-02 -1.925595050342918113e-02
-2.407716117942666073e-02 -1.898132599593881434e-02
-2.305289542959781598e-02 -1.833479170674712916e-02
-2.206378963880145649e-02 -1.714653250664712955e-02
-2.112872352402395126e-02 -1.653596951177623703e-02
-2.167254476645419023e-02 -1.603471233104617616e-02
-2.041802042316369359e-02 -1.620220046435595293e-02
-2.124041731112325665e-02 -1.608970685522282187e-02
-2.079615506281730711e-02 -1.648585192704236577e-02
-2.156035714166218420e-02 -1.671328693988409150e-02
-2.150365949009438657e-02 -1.661612259359912525e-02
-2.146326274570024492e-02 -1.637712691282279878e-02
-2.228794045443549879e-02 -1.762950658777082125e-02
-2.206013615300501940e-02 -1.764228429617956118e-02
-2.207817453395518464e-02 -1.780486711154000146e-02
-2.345485374779729751e-02 -1.818258441595548697e-02
-2.313626500347679832e-02 -1.824232163278142332e-02
-2.412939327132686967e-02 -1.929632755402108796e-02
-2.489537364484377055e-02 -1.981531619678137540e-02
1.286107764297709719e-02 1.504257600521556257e-02
1.465183625002509579e-02 1.674083518556056943e-02
1.884058981052175868e-02 2.108437688454652820e-02
2.106053351476002561e-02 2.477512867621532722e-02
2.461808860498897189e-02 2.809495707132406150e-02
2.651407513967068280e-02 2.997212106214228872e-02
2.802427562623892657e-02 3.179487026341675654e-02
2.920010188096704498e-02 3.251251631385372598e-02
2.990643136867572605e-02 3.261055962258526536e-02
2.955602646728594171e-02 3.302590091883740586e-02
2.931674658748301479e-02 3.228729178738222461e-02
3.000308670622430299e-02 3.205480168875798896e-02
3.074354003824720724e-02 3.115486102979850291e-02
3.170651521356380315e-02 2.910470781941247240e-02
3.186146403384643166e-02 2.724618384233773796e-02
3.287363263020212645e-02 2.639337581739137004e-02
3.320634158015559056e-02 2.499794766766149159e-02
3.320560988547489878e-02 2.344026649603781626e-02
3.352379560406600068e-02 2.216673488120244825e-02
3.414073662689352112e-02 2.098335270292860100e-02
3.438916076923455994e-02 1.970791708455010144e-02
3.530515467172891386e-02 1.818757998339241497e-02
3.534319041273289996e-02 1.756451311119302389e-02
3.609315782031544129e-02 1.631189353758684749e-02
3.682259158451185732e-02 1.486649672931660872e-02
3.683279080134260752e-02 1.386214426459627357e-02
3.734644919828996462e-02 1.305247244276311162e-02
3.794442202517828155e-02 1.193807159487905376e-02
3.952980816218036597e-02 1.065828557017577290e-02
3.910606901397537666e-02 9.756420271388068291e-03
4.031409624563189048e-02 8.696944972992582193e-03
4.099911925481497521e-02 7.468582070353236776e-03
4.162466786482248854e-02 6.364058924815148635e-03
4.204230518505399500e-02 5.641161725556794772e-03
4.342153499240785502e-02 4.784739055087174064e-03
4.342350776156369413e-02 3.468730942809800013e-03
4.389739981827420895e-02 2.416483453681269721e-03
4.476091898496867283e-02 7.784487513935313234e-04
4.422387280065288861e-02 -3.222948546780408929e-04
4.410946409003250329e-02 -2.021899787791108134e-03
4.493066103591946553e-02 -3.648390070712725225e-03
4.444580513144368028e-02 -4.856817133973532173e-03
4.387320408158582735e-02 -6.221946329478631778e-03
4.454598050833374900e-02 -7.604165599047934057e-03
4.371831961083943313e-02 -8.688710342130713180e-03
4.330478352600926339e-02 -9.460664899428643249e-03
4.356575723491779711e-02 -1.065861108990157763e-02
4.198217731150059168e-02 -1.136054193797329630e-02
4.206575563340102242e-02 -1.247996408336629615e-02
4.082267763121685822e-02 -1.369345856119967911e-02
3.989969357074542311e-02 -1.434814680937674357e-02
3.904042175808818821e-02 -1.511899640843533156e-02
3.895717767111989832e-02 -1.571510740677425910e-02
3.791480037449949936e-02 -1.686815561903336202e-02
3.786529266760426532e-02 -1.745340049035674218e-02
3.725510952759675948e-02 -1.803695023482755275e-02
3.629238766255517279e-02 -1.993723270143663712e-02
3.418602347957269000e-02 -2.060839249623547947e-02
3.255580689989949483e-02 -2.165106730888214162e-02
3.110474762663954437e-02 -2.258803383725299652e-02
2.961466314802273930e-02 -2.363865197877796157e-02
2.693458986937041430e-02 -2.474917075386792731e-02
2.521274499440776667e-02 -2.616047237421769908e-02
2.330880801862436971e-02 -2.743546440352538640e-02
2.212692843854727198e-02 -2.798609944746304617e-02
2.111576841519839653e-02 -2.953135314516723217e-02
1.976330531794382242e-02 -3.105496066093424434e-02
1.859419661431785040e-02 -3.194147227515010262e-02
1.695523988229835285e-02 -3.369740772205535168e-02
1.592961850770948859e-02 -3.531459623143756027e-02
1.411093795233700834e-02 -3.672104817831303020e-02
1.309594179988471038e-02 -3.789498074632907665e-02
1.157150401334191767e-02 -3.924770868995073464e-02
1.100580060328438040e-02 -4.103587515711589612e-02
9.505555466576158519e-03 -4.169253019926300041e-02
8.101077491429494251e-03 -4.192669396263654785e-02
7.663966355238250629e-03 -4.248967112522791106e-02
7.529217890926880388e-03 -4.276494670265473808e-02
6.562573274099203768e-03 -4.265453318579184860e-02
6.370562794524080828e-03 -4.197241976419304604e-02
6.233135371545270136e-03 -4.075876463527394744e-02
6.275138950552618805e-03 -4.218307459914474172e-02
5.655448102550984617e-03 -4.090775471668499363e-02
6.121326896615063295e-03 -3.989495234128053597e-02
5.659630064492521262e-03 -3.983632918774342863e-02
5.907684949632519174e-03 -3.850610103918151311e-02
5.803990621453888540e-03 -3.846982941919426663e-02
5.189326516886074922e-03 -3.760766636889745218e-02
5.380197415803078358e-03 -3.727720658106766644e-02
4.922180125473944561e-03 -3.643707284936131136e-02
4.697053071675958216e-03 -3.579649181174240913e-02
4.964394099985680771e-03 -3.525299435772446394e-02
5.174863400912847224e-03 -3.472479049934319717e-02
5.238794931336191937e-03 -3.394659847556884963e-02
4.735261308072972672e-03 -3.285636996134954496e-02
4.721385621986224496e-03 -3.191556634723188152e-02
4.975984968025600787e-03 -3.106847609441926519e-02
4.274829283366673831e-03 -3.050795771698221887e-02
4.142245233798760862e-03 -3.039402138989464805e-02
4.100917778366131895e-03 -2.952651908886347668e-02
3.826576016450094694e-03 -2.891946584574963883e-02
3.604506135790457380e-03 -2.799356364078516360e-02
3.589270345057945632e-03 -2.746472659663880614e-02
3.320729194023020869e-03 -2.698232179157727256e-02
3.767972104996347629e-03 -2.613399089591980987e-02
3.588281225319994890e-03 -2.586254704485364125e-02
3.164138719701245581e-03 -2.486249137209355087e-02
2.592829763166402089e-03 -2.446572289117721413e-02
2.999629073870030069e-03 -2.384818832110596754e-02
3.166834563063870150e-03 -2.312304620735164060e-02
2.633838477439788116e-03 -2.262663954027896787e-02
2.132027604389012242e-03 -2.257631124400115777e-02
2.100246020085159721e-03 -2.115596600673064903e-02
2.330695334417635760e-03 -2.107381273145854036e-02
1.824247530709934310e-03 -2.091863288407350488e-02
2.298842040441283728e-03 -2.032193918881915889e-02
1.879499014323703868e-03 -2.012134066890154671e-02
2.017690847468766972e-03 -1.934802670779829301e-02
1.347591274300759603e-03 -1.925462337515651545e-02
1.559451676365101189e-03 -1.811331090832558888e-02
1.042836932089564713e-03 -1.815019193837662248e-02
7.360382670692162997e-04 -1.741165016132307369e-02
3.612355028205104413e-04 -1.664142790586083456e-02
4.608565276445320100e-04 -1.657564247218817899e-02
4.944895499807485263e-04 -1.557131726117682267e-02
1.996888337440056143e-04 -1.606262430989965212e-02
2.654009522517449047e-04 -1.547821026471317245e-02
-2.488105324863442141e-04 -1.515467079579627466e-02
5.605675303766682313e-05 -1.426933751699314100e-02
-6.963777367954073231e-05 -1.414729894158000927e-02
-5.169980531203534520e-04 -1.301945241592822149e-02
-7.027178322449222298e-04 -1.298624105899280276e-02
-6.670447921213794405e-04 -1.220019311972231173e-02
-7.202880522617450881e-04 -1.212483159759996515e-02
-8.846346384216108522e-04 -1.141090528459574351e-02
-1.192983664516474290e-03 -1.120573422208764706e-02
-1.177561530425708059e-03 -1.061326611295468868e-02
-1.092402903560321529e-03 -1.047674976958851319e-02
-2.031049124662663921e-03 -1.003696475471563786e-02
-1.643923504172486137e-03 -9.601278810478985556e-03
-2.112504540660470245e-03 -8.602109955371287434e-03
-1.736057477674695856e-03 -8.480857232555556041e-03
-1.973107474599045813e-03 -7.888695066433391162e-03
-2.043139098678964979e-03 -7.018619833406121271e-03
-2.181933602379790629e-03 -6.896325713835438700e-03
-1.964260373903247130e-03 -6.539935526867025894e-03
-1.744015331878863168e-03 -6.592263405560565281e-03
-2.401271729980598499e-03 -6.299650711997995672e-03
-2.608803518549502199e-03 -5.589458647658116647e-03
-2.403645075210813532e-03 -4.983941622040913115e-03
-2.536761236906458217e-03 -4.663618170026605225e-03
-2.568066488598229075e-03 -5.157629029946399907e-03
-2.214219937101351721e-03 -4.087274961315990468e-03
-2.353551055907129787e-03 -4.087930643337879533e-03
-2.017027026081667004e-03 -3.259516341778272847e-03
-2.505628171773846644e-03 -3.148778750474599212e-03
-2.541768992952471353e-03 -3.400267527105219068e-03
-2.325253585148141528e-03 -3.003004612836064971e-03
-2.020251291143153240e-03 -2.595694388272769357e-03
-2.670326317176893900e-03 -2.943886262641256558e-03
1.229238168063543149e-02 1.517265705986640609e-02
1.535818486077670034e-02 1.735021335963339920e-02
1.876234244211942223e-02 2.138770014689884980e-02
2.168485490810235020e-02 2.532079380879644070e-02
2.504445969192079999e-02 2.863283505520478056e-02
2.703908186509018305e-02 3.104701361003860821e-02
2.766998364630925827e-02 3.172517889383397183e-02
2.935072071424931275e-02 3.292515309505564258e-02
2.899706048153884858e-02 3.261301113305894311e-02
2.895659752977433957e-02 3.339391215322592976e-02
2.814581238713191949e-02 3.410246823186477427e-02
2.740674237651783210e-02 3.381660250412510393e-02
2.593413907475473901e-02 3.391379955994251738e-02
2.527610218576914480e-02 3.413864835444984508e-02
2.414679312687682822e-02 3.463392404242397749e-02
2.281555538315688247e-02 3.445822080333914988e-02
2.144066706545757692e-02 3.475086911847361654e-02
2.075603782238561595e-02 3.429350096847748330e-02
1.978473900472537891e-02 3.432108461771714997e-02
1.858901731133627555e-02 3.432958725109948317e-02
1.776922994057992394e-02 3.418182814624306370e-02
1.700334246081100509e-02 3.359913904332693935e-02
1.549050294820244165e-02 3.334705548889142085e-02
1.460467750411668757e-02 3.220325003618507848e-02
1.475800538847100649e-02 3.270544039321009178e-02
1.390488205308576010e-02 3.211740743116389685e-02
1.412332344139870417e-02 3.229341664610121260e-02
1.250026065020951906e-02 3.255045063626476470e-02
1.083260113413641798e-02 3.229122722865814671e-02
1.071300575307093661e-02 3.178491271635641019e-02
9.893652399217557625e-03 3.166305723023567914e-02
9.527630576463670675e-03 3.090408399812811721e-02
9.070117115721424567e-03 3.089545760560106699e-02
7.779459658386983674e-03 3.015940942805004146e-02
8.002453474549437590e-03 3.025334250163736610e-02
6.971675920929508094e-03 2.995458027262923664e-02
6.804798476012221750e-03 2.975862078449658873e-02
5.775986732619911232e-03 3.001403062654710990e-02
5.196555108437263780e-03 2.963056467950150874e-02
4.686006659375583153e-03 2.930522045914631807e-02
4.412985142664731936e-03 2.993380735436366666e-02
4.116907108694153883e-03 3.030413721202296004e-02
3.698930969736327276e-03 3.049759825116306333e-02
3.573496608795148632e-03 3.022686891031992756e-02
2.468186730993604441e-03 3.025835370159979734e-02
3.212546952720190217e-03 2.963709970179773112e-02
2.745010444472159149e-03 2.943779807143279484e-02
1.777245063365087696e-03 2.999978942598760176e-02
2.063121926693055417e-03 2.969609090742614949e-02
2.265975387424885076e-03 2.935545495478718292e-02
1.031390077501425718e-03 2.930513175276152835e-02
2.552385634477732525e-05 2.937104218432710218e-02
-2.464818920187910808e-04 2.964087497570593727e-02
-6.302640501204394372e-04 2.945838033217278509e-02
-1.090265614441411363e-03 2.903214228537367297e-02
-1.513968796460418318e-03 2.864992914467235502e-02
-1.408174575963750319e-03 2.832072822490434155e-02
-2.176399841226769969e-03 2.869050459457146013e-02
-2.423274887424117698e-03 2.760206697942136841e-02
-3.492884418000094960e-03 2.807566679182171496e-02
-3.209480128154607818e-03 2.767269599307170883e-02
-3.885582038716817784e-03 2.785578379225980838e-02
-4.774477779591654314e-03 2.800855890899363668e-02
-5.068579999837508065e-03 2.713143142496739907e-02
-5.975788513479208912e-03 2.754690159787008541e-02
-6.140618898725505072e-03 2.778250992287132140e-02
-5.965431517771164691e-03 2.803377281411109645e-02
-6.950873692814321311e-03 2.786955769280661382e-02
-6.737485720515818538e-03 2.870851998353536952e-02
-7.501117241948738676e-03 2.986570402833256185e-02
-7.763488542131752497e-03 3.002725361424464501e-02
-8.509736008256309214e-03 3.066942209008063913e-02
-1.004015477138038570e-02 3.034771400995133622e-02
-1.003751013831929821e-02 3.052506868694715089e-02
-9.881431400982645941e-03 3.059942457736777172e-02
-1.047553505790512103e-02 3.113150494901362197e-02
-1.144735825354324839e-02 3.199318107490343316e-02
-1.217584382591523073e-02 3.332359860811719143e-02
-1.282193148920564123e-02 3.465249822743348557e-02
-1.382785390360155228e-02 3.535600403910368894e-02
-1.433844847053327397e-02 3.594734615881256534e-02
-1.558346526433666487e-02 3.573642464108289785e-02
-1.610795414070608639e-02 3.615964703874895159e-02
-1.675047620346253180e-02 3.653425067214424032e-02
-1.755998589869770324e-02 3.676553167628188873e-02
-1.774908830849625946e-02 3.630348555335848049e-02
-1.817163345891575910e-02 3.737032090892752206e-02
-1.922716888664828885e-02 3.754838737030841145e-02
-2.020632268166328363e-02 3.743321216902061738e-02
-2.099505891615719225e-02 3.802306888602642598e-02
-2.159566684827918942e-02 3.739298083736278949e-02
-2.126333000274555768e-02 3.735434238995470613e-02
-2.160836440484173102e-02 3.685176651681523058e-02
-2.142552754607562893e-02 3.586465971135662650e-02
-2.125091371091224202e-02 3.468384890846638868e-02
-2.094590311432143609e-02 3.361547668759973240e-02
-2.078508993495538706e-02 3.294862645912392807e-02
-2.175440418648538071e-02 3.329714362176750680e-02
-2.156561337284585919e-02 3.213469719449103118e-02
-2.174150531655640733e-02 3.217414466231530851e-02
-2.197054919071298254e-02 3.230569801611157116e-02
-2.230694286370476023e-02 3.171808128430311791e-02
-2.233324431044812763e-02 3.186202321311770030e-02
-2.281726629268922280e-02 3.164060451954735925e-02
-2.451595090532202384e-02 3.241874454764797492e-02
-2.493511600610666401e-02 3.002276842495653006e-02
-2.520830613801385012e-02 3.118794240320943434e-02
-2.549653105885650584e-02 3.083300615131958147e-02
-2.519798352871913810e-02 3.054525912717610814e-02
-2.592087431904765982e-02 3.060986803175256080e-02
-2.628282518103476628e-02 3.009726764147516512e-02
-2.695666438563229170e-02 2.997750673454642814e-02
-2.573293925843494340e-02 2.951838982587802820e-02
-2.737687066726442534e-02 2.988479556819892066e-02
-2.715428510311106505e-02 3.028548401943979493e-02
-2.806290205428400505e-02 3.051244521023606035e-02
-2.891821709551355146e-02 3.061862899935302237e-02
-2.858321113470576463e-02 3.035920861961177025e-02
-2.879600683947930451e-02 3.079589796396002901e-02
-2.832919907057648151e-02 3.139348893066605528e-02
-2.867763818258375549e-02 3.037733969676186321e-02
-2.828135498802695352e-02 2.947140210529789958e-02
-2.799152742861710230e-02 2.935690574256545615e-02
-2.738025068517526209e-02 2.819167895149782971e-02
-2.705310750227934991e-02 2.713169636754579270e-02
-2.685105810302376023e-02 2.710488669398546796e-02
-2.687286014925957187e-02 2.706341868222018540e-02
-2.711580934057742504e-02 2.627080726467088262e-02
-2.698905267496295307e-02 2.727326347244182769e-02
-2.714409572410218449e-02 2.645464286068714352e-02
-2.685731562855651899e-02 2.712012611417163876e-02
-2.660190856176602309e-02 2.661790851879910352e-02
-2.678988073084237129e-02 2.684394907146494397e-02
-2.657245229650100418e-02 2.727469656274352644e-02
-2.675070474865861789e-02 2.728369431365055067e-02
-2.732084066938477579e-02 2.806297371049833178e-02
-2.750992488253749951e-02 3.006248962782324258e-02
-2.781174948008632852e-02 2.900952397518879317e-02
-2.762170135659638287e-02 2.896072067141881867e-02
-2.794825251557075604e-02 2.890765131202457927e-02
-2.771571955097678827e-02 2.918315907756311930e-02
-2.819345932668844423e-02 2.898641063836102788e-02
-2.789004903375135250e-02 2.897585644579307729e-02
-2.815830957792351055e-02 2.915397953600225647e-02
-2.851389412137133803e-02 2.922351634949023336e-02
-2.827448471490567189e-02 2.977779396936937675e-02
-2.842793606947186663e-02 3.015667277135159613e-02
-2.783621271175121953e-02 2.949533851526426817e-02
-2.811083391964306483e-02 3.111499558374406296e-02
-2.797146041762838681e-02 3.075529147914351363e-02
-2.813671192292268447e-02 3.104963512853058452e-02
-2.841323521779173800e-02 3.295909980615901319e-02
-2.769670428722176975e-02 3.242213590516260929e-02
-2.782902956541650347e-02 3.512431594591360756e-02
-2.621224916299081872e-02 3.448141646766707258e-02
-2.569414118526497370e-02 3.577606992337098446e-02
-2.523076432455039625e-02 3.460620500662132948e-02
-2.541048072607350258e-02 3.391666293199253890e-02
-2.567618397050446671e-02 3.494691940882678483e-02
-2.562817824350503704e-02 3.438611550588580729e-02
