8.941623568534851074e-01 -3.368824005126953125e+01
1.330547451972961426e+00 -3.310569381713867188e+01
1.160214304924011230e+00 -3.222017669677734375e+01
1.533146023750305176e+00 -3.158366584777832031e+01
1.901624441146850586e+00 -3.091014289855957031e+01
2.241022825241088867e+00 -3.015746307373046875e+01
2.600576162338256836e+00 -2.930303001403808594e+01
2.929286003112792969e+00 -2.839336013793945312e+01
3.214551210403442383e+00 -2.747221374511718750e+01
3.430651187896728516e+00 -2.655148124694824219e+01
3.482952594757080078e+00 -2.559707450866699219e+01
3.456743955612182617e+00 -2.462166213989257812e+01
3.394281864166259766e+00 -2.369772911071777344e+01
3.330923557281494141e+00 -2.297027397155761719e+01
3.291185140609741211e+00 -2.218354606628417969e+01
3.242556810379028320e+00 -2.157238006591796875e+01
3.118463993072509766e+00 -2.081999588012695312e+01
2.944389581680297852e+00 -2.007255363464355469e+01
2.763935804367065430e+00 -1.925996971130371094e+01
2.579636096954345703e+00 -1.839829826354980469e+01
2.420738697052001953e+00 -1.769493865966796875e+01
2.172386646270751953e+00 -1.696867561340332031e+01
1.976168394088745117e+00 -1.611215782165527344e+01
1.804111003875732422e+00 -1.531296539306640625e+01
1.555633068084716797e+00 -1.451792621612548828e+01
1.313057065010070801e+00 -1.370038032531738281e+01
1.041502952575683594e+00 -1.287111854553222656e+01
8.075019717216491699e-01 -1.205105018615722656e+01
4.948828220367431641e-01 -1.132566356658935547e+01
1.956363916397094727e-01 -1.048070049285888672e+01
-1.109709814190864563e-01 -9.796235084533691406e+00
-4.382992088794708252e-01 -9.149957656860351562e+00
-8.362048864364624023e-01 -8.573817253112792969e+00
-1.347585082054138184e+00 -8.166005134582519531e+00
-2.021185159683227539e+00 -7.898444652557373047e+00
-3.044363498687744141e+00 -7.626235485076904297e+00
-3.884396314620971680e+00 -7.448016643524169922e+00
-4.520573139190673828e+00 -7.340765476226806641e+00
-5.002113819122314453e+00 -7.270953178405761719e+00
-5.279708862304687500e+00 -7.192396640777587891e+00
-5.627156257629394531e+00 -7.168927192687988281e+00
-5.881725788116455078e+00 -7.019476413726806641e+00
-6.147721290588378906e+00 -7.263870716094970703e+00
-6.350099086761474609e+00 -6.872504711151123047e+00
-6.618927955627441406e+00 -7.307399749755859375e+00
-6.701905250549316406e+00 -6.746711254119873047e+00
-6.993697166442871094e+00 -7.321796894073486328e+00
-7.056571006774902344e+00 -6.701559066772460938e+00
-7.259141445159912109e+00 -6.582811355590820312e+00
-7.477410316467285156e+00 -7.219943046569824219e+00
-7.671431541442871094e+00 -7.346024990081787109e+00
-7.684483051300048828e+00 -6.479828357696533203e+00
-7.855261325836181641e+00 -7.080232620239257812e+00
-7.966942310333251953e+00 -6.483260154724121094e+00
-8.192273139953613281e+00 -7.255198001861572266e+00
-8.254206657409667969e+00 -6.537018299102783203e+00
-8.524319648742675781e+00 -7.186957359313964844e+00
-8.644429206848144531e+00 -6.569714546203613281e+00
-8.909193992614746094e+00 -6.717226505279541016e+00
-9.162091255187988281e+00 -7.126214027404785156e+00
-9.399498939514160156e+00 -6.629572868347167969e+00
-9.689671516418457031e+00 -6.992320060729980469e+00
-1.000376605987548828e+01 -6.700953960418701172e+00
-1.031658744812011719e+01 -6.930793285369873047e+00
-1.063174057006835938e+01 -6.811157226562500000e+00
-1.099861621856689453e+01 -6.844671726226806641e+00
-1.134711265563964844e+01 -6.851078510284423828e+00
-1.172632789611816406e+01 -6.847563743591308594e+00
-1.212815475463867188e+01 -6.860202312469482422e+00
-1.254627323150634766e+01 -6.873271465301513672e+00
-1.299290943145751953e+01 -6.885122776031494141e+00
-1.339237785339355469e+01 -6.898323059082031250e+00
-1.376023483276367188e+01 -6.911782741546630859e+00
-1.416638851165771484e+01 -6.926949501037597656e+00
-1.454376506805419922e+01 -6.941414833068847656e+00
-1.490935325622558594e+01 -6.956483840942382812e+00
-1.529668426513671875e+01 -6.972794055938720703e+00
-1.568404483795166016e+01 -6.988476753234863281e+00
-1.601836585998535156e+01 -7.003720283508300781e+00
-1.633992958068847656e+01 -7.015442371368408203e+00
-1.664391517639160156e+01 -7.027085781097412109e+00
-1.695226669311523438e+01 -7.039846897125244141e+00
-1.720408058166503906e+01 -7.046691417694091797e+00
-1.751483917236328125e+01 -7.058347702026367188e+00
-1.778459739685058594e+01 -7.068077564239501953e+00
-1.804910278320312500e+01 -7.075086593627929688e+00
-1.844329071044921875e+01 -7.088003158569335938e+00
-1.881292152404785156e+01 -7.101502895355224609e+00
-1.910829544067382812e+01 -7.111527919769287109e+00
-1.938321685791015625e+01 -7.118262767791748047e+00
-1.970016098022460938e+01 -7.139257907867431641e+00
-1.985457611083984375e+01 -7.146332263946533203e+00
-2.015111541748046875e+01 -7.166620254516601562e+00
-2.040536308288574219e+01 -7.181823730468750000e+00
-2.082626152038574219e+01 -7.187142372131347656e+00
-2.140277671813964844e+01 -7.273071765899658203e+00
-2.144358062744140625e+01 -7.311062812805175781e+00
-2.178056716918945312e+01 -7.407997608184814453e+00
-2.198300361633300781e+01 -7.692224025726318359e+00
-2.212457275390625000e+01 -7.758584499359130859e+00
-2.241856956481933594e+01 -7.762401103973388672e+00
-2.264047241210937500e+01 -7.733489036560058594e+00
-2.270891380310058594e+01 -7.253799915313720703e+00
-2.237625312805175781e+01 -7.134303092956542969e+00
-2.256733703613281250e+01 -7.230734825134277344e+00
-2.278539085388183594e+01 -7.393274784088134766e+00
-2.315486526489257812e+01 -7.609834194183349609e+00
-2.350967597961425781e+01 -7.613061428070068359e+00
-2.414310836791992188e+01 -7.718407154083251953e+00
-2.460062026977539062e+01 -7.766124248504638672e+00
-2.502642631530761719e+01 -7.878472805023193359e+00
-2.557715988159179688e+01 -7.940741062164306641e+00
-2.580642509460449219e+01 -8.039856910705566406e+00
-2.551489448547363281e+01 -7.950596809387207031e+00
-2.659298324584960938e+01 -7.729092121124267578e+00
-2.685841369628906250e+01 -7.675169944763183594e+00
-2.720038604736328125e+01 -7.592383861541748047e+00
-2.741168594360351562e+01 -7.562757968902587891e+00
-2.771757125854492188e+01 -7.417675971984863281e+00
-2.805064201354980469e+01 -7.461380004882812500e+00
-2.798413658142089844e+01 -7.563242912292480469e+00
-2.795717811584472656e+01 -7.980606555938720703e+00
-2.783192253112792969e+01 -8.595019340515136719e+00
-2.823186492919921875e+01 -9.004199981689453125e+00
-2.811171531677246094e+01 -9.272937774658203125e+00
-2.803407287597656250e+01 -9.844844818115234375e+00
-2.816028022766113281e+01 -1.020793151855468750e+01
-2.855136299133300781e+01 -1.017859363555908203e+01
-2.835140800476074219e+01 -1.074361324310302734e+01
-2.848693084716796875e+01 -1.089257717132568359e+01
-2.880755615234375000e+01 -1.085732746124267578e+01
-2.885241699218750000e+01 -1.072317314147949219e+01
-2.930072212219238281e+01 -1.112658691406250000e+01
-2.998124122619628906e+01 -1.094225597381591797e+01
-3.067694473266601562e+01 -9.834433555603027344e+00
-3.024581527709960938e+01 -1.040426635742187500e+01
-3.045512580871582031e+01 -1.000407791137695312e+01
-3.044282341003417969e+01 -9.967066764831542969e+00
-2.999806213378906250e+01 -1.025752353668212891e+01
-2.931923103332519531e+01 -1.031477642059326172e+01
-2.898454093933105469e+01 -9.953711509704589844e+00
-2.920131874084472656e+01 -9.229757308959960938e+00
-2.896945571899414062e+01 -9.315367698669433594e+00
-2.936881256103515625e+01 -8.986280441284179688e+00
-2.985823440551757812e+01 -8.853339195251464844e+00
-3.048677062988281250e+01 -8.915774345397949219e+00
-3.106041336059570312e+01 -8.907060623168945312e+00
-3.147201538085937500e+01 -9.034629821777343750e+00
-3.142230606079101562e+01 -8.877266883850097656e+00
-3.139591217041015625e+01 -8.592413902282714844e+00
-3.132854652404785156e+01 -8.269569396972656250e+00
-3.156276702880859375e+01 -7.892127037048339844e+00
-3.132799339294433594e+01 -7.436094284057617188e+00
-3.120683288574218750e+01 -7.287749290466308594e+00
-3.092642974853515625e+01 -7.460063457489013672e+00
-3.064093208312988281e+01 -7.518352031707763672e+00
-3.042191505432128906e+01 -7.565597534179687500e+00
-3.010618400573730469e+01 -7.444358825683593750e+00
-2.987409591674804688e+01 -7.528436183929443359e+00
-2.982103729248046875e+01 -7.071379661560058594e+00
5.455386638641357422e-01 -3.349142074584960938e+01
1.331432104110717773e+00 -3.312276458740234375e+01
1.126380562782287598e+00 -3.221793746948242188e+01
1.442441105842590332e+00 -3.158481025695800781e+01
1.803246498107910156e+00 -3.088405609130859375e+01
2.209166049957275391e+00 -3.014860725402832031e+01
2.573209285736083984e+00 -2.934780311584472656e+01
2.922863960266113281e+00 -2.849281692504882812e+01
3.268312454223632812e+00 -2.746638107299804688e+01
3.500014543533325195e+00 -2.649807929992675781e+01
3.535674810409545898e+00 -2.560610008239746094e+01
3.461873054504394531e+00 -2.456205177307128906e+01
3.411375284194946289e+00 -2.367811012268066406e+01
3.352958917617797852e+00 -2.274766731262207031e+01
3.292272329330444336e+00 -2.200775146484375000e+01
3.205599308013916016e+00 -2.128716659545898438e+01
3.094794988632202148e+00 -2.065095901489257812e+01
2.946203708648681641e+00 -1.986799240112304688e+01
2.707457780838012695e+00 -1.906201171875000000e+01
2.520623683929443359e+00 -1.818005371093750000e+01
2.248412132263183594e+00 -1.746190261840820312e+01
2.050875186920166016e+00 -1.673716354370117188e+01
1.799400687217712402e+00 -1.585145664215087891e+01
1.550302386283874512e+00 -1.497912502288818359e+01
1.356783986091613770e+00 -1.423546886444091797e+01
1.186947345733642578e+00 -1.345635032653808594e+01
1.022047996520996094e+00 -1.269033241271972656e+01
8.851828575134277344e-01 -1.203075504302978516e+01
7.097644805908203125e-01 -1.122574329376220703e+01
5.605313181877136230e-01 -1.063690090179443359e+01
3.840668797492980957e-01 -9.881506919860839844e+00
2.655066847801208496e-01 -9.226796150207519531e+00
1.562982499599456787e-01 -8.446103096008300781e+00
1.624347269535064697e-01 -7.855480670928955078e+00
2.934681177139282227e-01 -7.351120471954345703e+00
4.260394275188446045e-01 -6.899461746215820312e+00
6.241304278373718262e-01 -6.485330104827880859e+00
8.032578229904174805e-01 -6.160123825073242188e+00
1.045964002609252930e+00 -5.748913764953613281e+00
1.340728402137756348e+00 -5.419703006744384766e+00
1.626128077507019043e+00 -5.098414421081542969e+00
2.019235372543334961e+00 -4.731263637542724609e+00
2.369705677032470703e+00 -4.359492301940917969e+00
2.733009099960327148e+00 -3.980715990066528320e+00
3.187665939331054688e+00 -3.544977188110351562e+00
3.636973857879638672e+00 -3.112126350402832031e+00
4.138790130615234375e+00 -2.600532770156860352e+00
4.633358001708984375e+00 -2.069770812988281250e+00
5.068962574005126953e+00 -1.575183987617492676e+00
5.535140514373779297e+00 -1.060088634490966797e+00
5.995511054992675781e+00 -5.542231202125549316e-01
6.490074634552001953e+00 -5.587999522686004639e-02
6.953205108642578125e+00 4.159076809883117676e-01
7.460635662078857422e+00 8.174470663070678711e-01
7.919497966766357422e+00 1.222532033920288086e+00
8.347543716430664062e+00 1.615545868873596191e+00
8.776163101196289062e+00 2.003406286239624023e+00
9.187743186950683594e+00 2.396771192550659180e+00
9.594932556152343750e+00 2.766140937805175781e+00
1.003963661193847656e+01 3.154603958129882812e+00
1.045007514953613281e+01 3.536890506744384766e+00
1.083453369140625000e+01 3.910075426101684570e+00
1.124087333679199219e+01 4.202502727508544922e+00
1.163622856140136719e+01 4.559015750885009766e+00
1.205741596221923828e+01 4.891815662384033203e+00
1.247062206268310547e+01 5.192907810211181641e+00
1.289346504211425781e+01 5.482414722442626953e+00
1.333352756500244141e+01 5.694537162780761719e+00
1.379656791687011719e+01 5.901134490966796875e+00
1.425366783142089844e+01 6.038446903228759766e+00
1.468996334075927734e+01 6.086318969726562500e+00
1.512546348571777344e+01 6.135514736175537109e+00
1.551595020294189453e+01 6.117649555206298828e+00
1.585693836212158203e+01 6.114106178283691406e+00
1.619888305664062500e+01 6.053268909454345703e+00
1.647481155395507812e+01 6.105215549468994141e+00
1.669444274902343750e+01 5.884400367736816406e+00
1.694028091430664062e+01 6.104785442352294922e+00
1.712290000915527344e+01 5.795556545257568359e+00
1.743224525451660156e+01 5.996888160705566406e+00
1.756722259521484375e+01 5.688096046447753906e+00
1.784625434875488281e+01 5.870112895965576172e+00
1.806693267822265625e+01 5.684884071350097656e+00
1.834369468688964844e+01 5.634547710418701172e+00
1.857513046264648438e+01 5.597453117370605469e+00
1.892430305480957031e+01 5.530472278594970703e+00
1.941063690185546875e+01 5.409343242645263672e+00
1.997087287902832031e+01 5.278397083282470703e+00
2.059071350097656250e+01 5.137309551239013672e+00
2.113430213928222656e+01 5.016572952270507812e+00
2.144230651855468750e+01 4.926568031311035156e+00
2.174884223937988281e+01 4.884263992309570312e+00
2.207898712158203125e+01 4.826129436492919922e+00
2.237091636657714844e+01 4.745299339294433594e+00
2.258513832092285156e+01 4.517499923706054688e+00
2.284009933471679688e+01 4.850492000579833984e+00
2.312024116516113281e+01 4.796986103057861328e+00
2.324271011352539062e+01 4.334082126617431641e+00
2.350460624694824219e+01 4.295114040374755859e+00
2.375390052795410156e+01 4.739727020263671875e+00
2.402186584472656250e+01 4.614020824432373047e+00
2.414661598205566406e+01 4.108882427215576172e+00
2.439351081848144531e+01 4.649115562438964844e+00
2.452558708190917969e+01 4.071591854095458984e+00
2.487935066223144531e+01 4.615415573120117188e+00
2.499895286560058594e+01 4.235158920288085938e+00
2.516463470458984375e+01 3.989438295364379883e+00
2.553104400634765625e+01 4.552765369415283203e+00
2.561235237121582031e+01 3.957604646682739258e+00
2.569341278076171875e+01 3.871025085449218750e+00
2.598938179016113281e+01 4.437105655670166016e+00
2.608565330505371094e+01 4.415192127227783203e+00
2.620697784423828125e+01 3.783635377883911133e+00
2.641058921813964844e+01 3.827413082122802734e+00
2.668463134765625000e+01 4.166115283966064453e+00
2.697032928466796875e+01 4.134441852569580078e+00
2.716481018066406250e+01 3.802404642105102539e+00
2.742431259155273438e+01 3.788950204849243164e+00
2.768029594421386719e+01 3.908776521682739258e+00
2.800336837768554688e+01 3.873831987380981445e+00
2.827363586425781250e+01 3.734104394912719727e+00
2.848810958862304688e+01 3.780809640884399414e+00
2.874354553222656250e+01 3.735746622085571289e+00
2.911760902404785156e+01 3.721446275711059570e+00
2.956626129150390625e+01 3.676853656768798828e+00
2.987602615356445312e+01 3.654957771301269531e+00
3.023078155517578125e+01 3.650078773498535156e+00
3.068777847290039062e+01 3.615936756134033203e+00
3.084270477294921875e+01 3.587370634078979492e+00
3.125227355957031250e+01 3.570790529251098633e+00
3.165286636352539062e+01 3.729968786239624023e+00
3.191927337646484375e+01 3.370487213134765625e+00
3.224430465698242188e+01 3.641772031784057617e+00
3.230949783325195312e+01 3.209296703338623047e+00
3.249503707885742188e+01 3.237254142761230469e+00
3.255816650390625000e+01 3.911995649337768555e+00
3.260432434082031250e+01 3.982218980789184570e+00
3.286227416992187500e+01 3.671197175979614258e+00
3.321379852294921875e+01 3.542057991027832031e+00
3.329122543334960938e+01 3.241250514984130859e+00
3.354797744750976562e+01 2.847392320632934570e+00
3.380694198608398438e+01 2.668890237808227539e+00
3.394861221313476562e+01 2.484238147735595703e+00
3.423620986938476562e+01 2.571686506271362305e+00
3.453728103637695312e+01 2.785269975662231445e+00
3.493481445312500000e+01 3.355836153030395508e+00
3.489856338500976562e+01 2.972263336181640625e+00
3.496998596191406250e+01 3.817126035690307617e+00
3.478319931030273438e+01 3.751153469085693359e+00
3.453646087646484375e+01 3.174016475677490234e+00
3.405045700073242188e+01 3.256839513778686523e+00
3.425763320922851562e+01 3.575094938278198242e+00
3.398519897460937500e+01 3.626233339309692383e+00
3.384370803833007812e+01 3.682552576065063477e+00
3.400498580932617188e+01 4.094425678253173828e+00
3.440044403076171875e+01 4.206235408782958984e+00
3.430234527587890625e+01 4.421937465667724609e+00
3.383040237426757812e+01 4.466664791107177734e+00
3.342705154418945312e+01 4.436340332031250000e+00
3.299340820312500000e+01 2.502932071685791016e+00
5.445744991302490234e-01 -3.350691986083984375e+01
7.687253355979919434e-01 -3.283652496337890625e+01
1.663059234619140625e+00 -3.244407653808593750e+01
1.988740205764770508e+00 -3.180645751953125000e+01
2.320825815200805664e+00 -3.108613586425781250e+01
2.707930803298950195e+00 -3.034999084472656250e+01
3.109748840332031250e+00 -2.957652854919433594e+01
3.533669948577880859e+00 -2.882120132446289062e+01
3.904862642288208008e+00 -2.808285522460937500e+01
4.414915084838867188e+00 -2.738398170471191406e+01
4.933221340179443359e+00 -2.676194763183593750e+01
5.436686515808105469e+00 -2.621074104309082031e+01
5.882008552551269531e+00 -2.573757743835449219e+01
6.329074382781982422e+00 -2.525123596191406250e+01
6.615532875061035156e+00 -2.483000946044921875e+01
6.852122306823730469e+00 -2.436661338806152344e+01
6.909634113311767578e+00 -2.394250106811523438e+01
6.855567932128906250e+00 -2.357710075378417969e+01
6.695935726165771484e+00 -2.313296318054199219e+01
6.552604675292968750e+00 -2.283932113647460938e+01
6.351295471191406250e+00 -2.257073402404785156e+01
6.172223091125488281e+00 -2.221469116210937500e+01
6.011630535125732422e+00 -2.196524047851562500e+01
5.826893329620361328e+00 -2.165254592895507812e+01
5.628562450408935547e+00 -2.135143852233886719e+01
5.483653068542480469e+00 -2.114521026611328125e+01
5.292864799499511719e+00 -2.085885810852050781e+01
5.115607261657714844e+00 -2.061748886108398438e+01
4.901623249053955078e+00 -2.030005836486816406e+01
4.626773834228515625e+00 -1.997705650329589844e+01
4.429000377655029297e+00 -1.959756278991699219e+01
4.111324787139892578e+00 -1.912070274353027344e+01
3.839315891265869141e+00 -1.856453132629394531e+01
3.547435283660888672e+00 -1.799168014526367188e+01
3.282627344131469727e+00 -1.736210823059082031e+01
3.034630537033081055e+00 -1.674927520751953125e+01
2.825808525085449219e+00 -1.619097709655761719e+01
2.613749265670776367e+00 -1.552938652038574219e+01
2.403484106063842773e+00 -1.485107421875000000e+01
2.228996038436889648e+00 -1.419626903533935547e+01
2.074952840805053711e+00 -1.355768299102783203e+01
1.920662164688110352e+00 -1.285808372497558594e+01
1.734141588211059570e+00 -1.203640651702880859e+01
1.526277661323547363e+00 -1.122887229919433594e+01
1.361762404441833496e+00 -1.048271942138671875e+01
1.236082196235656738e+00 -9.810372352600097656e+00
1.142996668815612793e+00 -9.099714279174804688e+00
1.121647596359252930e+00 -8.489789962768554688e+00
1.094692111015319824e+00 -7.777411937713623047e+00
1.156833052635192871e+00 -7.233540058135986328e+00
1.274048924446105957e+00 -6.867396831512451172e+00
1.429519772529602051e+00 -6.491699695587158203e+00
1.638350367546081543e+00 -6.236046791076660156e+00
1.777188658714294434e+00 -6.017011165618896484e+00
1.933894515037536621e+00 -5.668577194213867188e+00
2.144976139068603516e+00 -5.330785274505615234e+00
2.448044061660766602e+00 -4.993376731872558594e+00
2.737684488296508789e+00 -4.587044239044189453e+00
3.049876928329467773e+00 -4.165876865386962891e+00
3.361063480377197266e+00 -3.719846010208129883e+00
3.741043806076049805e+00 -3.221051454544067383e+00
4.156013488769531250e+00 -2.661677122116088867e+00
4.626248359680175781e+00 -2.089208126068115234e+00
5.126553535461425781e+00 -1.528159856796264648e+00
5.570447921752929688e+00 -1.031285881996154785e+00
5.989651679992675781e+00 -5.594860911369323730e-01
6.400363445281982422e+00 -9.947647154331207275e-02
6.819060802459716797e+00 3.968088626861572266e-01
7.231659412384033203e+00 8.986640572547912598e-01
7.633820533752441406e+00 1.373712539672851562e+00
8.012705802917480469e+00 1.795426607131958008e+00
8.410041809082031250e+00 2.194017410278320312e+00
8.774496078491210938e+00 2.600186109542846680e+00
9.190485954284667969e+00 3.000772237777709961e+00
9.582040786743164062e+00 3.393568754196166992e+00
9.954483985900878906e+00 3.756640911102294922e+00
1.032986068725585938e+01 4.139298915863037109e+00
1.068656253814697266e+01 4.516240596771240234e+00
1.101446533203125000e+01 4.881304740905761719e+00
1.140914630889892578e+01 5.285629749298095703e+00
1.175772571563720703e+01 5.713114738464355469e+00
1.214172172546386719e+01 6.139588356018066406e+00
1.243880748748779297e+01 6.550900459289550781e+00
1.269230937957763672e+01 6.964940547943115234e+00
1.289793109893798828e+01 7.400860786437988281e+00
1.304500007629394531e+01 7.849168777465820312e+00
1.313210010528564453e+01 8.288337707519531250e+00
1.316941547393798828e+01 8.672704696655273438e+00
1.320875930786132812e+01 9.074749946594238281e+00
1.323220062255859375e+01 9.442697525024414062e+00
1.320515823364257812e+01 9.757293701171875000e+00
1.321192073822021484e+01 1.004963016510009766e+01
1.324442863464355469e+01 1.033902549743652344e+01
1.308547782897949219e+01 1.064630317687988281e+01
1.331595230102539062e+01 1.090350818634033203e+01
1.300065422058105469e+01 1.116080856323242188e+01
1.332973289489746094e+01 1.141888904571533203e+01
1.294616031646728516e+01 1.165909957885742188e+01
1.334542083740234375e+01 1.191813087463378906e+01
1.292398262023925781e+01 1.214053821563720703e+01
1.331894874572753906e+01 1.237769126892089844e+01
1.289275360107421875e+01 1.263852500915527344e+01
1.331957721710205078e+01 1.287722778320312500e+01
1.291027545928955078e+01 1.309459400177001953e+01
1.327140712738037109e+01 1.340900993347167969e+01
1.285679149627685547e+01 1.359199714660644531e+01
1.326969051361083984e+01 1.385158252716064453e+01
1.300927734375000000e+01 1.413967800140380859e+01
1.292359352111816406e+01 1.443821907043457031e+01
1.324558925628662109e+01 1.470385360717773438e+01
1.292376136779785156e+01 1.497966003417968750e+01
1.324382686614990234e+01 1.519201660156250000e+01
1.287139129638671875e+01 1.544916152954101562e+01
1.321905517578125000e+01 1.566379737854003906e+01
1.294581794738769531e+01 1.598580837249755859e+01
1.324818325042724609e+01 1.625381660461425781e+01
1.296524810791015625e+01 1.648101425170898438e+01
1.320334243774414062e+01 1.677276229858398438e+01
1.298158168792724609e+01 1.705791091918945312e+01
1.324743843078613281e+01 1.734559822082519531e+01
1.297351646423339844e+01 1.763933944702148438e+01
1.328688812255859375e+01 1.779592895507812500e+01
1.303299903869628906e+01 1.811033821105957031e+01
1.329753208160400391e+01 1.839359283447265625e+01
1.305541324615478516e+01 1.865452194213867188e+01
1.327941131591796875e+01 1.888621711730957031e+01
1.313411235809326172e+01 1.928589439392089844e+01
1.332931137084960938e+01 1.954644966125488281e+01
1.311451339721679688e+01 1.982631492614746094e+01
1.334783840179443359e+01 2.013608169555664062e+01
1.299194049835205078e+01 2.046626663208007812e+01
1.336567974090576172e+01 2.060738754272460938e+01
1.357481193542480469e+01 2.075461578369140625e+01
1.294486999511718750e+01 2.102623176574707031e+01
1.299603652954101562e+01 2.120422363281250000e+01
1.363289451599121094e+01 2.129418945312500000e+01
1.361764335632324219e+01 2.143507194519042969e+01
1.295609760284423828e+01 2.168100929260253906e+01
1.328225421905517578e+01 2.181260490417480469e+01
1.377278041839599609e+01 2.200403976440429688e+01
1.369607257843017578e+01 2.224331474304199219e+01
1.298865413665771484e+01 2.232255744934082031e+01
1.279199409484863281e+01 2.249594879150390625e+01
1.306643199920654297e+01 2.271746444702148438e+01
1.348273372650146484e+01 2.281842231750488281e+01
1.395244979858398438e+01 2.281967735290527344e+01
1.401096057891845703e+01 2.301666450500488281e+01
1.262409305572509766e+01 2.305419921875000000e+01
1.324303054809570312e+01 2.320560646057128906e+01
1.355600166320800781e+01 2.339423179626464844e+01
1.406695652008056641e+01 2.343960762023925781e+01
1.255626964569091797e+01 2.336868858337402344e+01
1.319026374816894531e+01 2.356645011901855469e+01
1.258655166625976562e+01 2.359069633483886719e+01
1.280281352996826172e+01 2.395760917663574219e+01
1.345479297637939453e+01 2.409420585632324219e+01
1.291271686553955078e+01 2.403579711914062500e+01
1.332698440551757812e+01 2.410561943054199219e+01
1.384049797058105469e+01 2.398534774780273438e+01
1.401533222198486328e+01 2.380895805358886719e+01
9.058244228363037109e-01 -3.368359756469726562e+01
8.034146428108215332e-01 -3.279913711547851562e+01
1.704590320587158203e+00 -3.245505523681640625e+01
2.085910797119140625e+00 -3.178416633605957031e+01
2.482527017593383789e+00 -3.109346008300781250e+01
2.906261682510375977e+00 -3.033814811706542969e+01
3.374564886093139648e+00 -2.958361625671386719e+01
3.907420635223388672e+00 -2.887934303283691406e+01
4.444763660430908203e+00 -2.817276573181152344e+01
5.068805217742919922e+00 -2.751454925537109375e+01
5.674986839294433594e+00 -2.697278594970703125e+01
6.264369964599609375e+00 -2.648363113403320312e+01
6.814510345458984375e+00 -2.604907608032226562e+01
7.288004398345947266e+00 -2.570044136047363281e+01
7.872697353363037109e+00 -2.540022277832031250e+01
8.447568893432617188e+00 -2.524318122863769531e+01
9.058906555175781250e+00 -2.516666221618652344e+01
9.608613967895507812e+00 -2.515152168273925781e+01
9.966176986694335938e+00 -2.511042594909667969e+01
1.034243011474609375e+01 -2.514938735961914062e+01
-1.942226767539978027e+00 -5.302093982696533203e+00
1.079548549652099609e+01 -2.490594673156738281e+01
1.090564823150634766e+01 -2.537922096252441406e+01
1.115417861938476562e+01 -2.561739540100097656e+01
1.122817420959472656e+01 -2.561927223205566406e+01
1.124164104461669922e+01 -2.483877372741699219e+01
1.134784030914306641e+01 -2.464017868041992188e+01
1.154522132873535156e+01 -2.522855758666992188e+01
1.168494224548339844e+01 -2.478852272033691406e+01
1.180400276184082031e+01 -2.572772789001464844e+01
1.188593864440917969e+01 -2.574277114868164062e+01
1.195618724822998047e+01 -2.454859161376953125e+01
1.213818550109863281e+01 -2.515320587158203125e+01
1.223887825012207031e+01 -2.461164474487304688e+01
1.236620712280273438e+01 -2.566299819946289062e+01
1.247217559814453125e+01 -2.557756614685058594e+01
1.256630229949951172e+01 -2.492658805847167969e+01
1.276547527313232422e+01 -2.487282371520996094e+01
1.300346565246582031e+01 -2.552834320068359375e+01
1.319263553619384766e+01 -2.543409919738769531e+01
1.321687793731689453e+01 -2.480025291442871094e+01
1.358385753631591797e+01 -2.513976669311523438e+01
1.373627281188964844e+01 -2.470494651794433594e+01
1.419373512268066406e+01 -2.486231231689453125e+01
1.438506221771240234e+01 -2.462804794311523438e+01
1.468372154235839844e+01 -2.451503753662109375e+01
1.492317771911621094e+01 -2.430852890014648438e+01
1.515805149078369141e+01 -2.408558654785156250e+01
1.538647747039794922e+01 -2.385850715637207031e+01
1.555435371398925781e+01 -2.365670204162597656e+01
1.572787094116210938e+01 -2.341575813293457031e+01
1.589419078826904297e+01 -2.315686798095703125e+01
-6.103342175483703613e-01 -2.302133178710937500e+01
1.617628097534179688e+01 -2.262782669067382812e+01
-1.671775436401367188e+01 2.044665527343750000e+01
-1.689802932739257812e+01 2.076339912414550781e+01
-1.700347137451171875e+01 2.101312255859375000e+01
-1.710591316223144531e+01 2.124545288085937500e+01
-1.721715545654296875e+01 2.150844001770019531e+01
-1.732676506042480469e+01 2.176644515991210938e+01
-1.742576026916503906e+01 2.201982307434082031e+01
-1.753174209594726562e+01 2.229624176025390625e+01
-1.765119934082031250e+01 2.257727622985839844e+01
-1.771435356140136719e+01 2.278449249267578125e+01
-1.777377891540527344e+01 2.296214103698730469e+01
-1.785960006713867188e+01 2.319086074829101562e+01
-1.789302825927734375e+01 2.334128379821777344e+01
-1.798303413391113281e+01 2.365235328674316406e+01
-1.807189178466796875e+01 2.389490890502929688e+01
-1.810692977905273438e+01 2.414123535156250000e+01
-1.816932296752929688e+01 2.442234420776367188e+01
-1.808601760864257812e+01 2.467919349670410156e+01
-1.866146469116210938e+01 2.465357398986816406e+01
-1.866327476501464844e+01 2.479238128662109375e+01
-1.870514106750488281e+01 2.493348121643066406e+01
-1.826729965209960938e+01 2.513540267944335938e+01
-1.833693122863769531e+01 2.520456886291503906e+01
-1.855712890625000000e+01 2.537821769714355469e+01
-1.861244583129882812e+01 2.564098167419433594e+01
-1.873648071289062500e+01 2.608090972900390625e+01
-1.885408020019531250e+01 2.657364463806152344e+01
-1.899714851379394531e+01 2.715314102172851562e+01
-1.909367179870605469e+01 2.753892326354980469e+01
-1.917951011657714844e+01 2.785334014892578125e+01
-1.928830146789550781e+01 2.814253044128417969e+01
-1.938321876525878906e+01 2.834982490539550781e+01
-1.942210769653320312e+01 2.846618080139160156e+01
-1.961996269226074219e+01 2.884161186218261719e+01
-1.994336128234863281e+01 2.929788398742675781e+01
-2.020281410217285156e+01 2.964137268066406250e+01
-2.042704010009765625e+01 2.980824089050292969e+01
-2.079096794128417969e+01 3.003973960876464844e+01
-2.113204193115234375e+01 3.022725105285644531e+01
-2.430733680725097656e+01 3.798229598999023438e+01
-2.445239639282226562e+01 3.764346694946289062e+01
-2.478989410400390625e+01 3.735760116577148438e+01
-2.479308128356933594e+01 3.727463531494140625e+01
-2.472357749938964844e+01 3.688492965698242188e+01
-2.476719856262207031e+01 3.684157943725585938e+01
-2.509247970581054688e+01 3.669298553466796875e+01
-2.519450187683105469e+01 3.667343521118164062e+01
-2.526021385192871094e+01 3.632700347900390625e+01
-2.518915748596191406e+01 3.610984420776367188e+01
-2.497388267517089844e+01 3.584595870971679688e+01
-2.460152053833007812e+01 3.544209289550781250e+01
-2.407506561279296875e+01 3.453932189941406250e+01
-2.386245918273925781e+01 3.442882919311523438e+01
-2.362613105773925781e+01 3.407230758666992188e+01
-2.359388160705566406e+01 3.399225234985351562e+01
-2.332666397094726562e+01 3.363274002075195312e+01
-2.287918472290039062e+01 3.327330780029296875e+01
-2.252936744689941406e+01 3.338256835937500000e+01
-2.211946105957031250e+01 3.320626449584960938e+01
-2.203532218933105469e+01 3.339739227294921875e+01
-2.246791839599609375e+01 3.387177658081054688e+01
-2.272314643859863281e+01 3.433843612670898438e+01
-2.286362075805664062e+01 3.453014755249023438e+01
-2.297642707824707031e+01 3.485562896728515625e+01
-2.300320816040039062e+01 3.512802505493164062e+01
-2.249016380310058594e+01 3.494529724121093750e+01
-2.062318992614746094e+01 3.375532150268554688e+01
-2.004539871215820312e+01 3.332270812988281250e+01
-1.994232177734375000e+01 3.349443817138671875e+01
-1.929417419433593750e+01 3.338081741333007812e+01
-1.855330467224121094e+01 3.327650070190429688e+01
-1.836705589294433594e+01 3.293140411376953125e+01
-1.843292236328125000e+01 3.335926818847656250e+01
-1.841244888305664062e+01 3.436989974975585938e+01
-1.897929191589355469e+01 3.518282699584960938e+01
-1.899335098266601562e+01 3.570979690551757812e+01
-1.887473678588867188e+01 3.597855377197265625e+01
-1.867479705810546875e+01 3.570216369628906250e+01
-1.779729652404785156e+01 3.386423873901367188e+01
-1.792980575561523438e+01 3.386326980590820312e+01
-1.831428718566894531e+01 3.397412490844726562e+01
-1.862420463562011719e+01 3.389285659790039062e+01
-1.937679672241210938e+01 3.406291580200195312e+01
-1.911768341064453125e+01 3.395793914794921875e+01
-1.922504425048828125e+01 3.423043060302734375e+01
-1.949924278259277344e+01 3.439757919311523438e+01
-1.959435844421386719e+01 3.420883178710937500e+01
-2.024410247802734375e+01 3.567155456542968750e+01
-2.076483535766601562e+01 3.613618469238281250e+01
-2.090514373779296875e+01 3.647754669189453125e+01
-2.151673126220703125e+01 3.703950119018554688e+01
-2.208757209777832031e+01 3.727512359619140625e+01
-2.216139984130859375e+01 3.709479522705078125e+01
-2.268623924255371094e+01 3.704819869995117188e+01
-2.241086959838867188e+01 3.643637847900390625e+01
-2.246657371520996094e+01 3.631990432739257812e+01
-2.223876380920410156e+01 3.613715362548828125e+01
-2.233556175231933594e+01 3.601639175415039062e+01
-2.200593185424804688e+01 3.588170623779296875e+01
-2.002266883850097656e+01 3.223400878906250000e+01
-1.947983551025390625e+01 3.169367027282714844e+01
-1.922032546997070312e+01 3.143617057800292969e+01
-1.901728630065917969e+01 3.134140205383300781e+01
-1.881504821777343750e+01 3.136431694030761719e+01
-1.870511627197265625e+01 3.177746772766113281e+01
-1.877686500549316406e+01 3.196904945373535156e+01
