2.903489112854003906e+00 5.200242042541503906e+00
2.788656949996948242e+00 5.159661293029785156e+00
2.334606885910034180e+00 4.942518711090087891e+00
1.994192481040954590e+00 4.598869323730468750e+00
1.683448672294616699e+00 4.402112007141113281e+00
1.295616030693054199e+00 3.967291831970214844e+00
1.053834438323974609e+00 3.782461643218994141e+00
6.836701035499572754e-01 3.504776239395141602e+00
5.023921728134155273e-01 3.355236530303955078e+00
6.721244007349014282e-02 3.394101381301879883e+00
-2.451181113719940186e-01 3.611200571060180664e+00
-4.034452736377716064e-01 3.703876018524169922e+00
-7.657057642936706543e-01 3.976115226745605469e+00
-1.078581809997558594e+00 4.258098602294921875e+00
-1.277149558067321777e+00 4.270779132843017578e+00
-1.692602157592773438e+00 4.315415382385253906e+00
-1.937783956527709961e+00 4.294266700744628906e+00
-2.310421466827392578e+00 4.418823242187500000e+00
-2.761736154556274414e+00 4.577511310577392578e+00
-3.243713140487670898e+00 4.705450057983398438e+00
-3.517225027084350586e+00 4.809570789337158203e+00
-3.980822801589965820e+00 4.790541648864746094e+00
-4.298739910125732422e+00 4.901237487792968750e+00
-4.793865680694580078e+00 5.034626007080078125e+00
-5.121803283691406250e+00 4.839847564697265625e+00
-5.503513336181640625e+00 4.694002628326416016e+00
-5.993189334869384766e+00 4.481314182281494141e+00
-6.363494396209716797e+00 4.256637573242187500e+00
-6.772964954376220703e+00 4.184190273284912109e+00
-6.982270240783691406e+00 3.848448514938354492e+00
-7.356312751770019531e+00 3.695168733596801758e+00
-7.402589797973632812e+00 3.645270824432373047e+00
-7.697959423065185547e+00 3.395831108093261719e+00
-7.916988849639892578e+00 3.416775226593017578e+00
6.263103008270263672e+00 2.209867477416992188e+01
6.229196071624755859e+00 2.218440246582031250e+01
6.310087203979492188e+00 2.237222671508789062e+01
6.319576263427734375e+00 2.249087715148925781e+01
6.382532596588134766e+00 2.268193435668945312e+01
6.314458370208740234e+00 2.282498168945312500e+01
6.441848754882812500e+00 2.286514282226562500e+01
6.332192897796630859e+00 2.301610946655273438e+01
6.590184688568115234e+00 2.331214332580566406e+01
6.392981052398681641e+00 2.326399993896484375e+01
6.523643493652343750e+00 2.344339370727539062e+01
6.395446777343750000e+00 2.353866195678710938e+01
6.392661094665527344e+00 2.373702621459960938e+01
6.347463607788085938e+00 2.384917068481445312e+01
6.288046836853027344e+00 2.408918380737304688e+01
6.305191516876220703e+00 2.409027481079101562e+01
6.136047840118408203e+00 2.438265609741210938e+01
6.136668205261230469e+00 2.429114723205566406e+01
6.360886573791503906e+00 2.454685211181640625e+01
6.216865539550781250e+00 2.443916511535644531e+01
5.983428001403808594e+00 2.449502182006835938e+01
5.914819240570068359e+00 2.465823554992675781e+01
5.811893939971923828e+00 2.478979301452636719e+01
5.715716361999511719e+00 2.477145004272460938e+01
5.584166526794433594e+00 2.487208175659179688e+01
5.286526679992675781e+00 2.506886291503906250e+01
5.384329319000244141e+00 2.506940841674804688e+01
5.094915866851806641e+00 2.505162429809570312e+01
5.080076217651367188e+00 2.527929687500000000e+01
4.810841560363769531e+00 2.509008598327636719e+01
4.670421600341796875e+00 2.520465469360351562e+01
4.468476295471191406e+00 2.529004669189453125e+01
4.333296298980712891e+00 2.544125175476074219e+01
4.209537982940673828e+00 2.532155036926269531e+01
4.020063400268554688e+00 2.535581207275390625e+01
3.785867452621459961e+00 2.554658508300781250e+01
3.692197084426879883e+00 2.541048240661621094e+01
3.456639289855957031e+00 2.558533668518066406e+01
3.378596544265747070e+00 2.542013168334960938e+01
3.220388889312744141e+00 2.557946586608886719e+01
2.992608785629272461e+00 2.560418128967285156e+01
2.997982501983642578e+00 2.553947830200195312e+01
2.570298910140991211e+00 2.552106666564941406e+01
2.514456033706665039e+00 2.541920471191406250e+01
2.379372835159301758e+00 2.553226661682128906e+01
2.245123386383056641e+00 2.537474822998046875e+01
2.035468339920043945e+00 2.543434524536132812e+01
1.848092198371887207e+00 2.533982276916503906e+01
1.756756067276000977e+00 2.524106025695800781e+01
1.699883222579956055e+00 2.532752227783203125e+01
1.577327609062194824e+00 2.520768928527832031e+01
1.399466037750244141e+00 2.512622261047363281e+01
1.188672780990600586e+00 2.494272613525390625e+01
1.130942225456237793e+00 2.484715843200683594e+01
1.067709684371948242e+00 2.492584037780761719e+01
9.056527614593505859e-01 2.477609634399414062e+01
6.565797328948974609e-01 2.456394195556640625e+01
7.395178079605102539e-01 2.463721847534179688e+01
6.760157942771911621e-01 2.457806777954101562e+01
5.034075379371643066e-01 2.441806221008300781e+01
4.290960431098937988e-01 2.426394462585449219e+01
2.904400527477264404e-01 2.403795814514160156e+01
2.970505654811859131e-01 2.394184684753417969e+01
-1.487025711685419083e-02 2.421453857421875000e+01
1.553403735160827637e-01 2.418991470336914062e+01
-5.198948085308074951e-02 2.420149993896484375e+01
-1.783899068832397461e-01 2.395995712280273438e+01
-2.911170721054077148e-01 2.394283294677734375e+01
-1.101062819361686707e-01 2.372224235534667969e+01
-1.027670502662658691e-01 2.395494079589843750e+01
1.068073362112045288e-01 2.366577148437500000e+01
4.659638274461030960e-03 2.354522323608398438e+01
-5.584324151277542114e-02 2.339331436157226562e+01
8.270712941884994507e-02 2.330967330932617188e+01
2.441738396883010864e-01 2.282910537719726562e+01
4.145448207855224609e-01 2.256322097778320312e+01
3.842532634735107422e-01 2.242744445800781250e+01
3.929933905601501465e-01 2.219666481018066406e+01
4.717178046703338623e-01 2.182945823669433594e+01
4.574313759803771973e-01 2.215922927856445312e+01
5.388486385345458984e-01 2.196331024169921875e+01
7.596135735511779785e-01 2.174058532714843750e+01
9.611851572990417480e-01 2.157360839843750000e+01
9.761743545532226562e-01 2.158012771606445312e+01
1.046875000000000000e+00 2.144399833679199219e+01
1.110946297645568848e+00 2.128005027770996094e+01
1.080520153045654297e+00 2.115483856201171875e+01
7.969094514846801758e-01 2.120016860961914062e+01
5.642699003219604492e-01 2.112198829650878906e+01
5.261729955673217773e-01 2.088194847106933594e+01
2.672154605388641357e-01 2.103221511840820312e+01
2.149712108075618744e-02 2.084100341796875000e+01
-1.580343097448348999e-01 2.085044479370117188e+01
-1.553140878677368164e-01 2.045178413391113281e+01
-3.614137470722198486e-01 2.055896377563476562e+01
-2.918017208576202393e-01 2.051364707946777344e+01
-3.143128454685211182e-01 2.044489288330078125e+01
-2.626042068004608154e-01 2.040682411193847656e+01
-2.461524009704589844e-01 2.029255294799804688e+01
-8.416069298982620239e-02 2.002818298339843750e+01
4.508754909038543701e-01 1.982655715942382812e+01
8.319681882858276367e-02 2.001589965820312500e+01
2.496128082275390625e-01 1.975118255615234375e+01
5.173817873001098633e-01 1.997726821899414062e+01
1.717643737792968750e-01 2.018553543090820312e+01
1.713601797819137573e-01 2.062358474731445312e+01
1.057779118418693542e-01 2.042096328735351562e+01
3.282015323638916016e-01 2.042049598693847656e+01
3.586480319499969482e-01 2.047313308715820312e+01
5.019357204437255859e-01 2.056552886962890625e+01
5.974526405334472656e-01 2.009564781188964844e+01
6.768691539764404297e-01 1.982513999938964844e+01
8.812692165374755859e-01 1.961390686035156250e+01
9.566347002983093262e-01 1.949845123291015625e+01
7.736566066741943359e-01 1.943935775756835938e+01
1.006218910217285156e+00 1.950668334960937500e+01
1.033635139465332031e+00 1.957119750976562500e+01
1.218981385231018066e+00 1.972327804565429688e+01
1.336715936660766602e+00 1.998798370361328125e+01
1.587088584899902344e+00 1.997832107543945312e+01
1.387526869773864746e+00 2.003503417968750000e+01
1.350820660591125488e+00 2.013349533081054688e+01
1.346403956413269043e+00 2.016639137268066406e+01
1.180726766586303711e+00 2.011703872680664062e+01
1.112978458404541016e+00 2.013209342956542969e+01
1.272837162017822266e+00 2.025364685058593750e+01
2.996333837509155273e+00 5.131418228149414062e+00
2.891414880752563477e+00 5.024047374725341797e+00
2.498199939727783203e+00 4.610520839691162109e+00
2.126584529876708984e+00 4.546800613403320312e+00
1.715068936347961426e+00 4.136677742004394531e+00
1.324301242828369141e+00 4.182781696319580078e+00
1.049564003944396973e+00 4.028932094573974609e+00
7.225419282913208008e-01 3.656697750091552734e+00
4.056533873081207275e-01 3.450860977172851562e+00
1.335549652576446533e-01 3.223339557647705078e+00
-2.094161361455917358e-01 3.570644378662109375e+00
-5.674313306808471680e-01 3.840277910232543945e+00
-7.940093278884887695e-01 4.008063793182373047e+00
-1.146140336990356445e+00 4.229678630828857422e+00
-1.407718896865844727e+00 4.107583522796630859e+00
-1.786325931549072266e+00 4.383529186248779297e+00
-2.048475980758666992e+00 4.399533271789550781e+00
-2.489786148071289062e+00 4.539624214172363281e+00
-2.797498226165771484e+00 4.583858013153076172e+00
-3.263599395751953125e+00 4.928544044494628906e+00
-3.594639301300048828e+00 4.970118999481201172e+00
-4.020723819732666016e+00 4.953811645507812500e+00
-4.548724651336669922e+00 5.109108924865722656e+00
-5.044451713562011719e+00 4.951712608337402344e+00
-5.355443000793457031e+00 4.825509548187255859e+00
-5.707279682159423828e+00 4.619314193725585938e+00
-6.037313938140869141e+00 4.450715065002441406e+00
-6.349480152130126953e+00 4.177739143371582031e+00
-6.621330261230468750e+00 4.057112693786621094e+00
-6.860551834106445312e+00 3.823433637619018555e+00
-7.095438003540039062e+00 3.675119400024414062e+00
-7.397777557373046875e+00 3.414651632308959961e+00
-7.590968132019042969e+00 3.119923591613769531e+00
-7.755071163177490234e+00 2.870693445205688477e+00
-7.843870639801025391e+00 2.707708358764648438e+00
-8.064155578613281250e+00 2.454527139663696289e+00
-8.245413780212402344e+00 2.184457540512084961e+00
-8.223961830139160156e+00 1.997467279434204102e+00
-8.456182479858398438e+00 1.826719164848327637e+00
-8.676351547241210938e+00 1.692797660827636719e+00
-8.723622322082519531e+00 1.433508276939392090e+00
-8.947940826416015625e+00 1.108719110488891602e+00
-9.041325569152832031e+00 9.264360666275024414e-01
-9.260655403137207031e+00 5.535978078842163086e-01
-9.433210372924804688e+00 3.314164876937866211e-01
-9.588227272033691406e+00 -6.104566529393196106e-02
-9.894985198974609375e+00 -5.335180759429931641e-01
-1.004544734954833984e+01 -7.561761736869812012e-01
-1.027527141571044922e+01 -1.036541581153869629e+00
-1.067877483367919922e+01 -1.499155998229980469e+00
-1.094159889221191406e+01 -1.761080265045166016e+00
-1.118263721466064453e+01 -2.086793899536132812e+00
-1.155386638641357422e+01 -2.494525194168090820e+00
-1.189421272277832031e+01 -2.859122037887573242e+00
-1.219305419921875000e+01 -3.172580242156982422e+00
-1.255128383636474609e+01 -3.539824008941650391e+00
-1.275284767150878906e+01 -3.746215820312500000e+00
-1.312023544311523438e+01 -4.120734214782714844e+00
-1.333862876892089844e+01 -4.339428901672363281e+00
-1.363670539855957031e+01 -4.629669666290283203e+00
-1.383909702301025391e+01 -4.798685073852539062e+00
-1.408778667449951172e+01 -5.002858638763427734e+00
-1.440899372100830078e+01 -5.175221443176269531e+00
-1.474136543273925781e+01 -5.398838996887207031e+00
-1.489007949829101562e+01 -5.453447818756103516e+00
-1.515208244323730469e+01 -5.577771663665771484e+00
-1.535959815979003906e+01 -5.639755249023437500e+00
-1.555942821502685547e+01 -5.667830467224121094e+00
-1.575755691528320312e+01 -5.616018295288085938e+00
-1.599977684020996094e+01 -5.498899936676025391e+00
-1.626638031005859375e+01 -5.419150352478027344e+00
-1.646163940429687500e+01 -5.281208515167236328e+00
-1.666598510742187500e+01 -5.247967720031738281e+00
-1.680672645568847656e+01 -5.164021015167236328e+00
-1.703656005859375000e+01 -5.051489830017089844e+00
-1.725056076049804688e+01 -5.012425899505615234e+00
-1.732753372192382812e+01 -4.815421104431152344e+00
-1.743189620971679688e+01 -4.894340991973876953e+00
-1.758786201477050781e+01 -4.747267246246337891e+00
-1.777457809448242188e+01 -4.905191898345947266e+00
-1.800999641418457031e+01 -4.687041759490966797e+00
-1.797437095642089844e+01 -4.617634773254394531e+00
-1.815973663330078125e+01 -4.641783237457275391e+00
-1.832748985290527344e+01 -4.600773334503173828e+00
-1.844263458251953125e+01 -4.537380218505859375e+00
-1.861259269714355469e+01 -4.530489921569824219e+00
-1.876319885253906250e+01 -4.499583244323730469e+00
-1.907461357116699219e+01 -4.434107780456542969e+00
-1.926779556274414062e+01 -4.466892719268798828e+00
-1.954162597656250000e+01 -4.416466236114501953e+00
-1.965394592285156250e+01 -4.359320640563964844e+00
-1.976218986511230469e+01 -4.441505908966064453e+00
-1.995566177368164062e+01 -4.465778350830078125e+00
-2.001402854919433594e+01 -4.380373954772949219e+00
-2.020531082153320312e+01 -4.341763973236083984e+00
-2.046710014343261719e+01 -4.544650077819824219e+00
-2.032304954528808594e+01 -4.679001331329345703e+00
-2.030926513671875000e+01 -4.875874519348144531e+00
-2.070589447021484375e+01 -4.777091503143310547e+00
-2.063180732727050781e+01 -4.821631908416748047e+00
-2.082622909545898438e+01 -4.943541049957275391e+00
-2.097165870666503906e+01 -5.105455875396728516e+00
-2.104816436767578125e+01 -5.173861026763916016e+00
-2.112623023986816406e+01 -5.266601085662841797e+00
-2.121676445007324219e+01 -5.411817073822021484e+00
-2.142728042602539062e+01 -5.624456405639648438e+00
-2.147118949890136719e+01 -5.701617717742919922e+00
-2.168109512329101562e+01 -5.969748020172119141e+00
-2.160449981689453125e+01 -6.096786975860595703e+00
-2.170099449157714844e+01 -5.955738544464111328e+00
-2.183631515502929688e+01 -6.248819351196289062e+00
-2.170961189270019531e+01 -6.314613819122314453e+00
-2.175008583068847656e+01 -6.447241306304931641e+00
-2.173646354675292969e+01 -6.662198066711425781e+00
-2.179149436950683594e+01 -6.766797065734863281e+00
-2.175167465209960938e+01 -7.083662986755371094e+00
-2.188789367675781250e+01 -7.178093433380126953e+00
-2.175261688232421875e+01 -7.309096336364746094e+00
-2.187904548645019531e+01 -7.547355175018310547e+00
-2.162969207763671875e+01 -7.648945331573486328e+00
-2.175237274169921875e+01 -7.845916271209716797e+00
-2.159519767761230469e+01 -7.900390625000000000e+00
-2.164933776855468750e+01 -8.018933296203613281e+00
-2.155023956298828125e+01 -8.160859107971191406e+00
-2.144362640380859375e+01 -8.429213523864746094e+00
-2.146466636657714844e+01 -8.575735092163085938e+00
-2.134414863586425781e+01 -8.716550827026367188e+00
-2.132468414306640625e+01 -8.993618965148925781e+00
-2.114319992065429688e+01 -9.031843185424804688e+00
-2.113615798950195312e+01 -9.011626243591308594e+00
-2.115084457397460938e+01 -9.295062065124511719e+00
-2.121200561523437500e+01 -9.555500030517578125e+00
-2.130944633483886719e+01 -9.654974937438964844e+00
-2.126506996154785156e+01 -9.610585212707519531e+00
-2.112128257751464844e+01 -9.943230628967285156e+00
-2.115892028808593750e+01 -9.957918167114257812e+00
-2.122532272338867188e+01 -9.879193305969238281e+00
-2.100713729858398438e+01 -1.015020465850830078e+01
-2.103857994079589844e+01 -1.036523056030273438e+01
-2.090580177307128906e+01 -1.045945453643798828e+01
-2.070946311950683594e+01 -1.071083545684814453e+01
-2.068868255615234375e+01 -1.092579650878906250e+01
-2.051026535034179688e+01 -1.084429645538330078e+01
-2.069822311401367188e+01 -1.106900215148925781e+01
-2.055736923217773438e+01 -1.127873611450195312e+01
-2.073676109313964844e+01 -1.137809085845947266e+01
-2.078799057006835938e+01 -1.151222991943359375e+01
-2.095067977905273438e+01 -1.151352596282958984e+01
-2.107599067687988281e+01 -1.154524803161621094e+01
-2.104470062255859375e+01 -1.121625328063964844e+01
-2.100353240966796875e+01 -1.108677005767822266e+01
-2.090772819519042969e+01 -1.154732704162597656e+01
-2.109823989868164062e+01 -1.130583190917968750e+01
-2.092797851562500000e+01 -1.104811668395996094e+01
-2.138291549682617188e+01 -1.104370021820068359e+01
-2.123536872863769531e+01 -1.117714691162109375e+01
-2.137463951110839844e+01 -1.106998157501220703e+01
-2.142435836791992188e+01 -1.086386394500732422e+01
-2.138986206054687500e+01 -1.058948516845703125e+01
-2.136038589477539062e+01 -1.044984531402587891e+01
2.914218902587890625e+00 5.450621604919433594e+00
2.818958520889282227e+00 4.881549358367919922e+00
2.450992584228515625e+00 4.959955692291259766e+00
2.244103670120239258e+00 4.370889186859130859e+00
1.675988316535949707e+00 4.334964752197265625e+00
1.424436092376708984e+00 3.972968578338623047e+00
1.044782757759094238e+00 3.953710556030273438e+00
1.059607148170471191e+00 3.575414419174194336e+00
9.611672759056091309e-01 3.184955596923828125e+00
7.029319405555725098e-01 2.805977582931518555e+00
6.053590178489685059e-01 2.529103040695190430e+00
5.297205448150634766e-01 2.205854177474975586e+00
4.945492446422576904e-01 2.003083705902099609e+00
4.636380672454833984e-01 1.773365736007690430e+00
4.289051592350006104e-01 1.620213389396667480e+00
1.253901124000549316e-01 1.770157575607299805e+00
-1.211507469415664673e-01 1.789338588714599609e+00
-3.529473543167114258e-01 1.878290772438049316e+00
-5.291768908500671387e-01 1.970127105712890625e+00
-7.890635728836059570e-01 2.160236120223999023e+00
-9.633119702339172363e-01 2.260215997695922852e+00
-1.222875833511352539e+00 2.456384420394897461e+00
-1.329581737518310547e+00 2.519628763198852539e+00
-1.530527710914611816e+00 2.733020782470703125e+00
-1.673650383949279785e+00 2.815501451492309570e+00
-1.848333001136779785e+00 2.950666666030883789e+00
-1.922483086585998535e+00 3.038444519042968750e+00
-2.048083305358886719e+00 3.145523786544799805e+00
-2.214606285095214844e+00 3.354004621505737305e+00
-2.383174419403076172e+00 3.475326538085937500e+00
-2.526921749114990234e+00 3.670065641403198242e+00
-2.778009891510009766e+00 3.792497873306274414e+00
-2.991356372833251953e+00 3.986495018005371094e+00
-3.323117971420288086e+00 4.196033477783203125e+00
-3.532141208648681641e+00 4.183933734893798828e+00
-3.779377222061157227e+00 4.372027397155761719e+00
-4.188588142395019531e+00 4.482151031494140625e+00
-4.482070922851562500e+00 4.521993637084960938e+00
-4.818841934204101562e+00 4.491077423095703125e+00
-5.097160816192626953e+00 4.384797096252441406e+00
-5.477677345275878906e+00 4.205958843231201172e+00
-5.751327037811279297e+00 4.174540042877197266e+00
-6.026931285858154297e+00 4.015003204345703125e+00
-6.363296508789062500e+00 3.646888971328735352e+00
-6.636718750000000000e+00 3.490113973617553711e+00
-6.915112495422363281e+00 3.390048503875732422e+00
-7.144342422485351562e+00 3.162408113479614258e+00
-7.447395324707031250e+00 2.835384607315063477e+00
-7.697393894195556641e+00 2.567166328430175781e+00
-7.925527572631835938e+00 2.390201568603515625e+00
-8.107972145080566406e+00 2.190881013870239258e+00
-8.388316154479980469e+00 1.970400094985961914e+00
-8.415239334106445312e+00 1.865025281906127930e+00
-8.611376762390136719e+00 1.634540081024169922e+00
-8.711774826049804688e+00 1.520155668258666992e+00
-8.787773132324218750e+00 1.341796517372131348e+00
-9.026782035827636719e+00 1.105456709861755371e+00
-9.090087890625000000e+00 8.362725973129272461e-01
-9.281193733215332031e+00 5.368128418922424316e-01
-9.394309997558593750e+00 2.638746201992034912e-01
-9.614736557006835938e+00 -9.379880875349044800e-02
-9.775156974792480469e+00 -3.496220707893371582e-01
-1.012422275543212891e+01 -8.206269145011901855e-01
-1.038108921051025391e+01 -1.144002795219421387e+00
-1.068179321289062500e+01 -1.506747007369995117e+00
-1.089265155792236328e+01 -1.815523147583007812e+00
-1.124666309356689453e+01 -2.154771566390991211e+00
-1.158198451995849609e+01 -2.523879766464233398e+00
-1.185012626647949219e+01 -2.814846515655517578e+00
-1.215142822265625000e+01 -3.128591299057006836e+00
-1.245151901245117188e+01 -3.451186656951904297e+00
-1.281937503814697266e+01 -3.816038370132446289e+00
-1.307582283020019531e+01 -4.080418109893798828e+00
-1.329831218719482422e+01 -4.312000274658203125e+00
-1.358381557464599609e+01 -4.607062339782714844e+00
-1.377862167358398438e+01 -4.814617633819580078e+00
-1.400017356872558594e+01 -5.080721378326416016e+00
-1.420398902893066406e+01 -5.314714908599853516e+00
-1.433027076721191406e+01 -5.508088588714599609e+00
-1.453457260131835938e+01 -5.690698623657226562e+00
-1.469093418121337891e+01 -5.923246860504150391e+00
-1.477657985687255859e+01 -6.274954795837402344e+00
-1.489389324188232422e+01 -6.390323638916015625e+00
-1.496690177917480469e+01 -6.874374389648437500e+00
-1.498072719573974609e+01 -7.092562198638916016e+00
-1.490728473663330078e+01 -7.402669429779052734e+00
-1.492712879180908203e+01 -7.736843585968017578e+00
-1.488951301574707031e+01 -8.039013862609863281e+00
-1.487939167022705078e+01 -8.269805908203125000e+00
-1.485066127777099609e+01 -8.581554412841796875e+00
-1.491883468627929688e+01 -8.741735458374023438e+00
-1.486924552917480469e+01 -8.923362731933593750e+00
-1.479361438751220703e+01 -9.157181739807128906e+00
-1.488541030883789062e+01 -9.381194114685058594e+00
-1.494703865051269531e+01 -9.595920562744140625e+00
-1.493292427062988281e+01 -9.872985839843750000e+00
-1.487244415283203125e+01 -1.005859088897705078e+01
-1.500041389465332031e+01 -1.017866897583007812e+01
-1.508547592163085938e+01 -1.036114120483398438e+01
-1.505329132080078125e+01 -1.054317474365234375e+01
-1.517743968963623047e+01 -1.074920272827148438e+01
-1.508180713653564453e+01 -1.087622737884521484e+01
-1.514853668212890625e+01 -1.113280200958251953e+01
-1.531212711334228516e+01 -1.128574085235595703e+01
-1.515737915039062500e+01 -1.149576187133789062e+01
-1.527392578125000000e+01 -1.158504867553710938e+01
-1.536246490478515625e+01 -1.173960399627685547e+01
-1.534306621551513672e+01 -1.189370822906494141e+01
-1.550622558593750000e+01 -1.217607593536376953e+01
-1.565171241760253906e+01 -1.242656707763671875e+01
-1.568632221221923828e+01 -1.254825687408447266e+01
-1.583808517456054688e+01 -1.283423137664794922e+01
-1.575837421417236328e+01 -1.291430950164794922e+01
-1.601345443725585938e+01 -1.314740180969238281e+01
-1.594141197204589844e+01 -1.324927616119384766e+01
-1.600263977050781250e+01 -1.345117282867431641e+01
-1.610165596008300781e+01 -1.369008541107177734e+01
-1.619230461120605469e+01 -1.379053974151611328e+01
-1.619736480712890625e+01 -1.400768184661865234e+01
-1.625120353698730469e+01 -1.403688716888427734e+01
-1.638802528381347656e+01 -1.432936096191406250e+01
-1.648763275146484375e+01 -1.432046699523925781e+01
-1.628812599182128906e+01 -1.461759281158447266e+01
-1.651825714111328125e+01 -1.456934261322021484e+01
-1.657681846618652344e+01 -1.479651355743408203e+01
-1.666946029663085938e+01 -1.496378612518310547e+01
-1.676283073425292969e+01 -1.509478092193603516e+01
-1.688664245605468750e+01 -1.527474784851074219e+01
-1.698713302612304688e+01 -1.546833419799804688e+01
-1.702551269531250000e+01 -1.569444274902343750e+01
-1.714644622802734375e+01 -1.576910686492919922e+01
-1.714812088012695312e+01 -1.581520366668701172e+01
-1.733909225463867188e+01 -1.597480869293212891e+01
-1.745409774780273438e+01 -1.615778160095214844e+01
-1.744649124145507812e+01 -1.631973648071289062e+01
-1.760139846801757812e+01 -1.633591461181640625e+01
-1.760511779785156250e+01 -1.620366668701171875e+01
-1.780222702026367188e+01 -1.651062202453613281e+01
-1.772316932678222656e+01 -1.650319099426269531e+01
-1.788270378112792969e+01 -1.670230484008789062e+01
-1.805027008056640625e+01 -1.690932846069335938e+01
-1.799883842468261719e+01 -1.696712493896484375e+01
-1.813103485107421875e+01 -1.713733291625976562e+01
-1.826288986206054688e+01 -1.728398513793945312e+01
-1.825662422180175781e+01 -1.740485763549804688e+01
-1.826831245422363281e+01 -1.731737518310546875e+01
-1.840436363220214844e+01 -1.753776931762695312e+01
-1.840758705139160156e+01 -1.764995384216308594e+01
-1.849322891235351562e+01 -1.782235908508300781e+01
-1.858888053894042969e+01 -1.803579521179199219e+01
-1.865585708618164062e+01 -1.796865844726562500e+01
-1.862599182128906250e+01 -1.810338211059570312e+01
-1.884446144104003906e+01 -1.820195960998535156e+01
-1.887299346923828125e+01 -1.826078987121582031e+01
-1.903734397888183594e+01 -1.830445671081542969e+01
-1.920956993103027344e+01 -1.838775444030761719e+01
-1.892217254638671875e+01 -1.848940658569335938e+01
-1.905852508544921875e+01 -1.837531280517578125e+01
-1.910337257385253906e+01 -1.805602073669433594e+01
-1.889416694641113281e+01 -1.813055610656738281e+01
3.069503307342529297e+00 5.254868984222412109e+00
2.784300088882446289e+00 4.981815338134765625e+00
2.568561077117919922e+00 4.663148880004882812e+00
2.058322668075561523e+00 4.511541843414306641e+00
1.799650907516479492e+00 4.241237163543701172e+00
1.391343474388122559e+00 4.016683101654052734e+00
1.028153777122497559e+00 3.654584884643554688e+00
1.232360005378723145e+00 3.321176767349243164e+00
9.710420966148376465e-01 2.955072879791259766e+00
9.057812094688415527e-01 2.511746644973754883e+00
8.875532150268554688e-01 2.242008924484252930e+00
8.768140673637390137e-01 1.913294076919555664e+00
1.112487196922302246e+00 1.561020731925964355e+00
1.102074980735778809e+00 1.413096308708190918e+00
1.354732275009155273e+00 1.185463786125183105e+00
1.736349225044250488e+00 8.874253630638122559e-01
2.153248310089111328e+00 5.888008475303649902e-01
2.540273427963256836e+00 3.060695528984069824e-01
2.720378160476684570e+00 1.820288300514221191e-01
2.840805530548095703e+00 1.174263358116149902e-01
3.085371494293212891e+00 -5.853174999356269836e-02
3.291195392608642578e+00 -2.272732704877853394e-01
3.468994140625000000e+00 -3.902077674865722656e-01
3.343922615051269531e+00 -2.352014034986495972e-01
3.728507280349731445e+00 -3.493157029151916504e-01
3.493068456649780273e+00 -4.115597307682037354e-01
3.598440647125244141e+00 -4.697510600090026855e-01
3.722961425781250000e+00 -5.966150164604187012e-01
4.096764564514160156e+00 -7.126872539520263672e-01
4.024568080902099609e+00 -9.385151267051696777e-01
4.098953723907470703e+00 -1.015540719032287598e+00
4.185928821563720703e+00 -1.155348420143127441e+00
4.348759174346923828e+00 -1.314757704734802246e+00
4.345112323760986328e+00 -1.504215836524963379e+00
4.576540946960449219e+00 -1.618500351905822754e+00
4.530993938446044922e+00 -1.542014718055725098e+00
4.723081111907958984e+00 -1.689685225486755371e+00
4.798830986022949219e+00 -1.867914915084838867e+00
4.857033729553222656e+00 -2.025694847106933594e+00
4.685599327087402344e+00 -2.126778602600097656e+00
4.757933616638183594e+00 -2.110927104949951172e+00
4.857700824737548828e+00 -2.311627388000488281e+00
5.080249786376953125e+00 -2.282565116882324219e+00
4.902032375335693359e+00 -2.634562015533447266e+00
5.060825347900390625e+00 -2.599257469177246094e+00
5.044598579406738281e+00 -2.872458934783935547e+00
4.934044361114501953e+00 -2.864808559417724609e+00
4.993257999420166016e+00 -3.111271381378173828e+00
4.970207214355468750e+00 -3.324394226074218750e+00
4.994181632995605469e+00 -3.487525939941406250e+00
5.028704643249511719e+00 -3.597070217132568359e+00
4.992115974426269531e+00 -3.883399009704589844e+00
4.877561569213867188e+00 -4.176528930664062500e+00
4.876467704772949219e+00 -4.354184150695800781e+00
4.773119449615478516e+00 -4.604393482208251953e+00
4.681098937988281250e+00 -4.839829444885253906e+00
4.680965900421142578e+00 -4.847419261932373047e+00
4.568455219268798828e+00 -5.084137916564941406e+00
4.384785175323486328e+00 -5.148178577423095703e+00
4.315997600555419922e+00 -5.265630245208740234e+00
4.184226036071777344e+00 -5.177402019500732422e+00
4.088656902313232422e+00 -5.462896823883056641e+00
3.806057453155517578e+00 -5.579052925109863281e+00
3.812558650970458984e+00 -5.401772022247314453e+00
3.811751365661621094e+00 -5.520698547363281250e+00
3.528939008712768555e+00 -5.470980644226074219e+00
3.500340700149536133e+00 -5.633386135101318359e+00
3.453885555267333984e+00 -5.655549526214599609e+00
3.195119857788085938e+00 -5.733019828796386719e+00
3.183813095092773438e+00 -5.598594188690185547e+00
3.019290208816528320e+00 -5.684201240539550781e+00
2.902499675750732422e+00 -5.502556324005126953e+00
2.727490901947021484e+00 -5.793358802795410156e+00
2.660904169082641602e+00 -5.715070724487304688e+00
2.745004653930664062e+00 -5.409110546112060547e+00
2.716813325881958008e+00 -5.439736366271972656e+00
2.601756095886230469e+00 -5.433672904968261719e+00
2.433733463287353516e+00 -5.459766387939453125e+00
2.307051420211791992e+00 -5.203661918640136719e+00
2.286215543746948242e+00 -5.059509754180908203e+00
1.946200013160705566e+00 -4.684196472167968750e+00
1.839503049850463867e+00 -4.519176006317138672e+00
1.728924274444580078e+00 -4.422250747680664062e+00
1.569748044013977051e+00 -4.183669567108154297e+00
1.622038602828979492e+00 -4.223708152770996094e+00
1.503935337066650391e+00 -3.922983646392822266e+00
1.387311220169067383e+00 -4.042740345001220703e+00
1.238615632057189941e+00 -4.155776977539062500e+00
9.295949339866638184e-01 -3.964409351348876953e+00
7.525904178619384766e-01 -3.993941068649291992e+00
6.685209274291992188e-01 -3.884379863739013672e+00
4.550570547580718994e-01 -4.049310684204101562e+00
1.022835671901702881e-01 -4.271625518798828125e+00
-1.161767542362213135e-01 -4.309543609619140625e+00
-3.241935372352600098e-01 -4.534883499145507812e+00
-3.638221621513366699e-01 -4.664292812347412109e+00
-4.138000607490539551e-01 -4.666101455688476562e+00
-6.485293507575988770e-01 -4.875837326049804688e+00
-5.623190402984619141e-01 -4.842687606811523438e+00
-7.553360462188720703e-01 -5.074680328369140625e+00
-8.914295434951782227e-01 -5.006448268890380859e+00
-8.547784090042114258e-01 -4.789339065551757812e+00
-8.565912246704101562e-01 -4.718609809875488281e+00
-1.103589653968811035e+00 -4.848841190338134766e+00
-1.209016561508178711e+00 -4.487858295440673828e+00
-1.553677082061767578e+00 -4.278916835784912109e+00
-1.662406682968139648e+00 -3.946201324462890625e+00
-1.747062563896179199e+00 -4.022150516510009766e+00
-1.826731085777282715e+00 -3.878024816513061523e+00
-1.768382310867309570e+00 -3.601634025573730469e+00
-1.300123214721679688e+00 -3.946679830551147461e+00
-1.447257518768310547e+00 -4.095131874084472656e+00
-1.166387915611267090e+00 -3.762189388275146484e+00
-1.015639185905456543e+00 -3.850990533828735352e+00
-1.266469478607177734e+00 -3.678991079330444336e+00
-1.448717355728149414e+00 -3.702625274658203125e+00
-1.520743966102600098e+00 -3.486224174499511719e+00
-1.705254793167114258e+00 -3.537892341613769531e+00
-1.559795856475830078e+00 -3.320544481277465820e+00
-1.292514443397521973e+00 -3.361944675445556641e+00
-3.500892221927642822e-01 -2.927115917205810547e+00
-3.804661333560943604e-02 -2.794770002365112305e+00
-3.303045034408569336e-02 -2.701024293899536133e+00
8.864131569862365723e-02 -2.731423616409301758e+00
5.558695793151855469e-01 -2.428639888763427734e+00
7.079844474792480469e-01 -2.516263484954833984e+00
4.093209207057952881e-01 -2.320996999740600586e+00
2.159794569015502930e-01 -2.580018043518066406e+00
-2.701434791088104248e-01 -2.501110792160034180e+00
-5.472553968429565430e-01 -2.138581991195678711e+00
-5.393460988998413086e-01 -2.381791830062866211e+00
-2.401346117258071899e-01 -2.134257078170776367e+00
5.172701478004455566e-01 -2.204774618148803711e+00
5.055636763572692871e-01 -2.141655206680297852e+00
3.918521106243133545e-01 -2.117664098739624023e+00
2.654137611389160156e-01 -2.298615217208862305e+00
1.195847019553184509e-01 -2.459592103958129883e+00
5.096009746193885803e-02 -2.176786184310913086e+00
1.319368779659271240e-01 -1.997470855712890625e+00
-1.302075386047363281e-01 -2.187445640563964844e+00
-1.383330374956130981e-01 -2.344047069549560547e+00
-6.359637975692749023e-01 -2.235153198242187500e+00
-9.001336097717285156e-01 -2.598238468170166016e+00
-9.516466259956359863e-01 -2.468521833419799805e+00
-1.245849967002868652e+00 -2.664126873016357422e+00
-1.389136791229248047e+00 -2.819681644439697266e+00
-1.224175810813903809e+00 -2.878876924514770508e+00
-1.212733864784240723e+00 -3.207256078720092773e+00
-1.008474588394165039e+00 -3.332100391387939453e+00
-1.099805355072021484e+00 -3.055682182312011719e+00
-1.052011489868164062e+00 -3.179446697235107422e+00
-7.886449694633483887e-01 -3.301645994186401367e+00
-5.245687961578369141e-01 -3.349976062774658203e+00
1.131795048713684082e-01 -3.157116413116455078e+00
4.944616258144378662e-01 -3.158240318298339844e+00
6.859616637229919434e-01 -3.313074350357055664e+00
7.393784523010253906e-01 -3.209239959716796875e+00
7.859373688697814941e-01 -3.099189519882202148e+00
8.351687192916870117e-01 -2.941871166229248047e+00
5.136443376541137695e-01 -2.870455026626586914e+00
