4.537427425384521484e+00 6.288877129554748535e-02 6.447197914123535156e+00
4.478036880493164062e+00 2.650642991065979004e-01 6.940103054046630859e+00
4.245903968811035156e+00 4.242566227912902832e-01 6.960948467254638672e+00
3.893390417098999023e+00 7.600329518318176270e-01 6.948941230773925781e+00
3.443832397460937500e+00 9.541999101638793945e-01 6.586517810821533203e+00
3.076712131500244141e+00 1.229840517044067383e+00 6.425308704376220703e+00
2.974464654922485352e+00 1.381112575531005859e+00 6.348583698272705078e+00
2.629894018173217773e+00 1.716869115829467773e+00 6.197781085968017578e+00
2.213036060333251953e+00 1.957110285758972168e+00 6.053759574890136719e+00
1.791361331939697266e+00 2.234240055084228516e+00 6.175406455993652344e+00
1.541724681854248047e+00 2.328426361083984375e+00 6.237155437469482422e+00
1.225760936737060547e+00 2.390734910964965820e+00 6.373125553131103516e+00
9.603320956230163574e-01 2.380810022354125977e+00 6.532407283782958984e+00
6.845634579658508301e-01 2.260407686233520508e+00 6.633096218109130859e+00
3.780805766582489014e-01 2.333647489547729492e+00 6.519252300262451172e+00
5.352900549769401550e-02 2.367421150207519531e+00 6.485072612762451172e+00
-2.724455893039703369e-01 2.211818456649780273e+00 6.310142040252685547e+00
-5.054339766502380371e-01 2.039891958236694336e+00 6.198466300964355469e+00
-8.096045851707458496e-01 1.763981938362121582e+00 5.949103832244873047e+00
-9.442653059959411621e-01 1.456857800483703613e+00 5.718141078948974609e+00
-1.016265869140625000e+00 1.125808477401733398e+00 5.747104644775390625e+00
-1.003230094909667969e+00 9.432156682014465332e-01 5.692943096160888672e+00
-9.270209670066833496e-01 4.493902325630187988e-01 5.357745170593261719e+00
-8.101458549499511719e-01 1.318763494491577148e-01 5.140039920806884766e+00
-5.456757545471191406e-01 -3.037294149398803711e-01 5.140118122100830078e+00
-2.173263281583786011e-01 -5.001779794692993164e-01 4.839736938476562500e+00
-2.667314931750297546e-02 -7.101755738258361816e-01 4.710245132446289062e+00
3.292956948280334473e-01 -8.845370411872863770e-01 4.708936691284179688e+00
7.034772038459777832e-01 -1.117781758308410645e+00 4.625244140625000000e+00
9.665244221687316895e-01 -1.272571802139282227e+00 4.452455043792724609e+00
1.229201316833496094e+00 -1.381027698516845703e+00 4.161579132080078125e+00
1.320684194564819336e+00 -1.587124824523925781e+00 4.160045623779296875e+00
1.501859307289123535e+00 -1.620514631271362305e+00 3.935178995132446289e+00
1.621861457824707031e+00 -1.418447852134704590e+00 3.895327091217041016e+00
1.833650827407836914e+00 -1.513496041297912598e+00 3.905336856842041016e+00
1.220910263061523438e+01 9.999571800231933594e+00 7.730863571166992188e+00
1.247510337829589844e+01 1.025735092163085938e+01 7.906040191650390625e+00
1.243176460266113281e+01 1.019628620147705078e+01 7.986992835998535156e+00
1.267245197296142578e+01 1.043683624267578125e+01 7.869977951049804688e+00
1.272964954376220703e+01 1.050892066955566406e+01 8.068615913391113281e+00
1.290106105804443359e+01 1.063455295562744141e+01 7.969768524169921875e+00
1.299836254119873047e+01 1.050700569152832031e+01 8.080911636352539062e+00
1.313604259490966797e+01 1.060075092315673828e+01 8.133017539978027344e+00
1.331467437744140625e+01 1.068214607238769531e+01 8.139357566833496094e+00
1.336469459533691406e+01 1.072060298919677734e+01 8.181591987609863281e+00
1.349960803985595703e+01 1.069723987579345703e+01 8.149993896484375000e+00
1.363474750518798828e+01 1.082332324981689453e+01 8.251230239868164062e+00
1.374163055419921875e+01 1.091752624511718750e+01 8.357961654663085938e+00
1.397411537170410156e+01 1.098723697662353516e+01 8.369556427001953125e+00
1.409057331085205078e+01 1.111461925506591797e+01 8.415304183959960938e+00
1.424578857421875000e+01 1.107459926605224609e+01 8.537313461303710938e+00
1.419278335571289062e+01 1.109830093383789062e+01 8.481048583984375000e+00
1.449781894683837891e+01 1.112063598632812500e+01 8.489614486694335938e+00
1.446840095520019531e+01 1.120038223266601562e+01 8.532406806945800781e+00
1.457784748077392578e+01 1.126704216003417969e+01 8.474350929260253906e+00
1.466995334625244141e+01 1.136069583892822266e+01 8.457075119018554688e+00
1.488060379028320312e+01 1.135384845733642578e+01 8.621108055114746094e+00
1.506107234954833984e+01 1.150119590759277344e+01 8.426055908203125000e+00
1.506910610198974609e+01 1.153057765960693359e+01 8.492062568664550781e+00
1.525630378723144531e+01 1.162481498718261719e+01 8.414114952087402344e+00
1.554438304901123047e+01 1.179007244110107422e+01 8.350070953369140625e+00
1.554583263397216797e+01 1.175498104095458984e+01 8.394720077514648438e+00
1.571291065216064453e+01 1.181647014617919922e+01 8.405234336853027344e+00
1.586182498931884766e+01 1.192905712127685547e+01 8.364737510681152344e+00
1.609588050842285156e+01 1.204471302032470703e+01 8.376707077026367188e+00
1.623077392578125000e+01 1.195458030700683594e+01 8.442129135131835938e+00
1.644491004943847656e+01 1.206698608398437500e+01 8.436474800109863281e+00
1.659127235412597656e+01 1.218453216552734375e+01 8.398982048034667969e+00
1.685232543945312500e+01 1.228397846221923828e+01 8.448234558105468750e+00
1.700754165649414062e+01 1.233920192718505859e+01 8.450542449951171875e+00
1.728057098388671875e+01 1.248737907409667969e+01 8.494910240173339844e+00
1.746329498291015625e+01 1.252718734741210938e+01 8.506834030151367188e+00
1.757676124572753906e+01 1.262118625640869141e+01 8.560602188110351562e+00
1.785353088378906250e+01 1.271837711334228516e+01 8.570899963378906250e+00
1.801373291015625000e+01 1.285781288146972656e+01 8.680678367614746094e+00
1.807822036743164062e+01 1.279310131072998047e+01 8.613052368164062500e+00
1.832361793518066406e+01 1.288559055328369141e+01 8.657211303710937500e+00
1.856322479248046875e+01 1.302943611145019531e+01 8.753545761108398438e+00
1.866801261901855469e+01 1.300599956512451172e+01 8.684225082397460938e+00
1.873379898071289062e+01 1.301838302612304688e+01 8.720675468444824219e+00
1.896750450134277344e+01 1.317423057556152344e+01 8.829030036926269531e+00
1.903155326843261719e+01 1.317570018768310547e+01 8.844120979309082031e+00
1.911573028564453125e+01 1.335501384735107422e+01 8.990447998046875000e+00
1.940527725219726562e+01 1.328868865966796875e+01 8.957934379577636719e+00
1.949121284484863281e+01 1.324268341064453125e+01 8.938928604125976562e+00
1.966161346435546875e+01 1.337327480316162109e+01 9.088177680969238281e+00
1.974369812011718750e+01 1.335118484497070312e+01 9.051846504211425781e+00
1.989902114868164062e+01 1.338635158538818359e+01 9.113673210144042969e+00
2.010575294494628906e+01 1.331401824951171875e+01 9.202353477478027344e+00
2.023250579833984375e+01 1.337355422973632812e+01 9.105536460876464844e+00
2.036989212036132812e+01 1.350752449035644531e+01 9.226632118225097656e+00
2.041422843933105469e+01 1.351979160308837891e+01 9.305005073547363281e+00
2.050833320617675781e+01 1.355394935607910156e+01 9.314361572265625000e+00
2.060693359375000000e+01 1.357068920135498047e+01 9.207695007324218750e+00
2.089884376525878906e+01 1.353025150299072266e+01 9.316007614135742188e+00
2.107865333557128906e+01 1.380054187774658203e+01 9.363784790039062500e+00
2.108062553405761719e+01 1.381256675720214844e+01 9.423210144042968750e+00
2.127798843383789062e+01 1.382466220855712891e+01 9.469801902770996094e+00
2.134644699096679688e+01 1.378064918518066406e+01 9.376705169677734375e+00
2.135034561157226562e+01 1.405191707611083984e+01 9.283900260925292969e+00
2.145824432373046875e+01 1.397680759429931641e+01 9.617551803588867188e+00
2.170031547546386719e+01 1.414581203460693359e+01 9.483656883239746094e+00
2.164730834960937500e+01 1.396357154846191406e+01 9.440912246704101562e+00
2.148370552062988281e+01 1.395757961273193359e+01 9.475494384765625000e+00
2.150934791564941406e+01 1.408022022247314453e+01 9.607996940612792969e+00
2.167331123352050781e+01 1.422799205780029297e+01 9.450534820556640625e+00
2.177540016174316406e+01 1.412846183776855469e+01 9.557378768920898438e+00
2.185981178283691406e+01 1.455237197875976562e+01 9.404762268066406250e+00
2.203961181640625000e+01 1.488294696807861328e+01 9.300268173217773438e+00
2.209428596496582031e+01 1.507946300506591797e+01 9.250050544738769531e+00
2.221653175354003906e+01 1.528089427947998047e+01 9.261004447937011719e+00
2.228535270690917969e+01 1.548452472686767578e+01 9.194482803344726562e+00
2.219936180114746094e+01 1.563189029693603516e+01 9.342988014221191406e+00
2.234228706359863281e+01 1.558916473388671875e+01 9.157020568847656250e+00
2.234252929687500000e+01 1.585454654693603516e+01 9.040217399597167969e+00
2.239012336730957031e+01 1.587325859069824219e+01 9.090343475341796875e+00
2.251259422302246094e+01 1.607990455627441406e+01 8.984035491943359375e+00
2.261313056945800781e+01 1.609461784362792969e+01 8.880610466003417969e+00
2.249806785583496094e+01 1.625099754333496094e+01 9.016408920288085938e+00
2.253612899780273438e+01 1.647913551330566406e+01 9.121080398559570312e+00
2.259395217895507812e+01 1.645299720764160156e+01 9.213228225708007812e+00
2.228278923034667969e+01 1.628619956970214844e+01 8.959567070007324219e+00
2.185924720764160156e+01 1.624941444396972656e+01 9.076811790466308594e+00
2.170939064025878906e+01 1.652885818481445312e+01 9.163864135742187500e+00
2.166209030151367188e+01 1.638838958740234375e+01 9.261694908142089844e+00
2.147163391113281250e+01 1.620529747009277344e+01 9.425863265991210938e+00
2.138899230957031250e+01 1.622165107727050781e+01 9.470447540283203125e+00
2.132869529724121094e+01 1.675365829467773438e+01 9.506053924560546875e+00
2.113015556335449219e+01 1.628289031982421875e+01 9.737773895263671875e+00
2.117390060424804688e+01 1.635718154907226562e+01 9.778587341308593750e+00
2.121975898742675781e+01 1.635474967956542969e+01 9.682337760925292969e+00
2.128617668151855469e+01 1.646405410766601562e+01 9.888007164001464844e+00
2.126066207885742188e+01 1.667486190795898438e+01 9.899627685546875000e+00
2.145224571228027344e+01 1.681771469116210938e+01 1.014787292480468750e+01
2.184168624877929688e+01 1.714471435546875000e+01 9.878641128540039062e+00
2.160123634338378906e+01 1.687030220031738281e+01 9.982121467590332031e+00
2.195060729980468750e+01 1.704356002807617188e+01 1.005921077728271484e+01
2.201056480407714844e+01 1.692677116394042969e+01 1.014000225067138672e+01
2.178920745849609375e+01 1.662384605407714844e+01 1.015907382965087891e+01
2.167611885070800781e+01 1.631363868713378906e+01 9.846563339233398438e+00
2.167920875549316406e+01 1.635507583618164062e+01 9.794667243957519531e+00
2.189970397949218750e+01 1.683800125122070312e+01 9.529897689819335938e+00
2.152253150939941406e+01 1.674402236938476562e+01 9.383578300476074219e+00
2.153789138793945312e+01 1.682998275756835938e+01 9.311196327209472656e+00
2.183393287658691406e+01 1.720800590515136719e+01 9.463606834411621094e+00
2.196077346801757812e+01 1.738112449645996094e+01 9.745982170104980469e+00
2.212732124328613281e+01 1.764745140075683594e+01 9.841742515563964844e+00
2.213160896301269531e+01 1.748636054992675781e+01 9.609427452087402344e+00
2.204518318176269531e+01 1.776631927490234375e+01 9.962466239929199219e+00
2.223830223083496094e+01 1.739615249633789062e+01 9.814200401306152344e+00
2.243893623352050781e+01 1.724520492553710938e+01 9.856972694396972656e+00
2.249561882019042969e+01 1.763970184326171875e+01 9.834792137145996094e+00
2.277631378173828125e+01 1.752979660034179688e+01 9.917573928833007812e+00
2.268321990966796875e+01 1.749080085754394531e+01 1.004024982452392578e+01
2.249578857421875000e+01 1.755344963073730469e+01 9.977936744689941406e+00
2.243315887451171875e+01 1.736290359497070312e+01 9.866619110107421875e+00
2.255719184875488281e+01 1.760697174072265625e+01 9.726058006286621094e+00
2.231516838073730469e+01 1.740385437011718750e+01 9.452140808105468750e+00
2.226809120178222656e+01 1.731701850891113281e+01 9.536405563354492188e+00
2.258142471313476562e+01 1.722050285339355469e+01 9.355352401733398438e+00
4.485444068908691406e+00 1.996539682149887085e-01 6.395677566528320312e+00
4.701977252960205078e+00 3.842451572418212891e-01 6.786585807800292969e+00
4.258809566497802734e+00 4.915129840373992920e-01 6.921932220458984375e+00
3.760822057723999023e+00 7.807319164276123047e-01 6.862516880035400391e+00
3.512145280838012695e+00 9.183148145675659180e-01 6.638489246368408203e+00
3.281886816024780273e+00 1.102236866950988770e+00 6.504576206207275391e+00
2.744646072387695312e+00 1.498809218406677246e+00 6.399611473083496094e+00
2.577929735183715820e+00 1.685962796211242676e+00 6.255300998687744141e+00
2.305592536926269531e+00 2.030006408691406250e+00 6.148620128631591797e+00
1.913346409797668457e+00 2.249363183975219727e+00 6.058629512786865234e+00
1.446143388748168945e+00 2.305571556091308594e+00 6.372250080108642578e+00
1.223264336585998535e+00 2.534021854400634766e+00 6.313316345214843750e+00
9.171530008316040039e-01 2.357393980026245117e+00 6.469859123229980469e+00
5.086915493011474609e-01 2.389528751373291016e+00 6.481190204620361328e+00
2.530515789985656738e-01 2.296320915222167969e+00 6.534940719604492188e+00
-1.225568205118179321e-01 2.190334558486938477e+00 6.545376300811767578e+00
-2.777002453804016113e-01 2.263453006744384766e+00 6.382223129272460938e+00
-5.832538008689880371e-01 1.960779666900634766e+00 6.230653285980224609e+00
-7.708725929260253906e-01 1.652385473251342773e+00 6.025951385498046875e+00
-9.024763703346252441e-01 1.372075915336608887e+00 5.871109485626220703e+00
-9.563466310501098633e-01 1.081268787384033203e+00 5.726344108581542969e+00
-9.921305179595947266e-01 7.065359354019165039e-01 5.487803936004638672e+00
-8.019177317619323730e-01 2.267666757106781006e-01 5.311481475830078125e+00
-6.018195748329162598e-01 -8.655665069818496704e-02 5.091353893280029297e+00
-4.562550783157348633e-01 -3.112228512763977051e-01 5.077053070068359375e+00
-9.041652828454971313e-02 -6.278721094131469727e-01 4.801624298095703125e+00
1.371737718582153320e-01 -7.299347519874572754e-01 4.730308055877685547e+00
3.963657021522521973e-01 -1.016724586486816406e+00 4.603935718536376953e+00
7.359016537666320801e-01 -1.142986297607421875e+00 4.512024402618408203e+00
7.751461267471313477e-01 -1.333538413047790527e+00 4.520512104034423828e+00
1.058867573738098145e+00 -1.561123371124267578e+00 4.284264087677001953e+00
1.275747776031494141e+00 -1.752704024314880371e+00 4.092912197113037109e+00
1.437551379203796387e+00 -1.852297186851501465e+00 4.120167255401611328e+00
1.592087268829345703e+00 -2.143253326416015625e+00 3.884404897689819336e+00
1.601811766624450684e+00 -2.337211847305297852e+00 3.766332387924194336e+00
1.711946606636047363e+00 -2.434190034866333008e+00 3.788749694824218750e+00
1.687626481056213379e+00 -2.758732318878173828e+00 3.721769571304321289e+00
1.869429230690002441e+00 -2.941736459732055664e+00 3.753751993179321289e+00
1.944416761398315430e+00 -2.822509765625000000e+00 3.566379547119140625e+00
1.793170213699340820e+00 -3.207373142242431641e+00 3.516220092773437500e+00
1.868576884269714355e+00 -3.476794481277465820e+00 3.437515020370483398e+00
1.649804234504699707e+00 -3.669939756393432617e+00 3.552675008773803711e+00
1.479576468467712402e+00 -4.009993553161621094e+00 3.635802984237670898e+00
1.360558390617370605e+00 -4.165375709533691406e+00 3.689409255981445312e+00
1.014446020126342773e+00 -4.561027526855468750e+00 3.790854215621948242e+00
8.256668448448181152e-01 -4.783382892608642578e+00 3.927249431610107422e+00
5.084266066551208496e-01 -5.032691001892089844e+00 3.974104166030883789e+00
3.386155366897583008e-01 -5.150965213775634766e+00 3.962457418441772461e+00
3.085087835788726807e-01 -5.081382751464843750e+00 4.056053161621093750e+00
-1.178389489650726318e-01 -5.251208782196044922e+00 3.923991203308105469e+00
-4.470096230506896973e-01 -5.432523250579833984e+00 4.070117950439453125e+00
-8.708778023719787598e-01 -5.505453586578369141e+00 4.148504257202148438e+00
-1.158980965614318848e+00 -5.465692996978759766e+00 4.133493900299072266e+00
-1.444884657859802246e+00 -5.317220687866210938e+00 4.042491436004638672e+00
-1.870896816253662109e+00 -5.211575031280517578e+00 4.104166984558105469e+00
-2.142799377441406250e+00 -5.047556877136230469e+00 4.052433967590332031e+00
-2.298286914825439453e+00 -4.803125858306884766e+00 4.023586750030517578e+00
-2.362539052963256836e+00 -4.450701713562011719e+00 3.941749572753906250e+00
-2.574499368667602539e+00 -4.194627761840820312e+00 4.009068012237548828e+00
-2.540697813034057617e+00 -3.901778459548950195e+00 4.136249065399169922e+00
-2.755316972732543945e+00 -3.745858669281005859e+00 4.121707439422607422e+00
-2.821273803710937500e+00 -3.544461011886596680e+00 4.153936862945556641e+00
-2.740579366683959961e+00 -3.278502464294433594e+00 4.179005622863769531e+00
-2.948843955993652344e+00 -3.094315767288208008e+00 4.396951198577880859e+00
-3.000292539596557617e+00 -3.214044094085693359e+00 4.411174297332763672e+00
-3.086889982223510742e+00 -3.188842058181762695e+00 4.598876953125000000e+00
-3.207761049270629883e+00 -3.225656509399414062e+00 4.810585021972656250e+00
-3.424652814865112305e+00 -3.387163162231445312e+00 5.145935535430908203e+00
-3.607034683227539062e+00 -3.601907014846801758e+00 5.431943893432617188e+00
-3.799159526824951172e+00 -3.758313417434692383e+00 5.737082481384277344e+00
-4.019180297851562500e+00 -3.955839395523071289e+00 6.071075916290283203e+00
-4.177199363708496094e+00 -4.099389076232910156e+00 6.317720890045166016e+00
-4.396223545074462891e+00 -4.290741443634033203e+00 6.640336036682128906e+00
-4.458312034606933594e+00 -4.353807449340820312e+00 6.753567695617675781e+00
-4.668478965759277344e+00 -4.524885177612304688e+00 7.034038543701171875e+00
-4.711636066436767578e+00 -4.563243389129638672e+00 7.116861343383789062e+00
-4.717493534088134766e+00 -4.557621955871582031e+00 7.162344932556152344e+00
-4.943446636199951172e+00 -4.743805408477783203e+00 7.430263042449951172e+00
-4.964935302734375000e+00 -4.759408473968505859e+00 7.475278854370117188e+00
-5.073526859283447266e+00 -4.838846206665039062e+00 7.617797851562500000e+00
-5.252638816833496094e+00 -4.979326725006103516e+00 7.834261894226074219e+00
-5.292998313903808594e+00 -4.995989322662353516e+00 7.890402317047119141e+00
-5.457620143890380859e+00 -5.100876331329345703e+00 8.090633392333984375e+00
-5.553905010223388672e+00 -5.174129962921142578e+00 8.189024925231933594e+00
-5.697183609008789062e+00 -5.278393268585205078e+00 8.345470428466796875e+00
-5.892582893371582031e+00 -5.390161037445068359e+00 8.556847572326660156e+00
-6.117618083953857422e+00 -5.532912254333496094e+00 8.782305717468261719e+00
-6.308030128479003906e+00 -5.646440505981445312e+00 8.967688560485839844e+00
-6.566090106964111328e+00 -5.811255455017089844e+00 9.212544441223144531e+00
-6.710056781768798828e+00 -5.856560230255126953e+00 9.327775001525878906e+00
-6.888035297393798828e+00 -5.995113849639892578e+00 9.491555213928222656e+00
-6.977361679077148438e+00 -6.045730590820312500e+00 9.560052871704101562e+00
-7.168357849121093750e+00 -6.181815624237060547e+00 9.720012664794921875e+00
-7.238258838653564453e+00 -6.325215339660644531e+00 9.752218246459960938e+00
-7.416279792785644531e+00 -6.211694240570068359e+00 9.872007369995117188e+00
-7.487365722656250000e+00 -6.308813095092773438e+00 9.950512886047363281e+00
-7.718947410583496094e+00 -6.466605663299560547e+00 1.013931655883789062e+01
-7.650633335113525391e+00 -6.366734504699707031e+00 1.003922080993652344e+01
-7.793023586273193359e+00 -6.526782512664794922e+00 1.021166038513183594e+01
-7.793776988983154297e+00 -6.418375015258789062e+00 1.012406826019287109e+01
-8.041063308715820312e+00 -6.581263542175292969e+00 1.020427513122558594e+01
-8.089548110961914062e+00 -6.529361248016357422e+00 1.030936050415039062e+01
-8.231195449829101562e+00 -6.556516647338867188e+00 1.033388900756835938e+01
-8.241866111755371094e+00 -6.605176448822021484e+00 1.038868999481201172e+01
-8.458616256713867188e+00 -6.437986850738525391e+00 1.056768226623535156e+01
-8.705078125000000000e+00 -6.726425170898437500e+00 1.056341838836669922e+01
-8.746735572814941406e+00 -6.730926990509033203e+00 1.062396335601806641e+01
-9.007241249084472656e+00 -6.769015312194824219e+00 1.069398307800292969e+01
-9.166103363037109375e+00 -6.830622196197509766e+00 1.080399036407470703e+01
-9.040124893188476562e+00 -6.711356639862060547e+00 1.090163326263427734e+01
-9.301384925842285156e+00 -6.794301509857177734e+00 1.086562633514404297e+01
-9.419484138488769531e+00 -6.948805332183837891e+00 1.085230827331542969e+01
-9.598481178283691406e+00 -6.913102626800537109e+00 1.092296791076660156e+01
-9.754541397094726562e+00 -6.956379890441894531e+00 1.088142776489257812e+01
-9.984944343566894531e+00 -6.996836185455322266e+00 1.104965686798095703e+01
-1.009965229034423828e+01 -6.935914516448974609e+00 1.096393299102783203e+01
-1.038460350036621094e+01 -6.997240066528320312e+00 1.102220249176025391e+01
-1.060801410675048828e+01 -7.037316799163818359e+00 1.104166603088378906e+01
-1.075782966613769531e+01 -7.083686828613281250e+00 1.109435844421386719e+01
-1.102947425842285156e+01 -7.113245487213134766e+00 1.111548137664794922e+01
-1.112227630615234375e+01 -7.079471111297607422e+00 1.107185935974121094e+01
-1.132402896881103516e+01 -7.162322044372558594e+00 1.116505527496337891e+01
-1.142751884460449219e+01 -7.191653251647949219e+00 1.120873165130615234e+01
-1.169596385955810547e+01 -7.108016967773437500e+00 1.110184383392333984e+01
-1.190684318542480469e+01 -7.156538486480712891e+00 1.121246528625488281e+01
-1.206545925140380859e+01 -7.084613323211669922e+00 1.126546764373779297e+01
-1.221424007415771484e+01 -7.102840900421142578e+00 1.110864925384521484e+01
-1.232593917846679688e+01 -7.156704902648925781e+00 1.119907188415527344e+01
-1.243952655792236328e+01 -7.253758430480957031e+00 1.132654190063476562e+01
-1.253611469268798828e+01 -7.202929019927978516e+00 1.138334369659423828e+01
-1.268516349792480469e+01 -7.364493846893310547e+00 1.135718822479248047e+01
-1.283347892761230469e+01 -7.421851158142089844e+00 1.146959018707275391e+01
-1.296260547637939453e+01 -7.560620784759521484e+00 1.148586463928222656e+01
-1.298375701904296875e+01 -7.622977256774902344e+00 1.126423645019531250e+01
-1.309866809844970703e+01 -7.535434246063232422e+00 1.144142913818359375e+01
-1.316697597503662109e+01 -7.583517551422119141e+00 1.147496795654296875e+01
-1.327043151855468750e+01 -7.426000118255615234e+00 1.130692863464355469e+01
-1.325977611541748047e+01 -7.459735393524169922e+00 1.133724975585937500e+01
-1.366051387786865234e+01 -7.401329994201660156e+00 1.120976257324218750e+01
-1.364453411102294922e+01 -7.288635730743408203e+00 1.111887264251708984e+01
-1.399360942840576172e+01 -7.150425910949707031e+00 1.111230182647705078e+01
-1.415223026275634766e+01 -7.266779899597167969e+00 1.096308135986328125e+01
-1.423554992675781250e+01 -7.283897876739501953e+00 1.103744029998779297e+01
-1.433305072784423828e+01 -7.482749462127685547e+00 1.109859848022460938e+01
-1.440749549865722656e+01 -7.372404575347900391e+00 1.107875347137451172e+01
-1.472240638732910156e+01 -7.565806388854980469e+00 1.098020076751708984e+01
-1.459970188140869141e+01 -7.411809444427490234e+00 1.091096782684326172e+01
-1.472160148620605469e+01 -7.408470153808593750e+00 1.081141185760498047e+01
-1.478385925292968750e+01 -7.757847309112548828e+00 1.090170574188232422e+01
-1.448282623291015625e+01 -7.536602020263671875e+00 1.092047977447509766e+01
-1.426480770111083984e+01 -7.505562782287597656e+00 1.070414447784423828e+01
-1.430545043945312500e+01 -7.672904968261718750e+00 1.065006446838378906e+01
-1.420786476135253906e+01 -7.774791240692138672e+00 1.080881214141845703e+01
-1.411236667633056641e+01 -7.785019397735595703e+00 1.066989707946777344e+01
-1.431184673309326172e+01 -7.917981624603271484e+00 1.089541435241699219e+01
-1.449824810028076172e+01 -7.830302715301513672e+00 1.100408935546875000e+01
-1.426457881927490234e+01 -8.066517829895019531e+00 1.118293666839599609e+01
-1.395920562744140625e+01 -7.842974185943603516e+00 1.124168872833251953e+01
-1.399088954925537109e+01 -7.661540985107421875e+00 1.129610824584960938e+01
-1.379728031158447266e+01 -7.767346382141113281e+00 1.130799102783203125e+01
4.636148929595947266e+00 1.727221310138702393e-01 6.597379684448242188e+00
4.747373580932617188e+00 4.506679773330688477e-01 6.645749568939208984e+00
4.221515655517578125e+00 2.902174592018127441e-01 6.938106536865234375e+00
3.960996627807617188e+00 5.743030309677124023e-01 6.902571678161621094e+00
3.458368301391601562e+00 9.266125559806823730e-01 6.599044322967529297e+00
3.147926807403564453e+00 1.212434887886047363e+00 6.372269630432128906e+00
3.081761121749877930e+00 1.467403054237365723e+00 6.261524677276611328e+00
2.911392450332641602e+00 1.793627977371215820e+00 5.997074604034423828e+00
2.661077499389648438e+00 2.139061212539672852e+00 5.880756855010986328e+00
2.439116239547729492e+00 2.314892053604125977e+00 5.705242156982421875e+00
2.261736631393432617e+00 2.619668483734130859e+00 5.492134571075439453e+00
2.014756917953491211e+00 2.780228853225708008e+00 5.474546432495117188e+00
1.903229951858520508e+00 2.858035087585449219e+00 5.420788764953613281e+00
1.724275588989257812e+00 3.152692794799804688e+00 5.357172489166259766e+00
1.627233624458312988e+00 3.281858921051025391e+00 5.156499862670898438e+00
1.582206368446350098e+00 3.362011432647705078e+00 5.067171573638916016e+00
1.404550313949584961e+00 3.355824947357177734e+00 5.159379005432128906e+00
1.245801448822021484e+00 3.474795579910278320e+00 5.080034732818603516e+00
9.873869419097900391e-01 3.506130933761596680e+00 5.061377048492431641e+00
7.092275619506835938e-01 3.421387434005737305e+00 5.163909435272216797e+00
6.559752821922302246e-01 3.454112529754638672e+00 5.100264072418212891e+00
5.414275527000427246e-01 3.442679882049560547e+00 5.110116958618164062e+00
3.259006440639495850e-01 3.321709632873535156e+00 5.157078742980957031e+00
1.522722095251083374e-01 3.401823997497558594e+00 5.196731090545654297e+00
1.080746576189994812e-01 3.299865961074829102e+00 5.210148334503173828e+00
-3.118117572739720345e-03 3.262263774871826172e+00 5.372313499450683594e+00
-1.664816737174987793e-01 3.125413894653320312e+00 5.308136940002441406e+00
-2.490782886743545532e-01 3.025689840316772461e+00 5.310857772827148438e+00
-3.927285671234130859e-01 2.805831432342529297e+00 5.379472732543945312e+00
-4.046482443809509277e-01 2.729785680770874023e+00 5.517130851745605469e+00
-5.977346301078796387e-01 2.380284070968627930e+00 5.462453842163085938e+00
-7.197219133377075195e-01 2.241285800933837891e+00 5.485528945922851562e+00
-8.352223038673400879e-01 1.887375831604003906e+00 5.455820083618164062e+00
-9.147589802742004395e-01 1.704356312751770020e+00 5.270807266235351562e+00
-1.000810623168945312e+00 1.303691267967224121e+00 5.202099323272705078e+00
-9.739889502525329590e-01 1.012605786323547363e+00 5.204900741577148438e+00
-9.263547658920288086e-01 6.581494808197021484e-01 5.103404998779296875e+00
-8.282117843627929688e-01 4.284407496452331543e-01 4.947770118713378906e+00
-7.382937073707580566e-01 1.818495541810989380e-01 4.908495903015136719e+00
-4.773559570312500000e-01 -8.323819935321807861e-02 4.698553562164306641e+00
-3.922803401947021484e-01 -2.591051757335662842e-01 4.666576385498046875e+00
-4.972442239522933960e-02 -6.333252191543579102e-01 4.449152946472167969e+00
6.097334995865821838e-02 -8.529479503631591797e-01 4.395627498626708984e+00
3.545894920825958252e-01 -1.194647312164306641e+00 4.309799671173095703e+00
5.490750670433044434e-01 -1.441474318504333496e+00 4.168700218200683594e+00
7.639113068580627441e-01 -1.673851609230041504e+00 4.156987190246582031e+00
8.424893617630004883e-01 -1.892620086669921875e+00 3.985491991043090820e+00
1.073716402053833008e+00 -2.216997861862182617e+00 3.939698219299316406e+00
1.237774372100830078e+00 -2.325284719467163086e+00 3.855419158935546875e+00
1.380349397659301758e+00 -2.700139522552490234e+00 3.821963787078857422e+00
1.466205835342407227e+00 -2.684446096420288086e+00 3.616557121276855469e+00
1.468110084533691406e+00 -3.017027378082275391e+00 3.679857015609741211e+00
1.606792688369750977e+00 -3.028316736221313477e+00 3.776108503341674805e+00
1.581891179084777832e+00 -3.105001449584960938e+00 3.648028135299682617e+00
1.649834156036376953e+00 -3.369770765304565430e+00 3.712447166442871094e+00
1.602038145065307617e+00 -3.503015041351318359e+00 3.646796703338623047e+00
1.565753102302551270e+00 -3.865098476409912109e+00 3.503377199172973633e+00
1.378746151924133301e+00 -3.993444204330444336e+00 3.718166828155517578e+00
1.312550783157348633e+00 -4.294834136962890625e+00 3.608479261398315430e+00
1.154809474945068359e+00 -4.399094581604003906e+00 3.841997623443603516e+00
8.351180553436279297e-01 -4.758388996124267578e+00 3.966308355331420898e+00
5.446060895919799805e-01 -5.034406185150146484e+00 4.058245182037353516e+00
3.012227416038513184e-01 -5.193872928619384766e+00 4.001662254333496094e+00
1.888508498668670654e-01 -5.287361145019531250e+00 4.050589561462402344e+00
-4.761446267366409302e-02 -5.358777999877929688e+00 4.041970252990722656e+00
-4.836196303367614746e-01 -5.471005439758300781e+00 4.088730335235595703e+00
-9.027454257011413574e-01 -5.446059226989746094e+00 4.041424274444580078e+00
-1.168835401535034180e+00 -5.370971679687500000e+00 4.153553962707519531e+00
-1.465029239654541016e+00 -5.445456027984619141e+00 4.160456657409667969e+00
-1.688323616981506348e+00 -5.321370124816894531e+00 4.153961181640625000e+00
-2.114816665649414062e+00 -5.090625762939453125e+00 4.233607292175292969e+00
-2.248600244522094727e+00 -4.881848812103271484e+00 4.150134086608886719e+00
-2.441223144531250000e+00 -4.645629405975341797e+00 4.120902061462402344e+00
-2.537034749984741211e+00 -4.308773517608642578e+00 4.009336948394775391e+00
-2.642526626586914062e+00 -4.072688102722167969e+00 3.899317264556884766e+00
-2.520442008972167969e+00 -3.728777647018432617e+00 3.871793985366821289e+00
-2.726001977920532227e+00 -3.539253473281860352e+00 4.005062580108642578e+00
-2.759587526321411133e+00 -3.345758914947509766e+00 3.978843450546264648e+00
-2.609162330627441406e+00 -3.140938758850097656e+00 3.810711383819580078e+00
-2.607686996459960938e+00 -2.826647043228149414e+00 3.801339387893676758e+00
-2.664416313171386719e+00 -2.636079072952270508e+00 3.862205982208251953e+00
-2.405865192413330078e+00 -2.452524185180664062e+00 3.526655673980712891e+00
-2.239876508712768555e+00 -2.239143371582031250e+00 3.307574033737182617e+00
-1.990050196647644043e+00 -1.908095836639404297e+00 2.960422515869140625e+00
-1.692568182945251465e+00 -1.543678641319274902e+00 2.562647104263305664e+00
-1.446336150169372559e+00 -1.241660475730895996e+00 2.238317966461181641e+00
-1.201233267784118652e+00 -9.423970580101013184e-01 1.935313940048217773e+00
-1.030386686325073242e+00 -7.255365252494812012e-01 1.713778734207153320e+00
-7.864678502082824707e-01 -4.205596745014190674e-01 1.420536518096923828e+00
-6.398450136184692383e-01 -2.371014356613159180e-01 1.250456809997558594e+00
-5.413695573806762695e-01 -8.864185959100723267e-02 1.121602892875671387e+00
-4.116849899291992188e-01 6.680534034967422485e-02 9.707802534103393555e-01
-3.438588976860046387e-01 1.927500069141387939e-01 8.728630542755126953e-01
-1.526728421449661255e-01 3.711973428726196289e-01 7.263367176055908203e-01
-1.951314806938171387e-01 5.589180588722229004e-01 5.589236021041870117e-01
-3.361297771334648132e-02 6.331191658973693848e-01 5.232830643653869629e-01
1.248596012592315674e-01 8.404943943023681641e-01 3.611320257186889648e-01
2.601844668388366699e-01 9.979245662689208984e-01 2.296573370695114136e-01
3.594342470169067383e-01 1.143548965454101562e+00 1.440727710723876953e-01
5.187392830848693848e-01 1.341202616691589355e+00 -1.492436975240707397e-02
5.640089511871337891e-01 1.487830877304077148e+00 -1.198650300502777100e-01
7.301148772239685059e-01 1.604183673858642578e+00 -2.265314757823944092e-01
7.210878729820251465e-01 1.718712449073791504e+00 -1.807948499917984009e-01
8.315183520317077637e-01 1.824070453643798828e+00 -2.900364995002746582e-01
9.512842297554016113e-01 2.046636819839477539e+00 -3.812246322631835938e-01
1.034569025039672852e+00 2.102746248245239258e+00 -4.634708762168884277e-01
1.007037043571472168e+00 2.370367288589477539e+00 -3.884716033935546875e-01
1.207404255867004395e+00 2.472189426422119141e+00 -5.788038372993469238e-01
1.301935195922851562e+00 2.652596950531005859e+00 -6.304564476013183594e-01
1.399845838546752930e+00 2.861114978790283203e+00 -7.348499298095703125e-01
1.462146162986755371e+00 3.033387184143066406e+00 -8.144091963768005371e-01
1.556121468544006348e+00 3.051510810852050781e+00 -8.506471514701843262e-01
1.646002054214477539e+00 3.320919036865234375e+00 -7.869481444358825684e-01
1.610081553459167480e+00 3.355773687362670898e+00 -9.426888823509216309e-01
1.690784811973571777e+00 3.442472457885742188e+00 -9.139190912246704102e-01
1.740281105041503906e+00 3.739310979843139648e+00 -9.131796360015869141e-01
1.856836080551147461e+00 3.921094417572021484e+00 -9.284914731979370117e-01
1.893923878669738770e+00 4.097919464111328125e+00 -8.348046541213989258e-01
1.909358263015747070e+00 4.083006381988525391e+00 -9.819182753562927246e-01
1.997391819953918457e+00 4.386712551116943359e+00 -1.075124025344848633e+00
2.130771636962890625e+00 4.548274040222167969e+00 -8.986507654190063477e-01
2.090636968612670898e+00 4.668503761291503906e+00 -1.021576762199401855e+00
2.255124807357788086e+00 4.884002685546875000e+00 -9.650396108627319336e-01
2.239819049835205078e+00 5.035300254821777344e+00 -1.008896946907043457e+00
2.319973468780517578e+00 5.145874500274658203e+00 -1.010231375694274902e+00
2.383551359176635742e+00 5.308228969573974609e+00 -8.285974264144897461e-01
2.465957403182983398e+00 5.426064014434814453e+00 -9.449813365936279297e-01
2.537882328033447266e+00 5.698338985443115234e+00 -8.973111510276794434e-01
2.570783138275146484e+00 5.887367725372314453e+00 -9.540302157402038574e-01
2.626814365386962891e+00 5.985713958740234375e+00 -8.614598512649536133e-01
2.691919803619384766e+00 6.137555122375488281e+00 -7.799186706542968750e-01
2.727591037750244141e+00 6.180325508117675781e+00 -8.163724541664123535e-01
2.815978527069091797e+00 6.305385112762451172e+00 -7.572053074836730957e-01
2.704925060272216797e+00 6.423832416534423828e+00 -6.430780291557312012e-01
2.862073421478271484e+00 6.640888690948486328e+00 -7.154871225357055664e-01
2.732275485992431641e+00 6.618423938751220703e+00 -7.328086495399475098e-01
2.945275306701660156e+00 6.830231666564941406e+00 -5.838496685028076172e-01
2.798576116561889648e+00 6.907852649688720703e+00 -7.089479565620422363e-01
2.893070459365844727e+00 7.077963829040527344e+00 -5.063596367835998535e-01
3.130675077438354492e+00 7.222094535827636719e+00 -5.246208310127258301e-01
3.053486824035644531e+00 7.400406837463378906e+00 -4.554893970489501953e-01
3.206385850906372070e+00 7.539559841156005859e+00 -2.958461642265319824e-01
3.221044540405273438e+00 7.581980705261230469e+00 -4.389201402664184570e-01
3.137536287307739258e+00 7.821411609649658203e+00 -4.808159470558166504e-01
3.439491271972656250e+00 7.876029968261718750e+00 -6.410478949546813965e-01
3.476065635681152344e+00 7.791069030761718750e+00 -2.320133447647094727e-01
3.628398656845092773e+00 7.957216262817382812e+00 -5.558670759201049805e-01
3.481245279312133789e+00 8.093568801879882812e+00 -3.073700666427612305e-01
3.643799781799316406e+00 8.264563560485839844e+00 -3.555473983287811279e-01
3.568332910537719727e+00 8.340126037597656250e+00 -3.569514304399490356e-02
3.457906007766723633e+00 8.373620033264160156e+00 -3.127357065677642822e-01
3.679701566696166992e+00 8.436267852783203125e+00 -2.273522168397903442e-01
3.679206132888793945e+00 8.577869415283203125e+00 -1.817608028650283813e-01
3.901655912399291992e+00 8.576780319213867188e+00 -3.083159327507019043e-01
3.855895757675170898e+00 8.756877899169921875e+00 -5.219145864248275757e-02
3.868171215057373047e+00 8.776164054870605469e+00 8.206040598452091217e-03
3.585637092590332031e+00 8.801945686340332031e+00 2.463905513286590576e-02
3.612789630889892578e+00 8.835008621215820312e+00 -2.230580598115921021e-01
3.701204538345336914e+00 8.839788436889648438e+00 -8.903750032186508179e-02
3.685564279556274414e+00 8.915129661560058594e+00 -1.345973312854766846e-01
4.633869171142578125e+00 5.259740166366100311e-03 6.443745613098144531e+00
4.621058940887451172e+00 3.044411242008209229e-01 6.701320171356201172e+00
4.193784236907958984e+00 4.718174934387207031e-01 6.791881084442138672e+00
3.699150085449218750e+00 6.833969354629516602e-01 6.755197048187255859e+00
3.673181772232055664e+00 7.921069860458374023e-01 6.421041488647460938e+00
3.273621797561645508e+00 1.313917517662048340e+00 6.236718654632568359e+00
3.135911464691162109e+00 1.635214686393737793e+00 6.023590564727783203e+00
2.878669738769531250e+00 1.928587555885314941e+00 5.846243381500244141e+00
2.723017215728759766e+00 2.138391733169555664e+00 5.664840221405029297e+00
2.546698093414306641e+00 2.440148115158081055e+00 5.455501079559326172e+00
2.436240673065185547e+00 2.672082901000976562e+00 5.285126209259033203e+00
2.328618526458740234e+00 2.963781356811523438e+00 5.123366355895996094e+00
2.159591197967529297e+00 2.969683170318603516e+00 5.233450889587402344e+00
2.202193021774291992e+00 3.136672258377075195e+00 5.169155120849609375e+00
2.163308382034301758e+00 3.365530967712402344e+00 5.215164184570312500e+00
2.327601194381713867e+00 3.484306097030639648e+00 5.390183925628662109e+00
1.155761146545410156e+01 -1.778264403343200684e+00 1.131621742248535156e+01
1.180777549743652344e+01 -1.949445486068725586e+00 1.146671009063720703e+01
1.193733596801757812e+01 -1.893800497055053711e+00 1.158955764770507812e+01
1.206292438507080078e+01 -2.130909204483032227e+00 1.175360870361328125e+01
1.227844905853271484e+01 -2.132485628128051758e+00 1.164252090454101562e+01
1.218201828002929688e+01 -2.060102224349975586e+00 1.171536254882812500e+01
1.228275108337402344e+01 -2.062822103500366211e+00 1.176447391510009766e+01
1.242136192321777344e+01 -2.239530324935913086e+00 1.192876052856445312e+01
1.239153099060058594e+01 -2.123582124710083008e+00 1.187376880645751953e+01
1.248048114776611328e+01 -2.031792402267456055e+00 1.194158840179443359e+01
1.263046169281005859e+01 -2.233985424041748047e+00 1.214534282684326172e+01
1.263920307159423828e+01 -2.095261335372924805e+00 1.207688236236572266e+01
1.293375492095947266e+01 -2.247309446334838867e+00 1.213666915893554688e+01
1.306640148162841797e+01 -2.391647338867187500e+00 1.219059181213378906e+01
1.319739723205566406e+01 -2.282009363174438477e+00 1.228164005279541016e+01
1.312543678283691406e+01 -2.103577613830566406e+00 1.233174610137939453e+01
1.341606044769287109e+01 -2.225865602493286133e+00 1.248115730285644531e+01
1.338103199005126953e+01 -2.210786819458007812e+00 1.245126342773437500e+01
1.364127826690673828e+01 -2.222484588623046875e+00 1.263515377044677734e+01
1.379189777374267578e+01 -2.106585025787353516e+00 1.261770820617675781e+01
1.372263240814208984e+01 -2.193898200988769531e+00 1.267078113555908203e+01
1.394987964630126953e+01 -2.144641637802124023e+00 1.285504341125488281e+01
1.406792640686035156e+01 -2.118479490280151367e+00 1.295794582366943359e+01
1.401316070556640625e+01 -2.158607959747314453e+00 1.298724746704101562e+01
1.413235092163085938e+01 -2.184499502182006836e+00 1.301941967010498047e+01
1.432170677185058594e+01 -2.026366949081420898e+00 1.314438438415527344e+01
1.430436706542968750e+01 -2.082718610763549805e+00 1.315060615539550781e+01
1.451530456542968750e+01 -1.986242890357971191e+00 1.334998989105224609e+01
1.464607906341552734e+01 -1.961012244224548340e+00 1.344736671447753906e+01
1.469594478607177734e+01 -1.820969462394714355e+00 1.331060314178466797e+01
1.485567855834960938e+01 -1.846135020256042480e+00 1.344460296630859375e+01
1.502235412597656250e+01 -1.721523642539978027e+00 1.355030155181884766e+01
1.515686511993408203e+01 -1.762785196304321289e+00 1.366358852386474609e+01
1.540548706054687500e+01 -1.506734967231750488e+00 1.376039505004882812e+01
1.551322555541992188e+01 -1.465834259986877441e+00 1.380981922149658203e+01
1.575175380706787109e+01 -1.297474145889282227e+00 1.397384929656982422e+01
1.603104972839355469e+01 -1.136594414710998535e+00 1.407682991027832031e+01
1.626142692565917969e+01 -1.149051904678344727e+00 1.403260040283203125e+01
1.634419059753417969e+01 -9.711549878120422363e-01 1.419994640350341797e+01
1.652192687988281250e+01 -8.663245439529418945e-01 1.429459190368652344e+01
1.664630317687988281e+01 -8.060795664787292480e-01 1.439158725738525391e+01
1.676426696777343750e+01 -7.312164306640625000e-01 1.437600898742675781e+01
1.694965553283691406e+01 -5.842269062995910645e-01 1.451315498352050781e+01
1.706762695312500000e+01 -5.345249176025390625e-01 1.454671764373779297e+01
1.717053604125976562e+01 -4.615775346755981445e-01 1.462678050994873047e+01
1.734037971496582031e+01 -3.431548476219177246e-01 1.470057868957519531e+01
1.747973251342773438e+01 -2.604393362998962402e-01 1.479344177246093750e+01
1.753332138061523438e+01 -1.287034004926681519e-01 1.488097953796386719e+01
1.764126014709472656e+01 -1.886284649372100830e-01 1.477287769317626953e+01
1.767229843139648438e+01 -4.263806343078613281e-02 1.500494098663330078e+01
1.790777778625488281e+01 1.275061536580324173e-02 1.498958015441894531e+01
1.791933441162109375e+01 1.668895781040191650e-02 1.491977024078369141e+01
1.814280700683593750e+01 1.990640461444854736e-01 1.503828716278076172e+01
1.827478599548339844e+01 3.279321491718292236e-01 1.496000766754150391e+01
1.836179542541503906e+01 3.022543191909790039e-01 1.509982585906982422e+01
1.852978897094726562e+01 5.330570340156555176e-01 1.500598049163818359e+01
1.858716583251953125e+01 5.612695217132568359e-01 1.508277511596679688e+01
1.881306838989257812e+01 6.763792634010314941e-01 1.525902175903320312e+01
1.865416336059570312e+01 7.145176529884338379e-01 1.521485424041748047e+01
1.871361732482910156e+01 7.255664467811584473e-01 1.499682235717773438e+01
1.858852577209472656e+01 8.001701235771179199e-01 1.492300891876220703e+01
1.864550399780273438e+01 9.045869708061218262e-01 1.483987426757812500e+01
1.877638053894042969e+01 1.147380232810974121e+00 1.467760276794433594e+01
1.858552169799804688e+01 1.209589958190917969e+00 1.460448932647705078e+01
1.853654479980468750e+01 1.538340687751770020e+00 1.435999298095703125e+01
1.851288604736328125e+01 1.716009020805358887e+00 1.422336578369140625e+01
1.847737884521484375e+01 1.911637187004089355e+00 1.408720111846923828e+01
1.840798950195312500e+01 2.039651155471801758e+00 1.399744129180908203e+01
1.845298767089843750e+01 2.142897129058837891e+00 1.392297363281250000e+01
1.842233657836914062e+01 2.326405286788940430e+00 1.374004459381103516e+01
1.837874794006347656e+01 2.270208597183227539e+00 1.382179450988769531e+01
1.833797454833984375e+01 2.360769510269165039e+00 1.372951030731201172e+01
1.830200195312500000e+01 2.613368511199951172e+00 1.353277397155761719e+01
1.827954673767089844e+01 2.708281517028808594e+00 1.339595031738281250e+01
1.806986618041992188e+01 2.890192747116088867e+00 1.338544845581054688e+01
1.803971481323242188e+01 2.969708681106567383e+00 1.333711433410644531e+01
1.780459976196289062e+01 3.283742666244506836e+00 1.310101127624511719e+01
1.762484931945800781e+01 3.497573375701904297e+00 1.297849655151367188e+01
1.742583656311035156e+01 3.762915611267089844e+00 1.291334247589111328e+01
1.719513511657714844e+01 4.076919555664062500e+00 1.273634052276611328e+01
1.722056198120117188e+01 4.125230789184570312e+00 1.272583961486816406e+01
1.737560844421386719e+01 4.179608345031738281e+00 1.272437667846679688e+01
1.715968513488769531e+01 4.202568531036376953e+00 1.255772399902343750e+01
1.699435615539550781e+01 4.268521785736083984e+00 1.263709354400634766e+01
1.719728088378906250e+01 4.413798809051513672e+00 1.259274196624755859e+01
1.710236167907714844e+01 4.315473556518554688e+00 1.244879627227783203e+01
1.701178932189941406e+01 4.244868278503417969e+00 1.228176689147949219e+01
1.683698654174804688e+01 3.956296920776367188e+00 1.224202156066894531e+01
1.700395774841308594e+01 3.821012020111083984e+00 1.205669212341308594e+01
1.697749519348144531e+01 3.311357975006103516e+00 1.168573188781738281e+01
1.710811996459960938e+01 3.379744529724121094e+00 1.157154083251953125e+01
1.698176193237304688e+01 3.030329465866088867e+00 1.136962604522705078e+01
1.727264976501464844e+01 3.187956333160400391e+00 1.119368362426757812e+01
1.697533035278320312e+01 2.901546001434326172e+00 1.122579860687255859e+01
1.732701301574707031e+01 2.684587001800537109e+00 1.125575542449951172e+01
1.745059967041015625e+01 2.588953971862792969e+00 1.143575572967529297e+01
1.767437744140625000e+01 2.681220054626464844e+00 1.164396572113037109e+01
1.754990386962890625e+01 2.791791200637817383e+00 1.174885559082031250e+01
1.733498382568359375e+01 2.812669038772583008e+00 1.147593402862548828e+01
1.718471717834472656e+01 2.980350494384765625e+00 1.153254795074462891e+01
1.720647048950195312e+01 2.985430240631103516e+00 1.131052207946777344e+01
1.720939254760742188e+01 3.183609008789062500e+00 1.121203804016113281e+01
1.741121292114257812e+01 3.350167036056518555e+00 1.116082382202148438e+01
1.759173011779785156e+01 3.223914861679077148e+00 1.135265350341796875e+01
1.821751213073730469e+01 2.919895410537719727e+00 1.187477111816406250e+01
1.870938301086425781e+01 2.714727163314819336e+00 1.216879272460937500e+01
1.852591896057128906e+01 2.696113586425781250e+00 1.206593990325927734e+01
1.878825187683105469e+01 2.690821647644042969e+00 1.215506839752197266e+01
1.899388885498046875e+01 2.848501682281494141e+00 1.211094760894775391e+01
1.908636093139648438e+01 2.573283910751342773e+00 1.222625732421875000e+01
1.893420600891113281e+01 2.502377986907958984e+00 1.206429290771484375e+01
1.873889160156250000e+01 2.471382856369018555e+00 1.180805301666259766e+01
1.864060020446777344e+01 2.667518377304077148e+00 1.149238014221191406e+01
1.897390174865722656e+01 2.912581682205200195e+00 1.139031696319580078e+01
1.876610755920410156e+01 3.035712957382202148e+00 1.141996955871582031e+01
1.900668907165527344e+01 2.936888933181762695e+00 1.143575859069824219e+01
1.916289520263671875e+01 2.597835779190063477e+00 1.215416145324707031e+01
1.935175704956054688e+01 2.513028144836425781e+00 1.190783786773681641e+01
1.920284652709960938e+01 2.731106042861938477e+00 1.208061981201171875e+01
1.919787597656250000e+01 2.720700025558471680e+00 1.201870536804199219e+01
1.903013801574707031e+01 3.142227888107299805e+00 1.205263423919677734e+01
1.900263023376464844e+01 3.045768737792968750e+00 1.203648471832275391e+01
1.903455734252929688e+01 2.830880641937255859e+00 1.189190673828125000e+01
1.898505020141601562e+01 3.081062793731689453e+00 1.175927829742431641e+01
1.882811355590820312e+01 3.143421888351440430e+00 1.164694404602050781e+01
1.870762443542480469e+01 3.372912883758544922e+00 1.161191558837890625e+01
1.837364768981933594e+01 3.503966808319091797e+00 1.154888439178466797e+01
1.822407722473144531e+01 3.729396104812622070e+00 1.146338272094726562e+01
1.804185867309570312e+01 3.960749626159667969e+00 1.142172145843505859e+01
1.792394256591796875e+01 4.044448852539062500e+00 1.156169795989990234e+01
1.780476760864257812e+01 4.053295135498046875e+00 1.157101154327392578e+01
1.762536239624023438e+01 4.158161163330078125e+00 1.168754482269287109e+01
1.786876106262207031e+01 3.827237606048583984e+00 1.177931690216064453e+01
1.762379837036132812e+01 3.717924833297729492e+00 1.181191349029541016e+01
1.779918289184570312e+01 3.628626823425292969e+00 1.167131996154785156e+01
1.770025825500488281e+01 3.469311714172363281e+00 1.196699333190917969e+01
1.802712631225585938e+01 3.415326833724975586e+00 1.228307342529296875e+01
1.849221992492675781e+01 3.046595573425292969e+00 1.255511093139648438e+01
1.864452552795410156e+01 2.940818548202514648e+00 1.296464729309082031e+01
1.874053955078125000e+01 2.846679449081420898e+00 1.304689025878906250e+01
1.874796867370605469e+01 2.544907331466674805e+00 1.305916118621826172e+01
1.887271881103515625e+01 2.629919052124023438e+00 1.293989467620849609e+01
1.891913604736328125e+01 2.719816923141479492e+00 1.299793815612792969e+01
1.877080154418945312e+01 2.692164659500122070e+00 1.281720352172851562e+01
