-5.895168549535185765e-01 -1.658024969048977129e-02 -7.614925701744071906e-01
-4.685676604988898153e-01 -1.342790540394411813e-01 -8.312465240641988551e-01
-4.418244990175539400e-01 1.151216715005378144e-01 -8.325907726715370272e-01
-5.898799580477697146e-01 -8.801507378350707789e-02 -7.330669528392625978e-01
-5.410573340610500548e-01 7.822785804278307650e-03 -7.683881434757646733e-01
-4.268621441505112135e-01 -3.126153107366699130e-02 -8.778221279179901915e-01
-6.246218588035216124e-01 1.388534003151443985e-02 -7.049185453264259493e-01
-5.081436466772106808e-01 -1.434057176893038799e-01 -8.016412550611671239e-01
-5.535594385755339131e-01 -6.091877217398140865e-02 -7.598795144359050679e-01
-5.432392277134915348e-01 -4.392452374383905983e-02 -7.612689649816911652e-01
-5.228074749430456913e-01 -6.352437282837616883e-02 -7.879945135988429827e-01
-5.748649262856675435e-01 -1.302118659993244665e-01 -7.638977397688027082e-01
-4.396409108136022370e-01 -1.880423889089072875e-01 -8.470015333990225104e-01
-6.773201427540224140e-01 -1.836685721830891294e-01 -6.701165368314405679e-01
-9.624385654236808918e-01 3.015524535944339585e-02 1.066205732378899644e-02
-5.421940672215405099e-01 -8.239020166601852824e-02 -7.644955803704217567e-01
-5.639009735506940180e-01 2.751503180208429433e-01 -6.996977346386218377e-01
-5.354139821130623478e-01 -1.462169283022685951e-01 -7.781772621294731351e-01
-4.135510262742084220e-01 1.580442009985269514e-02 -8.806577943625795157e-01
-5.524068362213054861e-01 -1.025356494583797712e-01 -7.676328718022586983e-01
-4.510511836518547035e-01 4.061764989337337400e-02 -8.498973523955024589e-01
-6.789789291341151722e-01 -1.310338326013861521e-01 -6.824166053089988360e-01
-7.163684925908785361e-01 -1.126977772132025241e-01 -6.407602905921304659e-01
-6.505453705675884324e-01 -2.154793329047663408e-01 -6.878007428556718317e-01
-4.427215032119539151e-01 -1.016415405768636426e-01 -8.610143583647630328e-01
-3.469598127293450629e-01 1.835886138751794128e-01 -8.903357690217963416e-01
-1.556914068455002020e-01 9.069397968839415514e-01 3.321691423194289006e-01
-4.880899166595876193e-01 6.700312769332320006e-02 -8.222531806553176059e-01
-5.664125193869210539e-01 -2.176803683513963972e-01 -7.573014129514646919e-01
-3.961686747324141833e-01 1.395618037486864027e-01 -8.672991738913460313e-01
-4.976484172801057815e-01 -1.013853806465965096e-01 -8.172958704644367467e-01
-5.026288367541579261e-01 -5.259110907214544633e-02 -8.191541700042399565e-01
-4.619853933083168385e-01 1.222483390463770248e-02 -8.291533141021920628e-01
-6.353012128639132783e-01 -1.655977132989800149e-01 -7.052140064690883836e-01
-6.120273668365660003e-01 -9.566546101268438851e-02 -7.313287725060292344e-01
-4.838716042260342576e-01 -1.702684836255216050e-01 -8.230781748689713906e-01
-6.207031598568966135e-01 -1.947784111398847828e-01 -7.183815298321271081e-01
-6.065022191742828195e-01 -2.604184724230438897e-01 -7.113925882206283413e-01
-5.632469312216866753e-01 -7.523466008203601174e-02 -7.487904109353873405e-01
-7.443914352985596672e-01 1.584013558102605190e-01 -6.035842059730482934e-01
-3.714058177410861639e-01 4.229865834697851823e-02 -8.869151925961473726e-01
-5.074657695076915109e-01 -5.288664122863703243e-01 -6.494046193202406281e-01
5.306367922921144398e-02 -5.657806799890220395e-01 -7.903482088168034547e-01
-3.353878706794297671e-01 -4.919854174849061512e-01 -7.857795161833801556e-01
1.395183476887131568e-01 3.300519377386565978e-01 9.296085243762598482e-01
-7.912978650946358439e-01 -3.796593833357826409e-01 -4.500852934918366799e-01
-6.355931561633475502e-01 -1.378441678891584588e-01 -7.075638861682777003e-01
-3.261398849048541826e-01 -9.055926502723556926e-01 -6.712207343921049174e-02
-7.985874775651242707e-01 3.411578014198173303e-01 4.448967324224485931e-01
-4.005849072612677753e-01 -8.523592677518589122e-02 -8.837334487633796698e-01
4.003577902741634609e-01 1.419008976925958607e-02 -9.037188709778836149e-01
-8.292758530807479156e-01 -5.168274210683793113e-01 -1.655657290546904137e-01
-7.854704366717411013e-01 -1.402733945855443864e-01 -5.774102449545088778e-01
-8.326063842306005158e-01 1.774768846079453344e-01 -4.549430261797373087e-01
-7.286069252580787969e-01 -3.671074903550206048e-01 -5.520102523079170043e-01
-8.097408690027686484e-01 9.290774150268515941e-02 -5.345206786224229178e-01
-6.730695707360355717e-01 -4.885468036967929861e-01 -5.015295315300108969e-01
-2.030866360243798185e-01 -5.718654511608773916e-01 -7.762402432908058758e-01
-3.594443175772919497e-01 -1.109990841437171749e-01 -8.952821312434195988e-01
6.289415969396536243e-02 -1.656271255870647441e-01 -9.145883308723578020e-01
-5.305868553330702619e-01 4.221382455900397623e-01 -6.920466056100860186e-01
-5.256945852408489994e-01 4.637966673117235317e-01 -6.774497594833682745e-01
-3.741605352181496258e-01 -3.833592470974876709e-02 -9.106256036372430973e-01
-7.045195837994394639e-01 -2.483959042038958176e-01 -6.420893845257690247e-01
-5.646519147547763851e-01 2.140858519601858967e-01 -7.532205235873737914e-01
-5.915755444683349351e-01 -1.651550221623967474e-01 -7.464180160266508102e-01
-5.265430552173890888e-01 -2.672960077552085645e-01 -7.771565810244780437e-01
6.465937362700655555e-01 -4.915559646445865072e-01 -5.575389427400588849e-01
-1.939737507193954325e-01 -8.757525999062705513e-02 -9.589631697505356378e-01
-7.094795486883035407e-01 -1.548284883306723925e-01 -6.357278792974809800e-01
-4.841421392119758527e-01 -2.183010532649644619e-01 -8.121061903305022422e-01
-1.025038144748752350e-01 2.207397660678249440e-01 -9.510142842715998412e-01
-5.172292399147756514e-01 -3.275541124656261016e-01 -7.705130849761058220e-01
-7.795398478615540583e-01 5.982796357849651248e-01 6.666683067636569593e-02
-4.757042742440213967e-01 -5.301503972342591631e-02 -8.524700312662321089e-01
-7.028381975991799813e-01 -3.023556692964510240e-01 -6.228270869370895468e-01
-4.395908650803969087e-01 7.861467411566022689e-02 -8.534097445483533884e-01
-3.009507362304228995e-01 -3.411071898005669373e-02 -9.336822611277233452e-01
-2.355521931275271486e-01 -3.963779188772729167e-01 -8.521290372901800803e-01
-2.701840973604433538e-01 1.646621163615925865e-01 -9.320022077370614388e-01
8.483668355250399973e-01 8.922651673299648867e-02 5.017403254775208987e-01
-7.745821648670458970e-01 5.448686833164846366e-01 -2.393285414771047781e-01
-8.827042843275380024e-01 -2.758241195816431013e-01 -3.293676221559638240e-01
-3.733384150373485477e-01 9.154437893677328519e-01 4.392744474927984255e-02
-5.240521069082693106e-01 -6.591492485156515979e-01 -4.952878134348011607e-01
-5.071855594721385030e-01 5.805817176048907458e-01 -6.233631427227881439e-01
-5.747179905922663590e-01 -4.084636167614146274e-01 -6.752733708802135526e-01
-2.794858243067807613e-01 -7.303582952142422258e-01 -5.930649183631744314e-01
-7.849601141367354984e-01 2.719731666519859536e-01 -5.138777167956724012e-01
-4.003978837499487797e-01 2.429268884019975538e-01 8.659882893690822314e-01
-4.685468887614613331e-01 -2.603405316587898977e-01 -8.218028596798044871e-01
-8.951428496357147768e-01 3.531247744616239359e-01 2.488127876016101026e-01
-7.211769879787631732e-01 2.750382410016276036e-01 -6.036660458311976507e-01
1.662411383943503407e-01 5.304059973891405572e-02 -9.727798929686185536e-01
-4.947244290463725935e-01 7.198040629975986475e-03 -8.259166339869223883e-01
-3.931464334626675328e-01 5.582379866046441874e-01 -7.137629318930622802e-01
-3.924415693919141024e-01 -5.774726380068421205e-01 -6.888278548825440550e-01
9.923353281733873210e-01 -7.471511150254760147e-02 -6.488078761533584704e-02
-7.866089281463701788e-01 -2.165914156498131016e-01 5.492109102186260028e-01
-1.163606787843860235e-01 -1.755022878766461514e-01 9.738835484846534163e-01
-5.547352899611563970e-01 -1.745037856558017131e-01 -7.759643874222598159e-01
-7.387225971755119469e-02 -2.271629051375327613e-02 -9.792118206317125262e-01
-8.092096150049653547e-01 -2.672252742645259832e-02 -5.552299922244851027e-01
-3.290100226725589661e-01 -2.934982464606132879e-01 -8.820298385364048199e-01
4.547803107676358092e-01 -7.624627266248383828e-01 -4.454165567185090491e-01
-7.536437038923521348e-01 -4.781908525640252150e-01 3.871890753738015389e-01
-5.175136823392315621e-01 -7.395570384116733065e-01 2.694784784103834707e-01
-6.202854334128830027e-01 6.035232586146674905e-01 -4.830159755479461747e-01
-7.724989389038252607e-01 -2.618474424924392419e-01 -5.498140479507920286e-01
-9.303499935637979945e-01 -3.296382557915615852e-01 6.773741618964034331e-03
-3.763443449376941974e-01 2.787015256760043691e-01 -8.516203311574785939e-01
6.247350569815868226e-01 7.748434332990224993e-01 -3.414881945610703101e-02
-2.221440052577154656e-01 1.624098300653456506e-02 -9.535970819573407198e-01
-6.867836372833283631e-01 5.566645375619261316e-01 4.279491053974945891e-01
-9.630152297746834567e-01 -1.505305507671372278e-01 -1.113919056806874364e-01
-3.413999921741017185e-01 -3.691804854427369054e-01 -8.408695678451921784e-01
-4.230824454038839000e-01 -4.094759546454670995e-01 -7.780388638999055084e-01
-1.827708976630466886e-01 4.500666753278769194e-01 -8.557014853891230510e-01
-9.295622269492870293e-01 1.543191637064482979e-01 -2.044127021776283304e-01
-4.649580410648015971e-01 2.943802778565037803e-01 -8.040139303889243250e-01
1.885093405688741397e-01 7.537262265782506132e-01 6.237170013870706464e-01
-4.158691783136254649e-01 -1.479893141861578221e-01 -8.709076746116187762e-01
-6.082735199378127566e-01 -1.391574633143597139e-01 -7.398109432008622699e-01
-8.591275769404682627e-01 2.900619926727735897e-03 -4.821504061273995667e-01
-4.380382019250608217e-01 2.227653278701948736e-01 -8.472570847525267013e-01
-1.521350042731719199e-01 9.265366264465960122e-02 -9.636337243999160140e-01
-3.136298863081784516e-01 6.238996956033798086e-02 -9.247617148578136659e-01
-8.147137804256416871e-01 -1.916278527281604083e-01 -5.097074884313852472e-01
-5.968311254181407621e-01 -4.957714213257608526e-01 -5.896512096709686235e-01
-9.012592446546225933e-01 -1.028010608568845352e-01 3.479908727381616496e-01
-3.618702746623700950e-01 -1.718967106332645600e-01 -8.948499621592147513e-01
-8.903194206641746877e-01 -1.331455663971897740e-01 -3.841796618236896221e-01
-2.785056616694077114e-01 -1.132956272874681147e-01 -9.366736511525317610e-01
2.590257480470485249e-02 3.344284588331724040e-01 -9.147672775607249562e-01
-4.625658505603836845e-01 -3.296148013569906166e-01 -8.004425248280755412e-01
-2.649589627132940550e-01 2.946303390989891691e-01 -8.968078635426586231e-01
-6.438517031729800166e-01 -4.024604273000642607e-01 -6.096418673178122249e-01
-6.876238817256760671e-02 -3.647412136841318153e-01 -9.000057340493550218e-01
-5.003617808480039786e-01 -4.206298165459876892e-01 -7.292566188456400811e-01
-6.282502409068096982e-01 4.044022878254637798e-01 -6.240806061475634436e-01
-5.310101814145005150e-01 -2.044736506837880607e-01 -7.869304718474162685e-01
-6.328459350102215719e-01 -3.197899901329594452e-01 -6.855124236100933466e-01
-5.830861339339236116e-01 -2.688343707692325002e-01 -7.380304739431507999e-01
-2.555659697088317750e-01 8.107226083251705129e-01 -4.770646147491551803e-01
1.700211083986196414e-01 2.948475340199652739e-01 -9.288097740077264630e-01
-8.345979739767378502e-02 -1.858750638489246876e-01 -9.539501852602007004e-01
-5.081718040145691839e-01 7.819135201223470499e-01 2.877149534441091894e-01
4.224078473904994135e-01 -7.779457003047310915e-01 4.590215938359905046e-01
-2.251753612545354666e-01 -2.033321645460106630e-01 -9.378320371068619155e-01
-2.964802151624341686e-01 -2.150166922497523114e-01 -9.077692585306491591e-01
-2.844259452847794356e-01 -5.599635378890484017e-01 7.184543229170533563e-01
-6.979395175259007766e-01 -7.039680690344957137e-01 -6.695283652034803024e-02
-5.722013461200159412e-01 -3.414132666832215279e-01 -7.169293981571815966e-01
-8.340645493775468156e-01 -9.366606186350291685e-02 -5.166878971916775143e-01
-9.592813919157802127e-01 -1.818334342645250845e-01 1.138659487561487216e-01
-9.614409814322718573e-01 2.405142876690344600e-01 -2.066970103088581687e-02
-4.057259055375838641e-01 -3.133027746642896294e-01 -8.399744776268642799e-01
-3.924934810102421734e-01 -2.271493279849113311e-01 -8.688897466081405563e-01
-8.917848576756981505e-01 3.685556353333393487e-01 -1.971458939952219214e-01
4.404136458162959400e-01 4.502332718150930391e-01 -7.640577708872948737e-01
-2.027768845666499120e-01 -2.960838733028089975e-01 -9.139770723249321938e-01
-6.160526540622749403e-01 -5.373661162439212491e-02 -7.415885754882125536e-01
-5.853470827859839076e-01 7.276043641135361562e-02 -7.460885065875572097e-01
-5.639961844849100681e-01 5.423266254300717487e-02 -7.576475369294553008e-01
-6.969081621640100810e-01 -6.773656569040012454e-02 -6.591513195987060980e-01
-6.022671543991086063e-01 1.769907942732910910e-02 -7.278348570782693372e-01
-5.330791178971285849e-01 4.588572515987748845e-02 -7.881507042240852856e-01
-6.013457914327489107e-01 -3.771885895869273725e-02 -7.433298040284641583e-01
-5.349911976669936564e-01 2.645068591157055671e-02 -7.849272233532142984e-01
-5.497224607827070342e-01 -1.568129632777281665e-02 -7.823243222421852883e-01
-5.961495048862700541e-01 4.903649590630568961e-02 -7.362553523638664110e-01
-5.628007087621942350e-01 2.539117086522028888e-02 -7.588316364166793893e-01
-6.056295649199356923e-01 8.686550054515700114e-02 -7.342586233149069885e-01
-6.270101460242992752e-01 -6.174960120419047821e-02 -7.133670355705845623e-01
-6.313114860453226118e-01 6.619555590241454901e-02 -6.986467290707895073e-01
-6.727423311498852421e-01 4.915941194391607472e-04 -6.875588979272058143e-01
-6.790297862118290784e-01 1.354287565387234105e-01 -6.723525457813201989e-01
-6.755626031986479152e-01 -5.607168721304190556e-02 -6.938694612548476082e-01
-6.508105084824761244e-01 3.993935159199941271e-02 -7.047378015143446195e-01
-5.501151733164237889e-01 3.782562979720324736e-02 -7.664907358442428764e-01
-5.609396389339602607e-01 8.742007366091898712e-02 -7.609903460545421883e-01
-5.759145923631596720e-01 2.756033826972068695e-03 -7.497937225793863680e-01
-5.921017885825698990e-01 -1.219208942676484886e-03 -7.410112729357456463e-01
-7.461394320147302084e-01 4.859173242676110421e-02 -6.077348385041775325e-01
-6.227021821331003570e-01 4.103539213841485289e-02 -7.230292756574314694e-01
-6.649529531497881951e-01 5.026200497003506518e-02 -6.805512521782981494e-01
-7.237408328633109234e-01 9.091775573897747931e-02 -6.318807196583507979e-01
-6.410804062884077892e-01 -3.186247574266622140e-02 -7.189393982938671046e-01
-5.387900442847037841e-01 1.023870863165715489e-01 -7.751126045134114628e-01
-5.352074163963718156e-01 -1.121349055266687156e-01 -7.962879580488996245e-01
-6.164747310946886438e-01 -6.196383677146847027e-03 -7.249024739379256177e-01
-6.901081041470181754e-01 1.894020728290373712e-01 -6.566778106082522548e-01
-6.907020120691883536e-01 9.106103864760141386e-02 -6.718158267457737809e-01
-5.534971161092190339e-01 1.506102919105755666e-01 -7.800698249701518705e-01
-5.147742095913039329e-01 2.139200802297063775e-01 -7.890733353767248603e-01
-5.070590843934946745e-01 1.561370771836882165e-01 -8.102082237145536991e-01
-7.078433351909099169e-01 2.613730549091585961e-02 -6.589699171016177859e-01
-6.012278289560223365e-01 1.675618976474339272e-01 -7.357453362434422939e-01
-6.483255841407218334e-01 2.263598872507976423e-01 -6.780532552719578110e-01
-7.426937707054416249e-01 -6.360607373990130597e-02 -6.187392139445632155e-01
-7.312021256507017508e-01 -7.174132625654878331e-03 -6.213073838387648262e-01
-6.303888098114056593e-01 1.495739826370012793e-01 -7.122528925539548528e-01
-6.448196331391483627e-01 1.119543569019072343e-01 -7.134321382159800606e-01
-6.639980337926669751e-01 -8.375349630075738794e-02 -7.084585924703411530e-01
-5.140919194421044169e-01 1.035038346494306372e-01 -8.049986079411678430e-01
-7.082051967871640930e-01 -1.278465499429960739e-02 -6.628993187496031725e-01
-6.565055247448865483e-01 -1.905131844001166710e-02 -6.978712244772301565e-01
-5.167116902432007386e-01 -3.601169899081795023e-02 -8.012007721009096750e-01
-5.089152551506830324e-01 -5.544075856058506419e-02 -8.112246662131363806e-01
-4.942715089073336232e-01 -5.422413740789396724e-02 -8.322403302135217285e-01
