1.510591966355055160e-01 9.734707768908597014e-01
-4.179496095653169041e-01 8.925946565984603787e-01
9.159144592429191434e-01 3.087699206707326671e-01
7.730282559220704730e-01 6.141964781373987492e-01
-3.237482230242458292e-02 9.642157933381648727e-01
-8.562982628420125197e-02 9.787068755638542727e-01
7.997435107144521549e-01 4.314549543460897696e-01
-7.681161751028699192e-02 9.804392360848139809e-01
-3.424033128165540618e-01 8.756496007382738034e-01
3.325788953239353085e-01 9.128122301924687099e-01
7.919710328760870555e-01 5.471253768900881109e-01
-5.768896963490980356e-01 -8.069660413845042291e-01
2.173647328768784359e-01 -7.826055948039625232e-01
5.244871911458173219e-01 8.073940630671955221e-01
-8.047165021695615872e-01 2.146173130069977952e-01
-5.638288335935641715e-01 -8.122401540397835573e-01
7.052820944560619365e-01 -6.890864073251363742e-01
7.210527059556472995e-01 -6.783973594470354973e-01
-8.739648494927940714e-01 -2.399658502180559150e-01
-1.821860403649459559e-01 8.484594673879707338e-01
-7.106689431411579438e-02 8.696328728322402224e-01
4.003204365557360700e-01 7.360508089274097054e-01
1.914815052925824546e-01 8.972882413118505873e-01
4.502656295805008702e-01 8.818512828597017128e-01
-2.881174330068429421e-02 8.736306170428799200e-01
-8.682827096477233608e-01 -4.284543229617320814e-01
-7.045966364980617014e-01 6.630490239675725928e-01
9.363644796756205313e-01 -3.295679872612390926e-01
4.000132878412971937e-01 8.026380348210778726e-01
-4.747871361654307926e-02 -9.779053284294255688e-01
-6.836621337848620694e-01 4.662076449138517487e-01
5.572953082037677142e-01 6.996192086213256500e-01
6.474510120237315924e-02 9.585502378353628616e-01
8.308990919590005797e-01 -4.098970507268424046e-01
8.810315305818412490e-01 3.592909691722320081e-02
3.191072587766034530e-01 -7.218031148548845755e-01
7.993755090998434509e-01 -4.697094387833800067e-01
6.617384372216081889e-01 -6.675834528459362316e-01
-5.838496040388422292e-01 7.817868201369259085e-01
2.232684369611812603e-01 9.524155193524239671e-01
9.671154300290876193e-01 -2.059999957798118730e-01
-6.549956058127905933e-01 -7.439744190492212361e-01
5.710606832103803931e-01 3.523839605694388810e-01
1.293109023709455851e-01 4.923404235610576163e-01
3.824910793312719104e-01 8.235607986973706440e-01
3.581401738060507878e-01 8.573333904394372373e-01
4.510005862524777420e-01 7.336465151243279914e-01
-2.562037917265589382e-01 9.143672712549325565e-01
5.727317697643202754e-01 6.338046720740838635e-01
-8.754674116252744720e-02 6.948109169531769824e-01
-2.841798228960358552e-02 -9.262401538223412611e-01
1.688931435263442415e-01 9.530503720750411745e-01
-5.533521927140384600e-01 8.106034350857449500e-01
5.537536239187694775e-01 8.004322040904474633e-01
-9.172944695890136169e-01 2.236668469606571119e-01
8.715040137580767898e-02 9.178152052280804662e-01
5.837850086421040308e-01 7.623329639606302166e-01
-4.571886919996482890e-01 -7.886827224499517452e-01
2.892177035916481120e-01 9.384415588569416933e-01
7.180373227252264678e-01 5.868288642327991189e-01
2.380689046288058178e-02 9.909757249178609007e-01
1.932150701331475928e-01 9.703120684498428572e-01
-8.279084197414673385e-01 5.063181922530026746e-01
4.321369123601123130e-01 8.105487373101655235e-01
-4.577700947727333380e-01 8.102446221880978960e-01
1.410512327389342180e-01 -3.354023395715974298e-01
7.976401960454081452e-01 4.845618729082940557e-01
-1.833635878384540230e-01 9.355669911866612010e-01
7.727637850048123536e-01 5.548702634090610930e-01
6.708655655818523966e-02 9.847377460585352571e-01
-3.836956804058003212e-01 7.858730708096329787e-01
1.627197236924576851e-01 -9.484805673931425707e-01
3.658214136015005002e-01 8.772272098531432860e-01
4.653048337259999695e-02 -7.157232320907401801e-01
5.738632555455989159e-01 -7.295328350424902242e-01
6.419693607457820361e-01 -4.760789772077564930e-01
4.701476962842744411e-01 -7.314528012983396721e-01
-7.766509871517858314e-03 9.546407961343853499e-01
3.446530638949145686e-01 9.227184821877431053e-01
4.942065195310423320e-01 8.501034329443908355e-01
7.171338846888064555e-01 6.640999194958417950e-01
4.632694953606694699e-01 8.680426542665727885e-01
-1.559857979764872615e-01 8.982675541221795124e-01
-6.626477284231659937e-01 7.324922779597394795e-01
-5.285548602877777613e-01 4.771299927286038467e-01
6.571055869428490404e-01 7.035217492612572121e-01
3.753112471969867747e-01 -8.548197895900094823e-01
2.476692261686356256e-01 9.438951783408114915e-01
8.848591538853216587e-01 -2.846121138860313593e-01
1.122435166255920380e-01 9.789434960162007870e-01
-3.433504795654496178e-01 -8.972860402897407939e-01
-3.793966477260677372e-01 9.076776911955120042e-01
2.840369004506383410e-01 8.985386205959418060e-01
-5.855299942805539670e-01 -8.060002837219812921e-01
3.982972496370115190e-01 8.786670948879586884e-01
6.282261891527300968e-01 7.336126288631584780e-01
-1.266668426478192444e-01 9.565986409269567892e-01
-3.426303596281530250e-01 9.197214880293609340e-01
4.904313577346838815e-01 7.856102429836452350e-01
8.586576196012348783e-01 3.525824360012842495e-01
-2.814641469748433919e-02 -8.116334896206796046e-01
6.823035267809239857e-01 -7.127807517454856079e-01
-4.771133560605737567e-01 -8.491335387609290075e-01
-3.810618038592755719e-01 -8.839787118900156448e-01
-1.489173212500307097e-01 -5.907467101696867173e-01
-5.294684989035324252e-01 -7.914953395976376260e-01
