1.331250580056494437e-01 9.665169775776797367e-01
2.066238741384830713e-01 9.683799013933035438e-01
1.365247963890139637e-01 9.804246256957633854e-01
-4.450186175175308012e-01 8.847415076333801087e-01
-4.379719286693197766e-01 8.738564308540560654e-01
-4.275879948057479951e-01 8.791382768042245166e-01
-4.333005135022353627e-01 8.910148683316205798e-01
7.985943402033089944e-01 9.664159640224265213e-02
9.014819870290174952e-01 3.233750119436097636e-02
9.020865350870995725e-01 7.167231250517008823e-02
9.107789068338344451e-01 1.151395535784782709e-01
9.027263850732093475e-01 4.431721876205910876e-02
9.035081547585845918e-01 5.715985294273138312e-02
9.526856462836180706e-01 1.586454893861235227e-01
9.503141011107310021e-01 1.721701709847718587e-01
9.578061706535627717e-01 1.025195316093318598e-01
9.574425062150443422e-01 1.101274544794220434e-01
9.569822770853455562e-01 1.173021889725369415e-01
9.548133507500911055e-01 1.429301919390922604e-01
9.473979729827353147e-01 1.871512010853403352e-01
9.559420200751539420e-01 1.275358364211718054e-01
9.587402990311993944e-01 7.088649705733027218e-02
7.623694975444557098e-01 6.205193023845385625e-01
7.591956745287096187e-01 6.245693881192329044e-01
7.502686605060954195e-01 6.356008959685622850e-01
7.732829745614261396e-01 6.057641747014647082e-01
-1.368879462168282324e-01 8.075420833482412908e-01
3.559782428416578826e-02 9.786424654500631704e-01
2.316858481149263599e-02 9.582799741847323194e-01
-7.126121977870459104e-04 9.642491996692278411e-01
-2.351788385197535122e-02 9.612549972192317993e-01
-1.718797474803260283e-02 9.629926626902652886e-01
1.599222857113248228e-02 9.838966521500347451e-01
-1.008463659726558381e-01 9.747698220487918119e-01
-9.087607255582154375e-02 9.760940932619569521e-01
-6.756807231792621993e-02 9.787557578900467625e-01
8.003329438381029393e-01 4.743360952173543144e-01
8.128853610984256850e-01 4.441308792302359754e-01
8.063593505077628620e-01 4.602035902699802006e-01
7.079541395625778000e-01 3.579332028670371146e-01
8.606526861383032578e-01 2.398880404002402822e-01
-9.335461975377404298e-02 9.743012409275120245e-01
-9.532539912982375407e-02 9.868566840164134657e-01
-8.003625587787059625e-02 9.761047100157301815e-01
-7.255172213623295452e-02 9.772981169026534465e-01
-8.155293815009935499e-02 9.423666937835016855e-01
-8.941560356436920043e-02 9.776442562251062007e-01
-3.423265232773752831e-01 8.555182786664397021e-01
-3.075598285235600637e-01 8.769680783436543114e-01
-3.230298648091763924e-01 8.124801165818142934e-01
-4.069582821632529157e-01 8.477096396837847658e-01
-3.304537450218715811e-01 8.996974821602102823e-01
-3.014456485182960277e-01 9.128577396662953536e-01
-3.847738071625645961e-01 8.693631722749358692e-01
3.173320462225951988e-01 8.718933696242365805e-01
3.182276180877634530e-01 9.126139175270752135e-01
3.259236829956204118e-01 9.118556144267772057e-01
3.396292089499126643e-01 9.066944447769781368e-01
3.277314069630822280e-01 9.316009549815678081e-01
3.317507984107296859e-01 9.302316899406000150e-01
3.237535198018400839e-01 9.329007190324619669e-01
6.743366524713017007e-01 6.581892378644496056e-01
6.623250416002952612e-01 6.711862630394237472e-01
5.660447373747636846e-01 4.641855068203972756e-01
7.356763053340398262e-01 6.395179303031546247e-01
7.312759788255034366e-01 6.448981177043662250e-01
6.907701948220809074e-01 6.904892216685805106e-01
-5.812617944560188876e-01 -8.044967061591492552e-01
-5.740650676666418928e-01 -8.098938479860778861e-01
-5.764878275657424611e-01 -8.082178163926203585e-01
-5.793983434745202388e-01 -8.059527703306922364e-01
-5.668300487856736680e-01 -8.151165176155459324e-01
-5.782123157150965698e-01 -8.069163789132673958e-01
-5.752696800550065603e-01 -8.090543007055595037e-01
1.750724949845170741e-01 -5.440091509328245367e-01
1.854599148861196534e-01 -8.405242764131282129e-01
2.213617666264487693e-01 -8.359843839804506072e-01
2.494836259164111281e-01 -8.321948679234691948e-01
3.800882357433303382e-01 -7.766107957559236219e-01
2.936276479351622171e-01 -8.178576050071502124e-01
5.256550006573680323e-01 8.201573334351518474e-01
5.334460748305175359e-01 8.142124161892364542e-01
5.219764750436961531e-01 8.227645997167514214e-01
5.294956815663466321e-01 8.173155248749532920e-01
5.007250078393065129e-01 7.759234362267712903e-01
5.094436902453490790e-01 8.317464887748209357e-01
-7.650555413542007299e-01 2.789702218041305581e-01
-4.658300919446392574e-01 1.378023228536821021e-01
-7.809683205497865988e-01 1.075052913281953904e-01
-7.829642969604942992e-01 1.522132768315228590e-01
-5.677734954701900705e-01 -8.142919607223125800e-01
-5.569773314613667425e-01 -8.101594787210305570e-01
-5.629384747917363097e-01 -8.056088525844218307e-01
-5.687993805975841699e-01 -8.016871014416946384e-01
-5.698709465410186636e-01 -8.127762650200335282e-01
-5.601535323793572774e-01 -8.198455770336707804e-01
-5.553935473642780396e-01 -8.227655247967721186e-01
7.105849975326133938e-01 -6.844866373818193628e-01
7.000402509334784362e-01 -6.954371809470535348e-01
7.143725960727768109e-01 -6.803258530417894967e-01
7.202504679650753028e-01 -6.739202762470080099e-01
7.122008268507225015e-01 -6.827007763001939900e-01
7.266153791874557788e-01 -6.786268982923470139e-01
7.289124150583912165e-01 -6.759901320301459071e-01
-8.962438909622088001e-01 -1.900251339046636900e-01
-8.885190323024372283e-01 -2.256338880811999126e-01
-8.925553156739107763e-01 -2.078620272307143690e-01
-7.608848237273239112e-01 -2.473279196135209634e-01
-8.996259469335652348e-01 -1.713736456772023409e-01
-8.674003336165160283e-01 -2.966914023013393353e-01
-8.116100315066716864e-02 7.447834551201756303e-01
-7.601987075661029158e-02 6.333199963987266035e-01
-2.626875926928339267e-01 7.786106168583661891e-01
-3.349742170199382918e-01 6.308265531011967298e-01
-1.578766918322612733e-01 8.109993066886266311e-01
-2.817830130141538159e-01 7.516590320715199613e-01
-8.449887469347905702e-03 7.569694415673030585e-01
-1.178623788068852429e-01 6.418420595039081578e-01
-1.930968253524674161e-01 8.100277929704040591e-01
2.207519840177860765e-02 9.366740406048085221e-01
-1.671643523616958837e-01 8.278419610790974659e-01
-1.175914687994071423e-01 8.972001930105395484e-01
2.776262143878445721e-01 6.803371968572851092e-01
3.916309491243261665e-01 6.118051304863593165e-01
3.438762706829772142e-01 7.846439808636963553e-01
4.996159196223398657e-01 7.393012808637593469e-01
1.364241342062975648e-01 9.230895137247973059e-01
1.788367038365017148e-01 9.142158745475584825e-01
1.510635076627058482e-01 9.191686860161741857e-01
2.112780851565625451e-01 9.113380218739248750e-01
4.510833129844539213e-01 8.759963974063109671e-01
4.554240474252441717e-01 8.833634958039119356e-01
4.578155443462872398e-01 8.820518283611235022e-01
4.415633750872935415e-01 8.807368063864888796e-01
4.528039904063191901e-01 8.847244547285484373e-01
-1.770161971311845772e-01 1.876965634450327991e-01
-2.013374707407925360e-02 4.564974340970582301e-01
2.043125463544274156e-01 7.786720294611295667e-01
-2.094100792304959616e-02 7.135414954682884892e-01
-2.933058722920687811e-01 6.732719205993138445e-01
1.795188019066970911e-02 9.099650579154217045e-01
-4.599981943461621259e-01 9.882554411359047164e-02
-4.805852345797855252e-01 2.217867528601615845e-01
-8.557397991848698648e-01 -4.726051296677379887e-01
-8.181900179690311248e-01 -4.803345613440996309e-01
-8.069149058458090495e-01 -4.982605585237050994e-01
-7.668119907813304437e-01 -5.331074582904696962e-02
-7.848238238856813931e-01 6.316456148581482688e-02
-7.912083407483792019e-01 -3.505062747714712389e-03
-9.054398240788507080e-01 7.447750513373009584e-02
-9.028226301471251602e-01 1.309829257160941285e-01
9.383335296677088877e-01 -3.309006376464392329e-01
9.371913706515219156e-01 -3.340471911761079271e-01
9.365780322666849012e-01 -3.356281572432800453e-01
9.389312424800139167e-01 -3.290633534992475906e-01
9.377606367410654675e-01 -3.325236461387893749e-01
9.310955760656913771e-01 -3.310690786244062656e-01
4.562545697499633679e-01 7.974616572992327956e-01
4.896291987387882960e-01 7.507477947267813256e-01
4.606015628303941067e-01 7.905204050064471577e-01
4.777193840481754883e-01 7.636058766591528046e-01
4.651236426683552638e-01 7.806536793950572539e-01
3.461342332187136717e-01 5.795349270347607273e-01
4.341331038715651736e-01 8.298572652071657396e-01
4.051723344535274607e-01 8.469455746256852047e-01
3.995055707354978058e-01 8.496226996004094811e-01
4.192592037402781968e-01 8.388990927823337662e-01
3.403590715138509748e-01 8.662003781230789290e-01
3.123862305832489361e-01 8.366163469588854262e-01
3.840292110102807577e-01 8.558761951405573498e-01
3.345423090737564276e-01 8.669408796452438004e-01
-5.607064951694665234e-02 -9.686620335488967948e-01
-4.479832520518718664e-02 -9.690566631877497450e-01
-5.843780901919638088e-02 -9.858470640415767372e-01
-3.693759875019295147e-02 -9.695969721279212861e-01
-7.238877027624392169e-02 -9.676721330446065306e-01
-8.048803898995544881e-02 -9.839092177493398150e-01
-8.560335658874451692e-02 -9.832456435571073072e-01
-6.918248439093807600e-02 -9.852247243588082570e-01
-6.180342441454848013e-01 6.232115265126589310e-02
-5.952716189995511664e-01 -4.042786321351854451e-02
4.530713990095341925e-01 7.813426086295164330e-01
5.940455565719695574e-01 6.969982260082364656e-01
4.484869799959269598e-01 6.277903010330228017e-01
6.009630038858547740e-01 6.826513731352605863e-01
5.994579726543562970e-01 6.912150845138025357e-01
5.951593954905241013e-01 7.042098286357061365e-01
5.119674839819691181e-01 7.097852597295991606e-01
6.092330035107831332e-01 6.802212916433179046e-01
6.118781468285718894e-01 6.717551975498572414e-01
6.114471324335136737e-01 6.617789650953063152e-01
5.576655753270599591e-01 7.494841943699829256e-01
5.424644225571185752e-01 7.595973462255599662e-01
4.644429257240659803e-01 6.760528418700656461e-01
4.764830460783193167e-01 7.646528230261420145e-01
5.631782710232260403e-01 7.440828430899339985e-01
5.691513214892861550e-01 7.387493491969858717e-01
4.931808156372865376e-02 9.333332445127080490e-01
4.755788855760446909e-02 9.735674564605101278e-01
2.895447166715000784e-02 9.728748835130052175e-01
5.616220568210394948e-02 9.735643406040523917e-01
7.675115101759320824e-02 9.716114987014387028e-01
8.751068112318131087e-01 -2.100342640405647998e-01
8.962891733766128466e-01 -1.123031396033116747e-01
9.064494406366853108e-01 -4.791002629868953283e-02
9.053768516812080724e-01 -2.055521125587068607e-02
9.058612593560665394e-01 -7.361214561126414035e-02
9.077398339163536001e-01 1.618089905010827029e-02
8.863006498114905929e-01 -1.692201340481552241e-01
9.070925318209498434e-01 -3.766916236589022693e-02
8.952416550461466116e-01 -1.307146030351367116e-01
9.023027463108123092e-01 -9.376699827417271649e-02
8.874731150337545893e-01 -1.497734711388626627e-01
8.829661270464194134e-01 -1.791678137346980337e-01
7.576820596239179917e-01 -1.032736970840817253e-01
8.350540802682171471e-01 8.540459932947667282e-03
6.147448569270133056e-01 1.117809083665803616e-01
8.367079350196282572e-01 3.356360258927552215e-02
7.237512135131684010e-01 -2.680431261206330795e-01
8.993373677112179720e-01 -1.069237170448027324e-01
8.350308609915034763e-01 -2.186287276062923723e-01
1.535194411132750070e-01 -5.417782872201404309e-01
4.556736221035186940e-01 -6.609713212323897746e-01
3.699588467929641467e-01 -7.649133161235615042e-01
2.750665180002654364e-01 -8.282479700614713281e-01
7.615523667397111618e-01 -5.290056977420892759e-01
7.857226228051567007e-01 -4.929924528155220642e-01
7.672360284790179508e-01 -5.172098761984056381e-01
6.954057468516837703e-01 -6.755653931754745933e-01
6.779959671313305902e-01 -6.927840291373073001e-01
6.561255495625671896e-01 -6.549470917260136194e-01
6.935983262241381953e-01 -6.109785373790017626e-01
6.852116739843348014e-01 -6.195322820709483480e-01
6.280127760743441367e-01 -6.773442844869557167e-01
6.737403571887342624e-01 -6.303296696036306823e-01
-6.353256415393900847e-01 6.869869830415796796e-01
-6.360638899339388086e-01 7.374384915348777270e-01
-6.285868106732300786e-01 7.443797192144770980e-01
-6.573014853449238304e-01 7.163515491751579756e-01
-6.658910933435063795e-01 7.071531891384235102e-01
2.233706487505623395e-01 9.495128894957506338e-01
2.172862361173113765e-01 9.509944889798500611e-01
9.702608109024881688e-01 -2.039041799378681630e-01
9.585330547255366263e-01 -2.043309086985043710e-01
-6.610065106197354767e-01 -7.392007394659902975e-01
-6.483484893100914803e-01 -7.506027619800273998e-01
-6.513508362619545577e-01 -7.479997476692709091e-01
-1.717826199986052793e-02 1.190272951932207501e-01
3.236119254643225474e-01 3.537283186396400492e-01
7.158229644869986696e-01 1.648268838651419377e-01
4.242139709182445317e-01 1.705014757311890672e-01
2.185540411370827663e-01 5.025624531471708512e-01
5.856763421239374878e-02 5.799421846940319147e-01
2.754774179581437332e-02 3.706376508941993664e-01
4.013904306303070144e-03 3.279164192177049242e-01
3.062763930506712251e-01 8.422600808893457858e-01
3.974763014799314598e-01 8.342452221243336075e-01
3.872573918688420602e-01 8.387689585577278173e-01
4.577664535847541516e-01 7.573239429313537441e-01
4.913291182533290891e-01 7.492765356231317897e-01
4.396411347609618936e-01 8.449794084213293477e-01
3.592227205377890864e-01 7.780545094596256206e-01
3.207213674072905696e-01 8.497479366868931905e-01
4.027660560461954198e-01 8.666645353733958279e-01
4.080838861022720310e-01 8.641801390114187686e-01
3.820693670589481172e-01 8.787864015609233581e-01
2.697557482211512814e-01 7.970478192997635380e-01
3.125475446953728254e-01 8.579172432378108226e-01
4.779059832475237579e-01 8.022049550901250159e-01
4.260002895098588538e-01 8.557428696368191146e-01
5.072190534917111471e-01 6.629490557915407312e-01
3.482890672710780566e-01 6.107139141156684436e-01
4.567608478764309532e-01 7.907503708033217782e-01
4.399131026358008012e-01 8.008557587989345583e-01
4.160045946024542585e-01 8.177814698518578451e-01
4.487164095536909092e-01 7.969703587882975837e-01
5.153125799414098873e-01 7.146573981213186766e-01
4.591763089584967594e-01 7.748870890444896631e-01
4.831320683644900194e-01 7.220870019372253035e-01
3.754684601205085515e-01 5.443929756225686090e-01
3.114459926131953327e-01 5.276752867089464782e-01
3.321470977589216500e-01 4.902237912935123454e-01
3.859070137999993655e-01 8.402256441203977966e-01
-2.616902345647858508e-01 9.074139507997961429e-01
-2.689482636990295772e-01 9.041106967682516204e-01
-2.760603427507054008e-01 9.004311519351414494e-01
5.335038767248968528e-01 5.411992941421791548e-01
5.543454519537841518e-01 7.643634865971116188e-01
5.404491027951144888e-01 5.124455087744486104e-01
-3.074564405546716395e-01 5.255610254453355612e-01
-1.987723645742784651e-01 5.860137518793032685e-01
-4.162555996882171677e-02 7.535662831610404622e-01
-2.916121782985478528e-01 5.871163587029830655e-01
1.213460955866715874e-01 6.418656011721398658e-01
-1.687223885213156027e-01 7.241129957413755536e-01
-5.452036615225554911e-02 3.010829031379622656e-01
-2.800575678887556319e-01 3.934828073986894048e-01
1.666858496241862275e-01 7.835405433242140782e-01
-1.557483774443590152e-01 7.388951711758513508e-01
7.676509095478876998e-02 7.893014837797793781e-01
-2.498285086502779473e-01 2.966931505174946193e-01
-1.730536293348238497e-01 2.529459672404773540e-01
-2.904767225659267149e-01 4.328747551803077687e-01
-1.988507948788632573e-01 7.201334974896990149e-01
-1.510374704504147680e-01 4.843196234266177735e-01
-4.108622449049372655e-02 -9.284326611519584382e-01
-9.243418862365038180e-02 -9.233629458600515205e-01
-5.922634131892495074e-02 -9.271439631574107665e-01
-7.110923389861495414e-02 -8.240000989147486798e-01
-6.926305526707018934e-02 -9.274675939725725016e-01
-1.133203565043218591e-01 -9.623159028097172385e-01
2.152434551940950180e-01 9.117535929220923485e-01
1.625042257483152730e-01 9.419717025640431673e-01
1.188261027523236230e-01 9.649499836250822193e-01
1.116329167421919455e-01 9.624338461448914694e-01
1.250563578541241117e-01 9.642425940195407108e-01
1.860748962215912072e-01 9.530283733876893093e-01
1.965279162551840653e-01 9.502771867540980022e-01
2.035808450255744695e-01 9.486606442091886082e-01
1.928387120985793901e-01 9.510071490190638022e-01
2.000954561667066534e-01 9.494999185915090623e-01
1.890359460460575014e-01 9.517134834354646911e-01
-7.334820143618604460e-01 6.167738915458229609e-01
-7.522018474019418477e-01 5.910496783077977545e-01
5.406086275957054932e-01 8.096385862091958208e-01
5.146647880908157280e-01 7.625131155206880118e-01
5.514673213076083380e-01 8.012792830265054178e-01
5.658586169655278608e-01 8.107229534586323227e-01
5.538141799484922467e-01 8.196134757668839255e-01
-9.172944695890136169e-01 2.236668469606571119e-01
8.715040137580767898e-02 9.178152052280804662e-01
5.837850086421040308e-01 7.623329639606302166e-01
-4.394373849056221748e-01 -8.558986718927883430e-01
-4.385151109094424515e-01 -7.945354111801150587e-01
-4.785263261690294589e-01 -7.690755558011942439e-01
-4.876779474343190257e-01 -7.612349116828037721e-01
-4.542879694724081818e-01 -7.835059203341032674e-01
-4.988389654479540858e-01 -7.514537311637596861e-01
-4.287010527194931031e-01 -7.994916593089242962e-01
-4.702403046405552178e-01 -7.755620572841421811e-01
-4.479320496319598166e-01 -7.893523685765121423e-01
2.892177035916481120e-01 9.384415588569416933e-01
4.359304412631708758e-01 3.176993981523121291e-01
6.398284481375456911e-01 7.051499399639251653e-01
1.233529450391891574e-01 9.820532630882995440e-01
1.215974760571098684e-01 9.881097992134100227e-01
1.973688516199060272e-01 9.685747733693765849e-01
2.017053539548880614e-01 9.676991852305573127e-01
-8.279084197414673385e-01 5.063181922530026746e-01
4.269487724493879477e-01 7.878560982578560745e-01
4.705558889390911159e-01 8.385713946697535004e-01
4.409654243731707113e-01 8.569986474408408661e-01
4.221950749251008328e-01 7.246345189242897611e-01
4.263337690385287648e-01 7.013403859305510357e-01
4.264896491094096742e-01 7.445455241566107940e-01
4.465922502869479338e-01 8.549741430581857538e-01
4.394891936167559243e-01 7.104321468947907281e-01
4.748445138471278359e-01 8.356782083312379594e-01
4.837792558897162087e-01 8.294461485980352267e-01
3.869340381064415024e-01 7.573776924740794891e-01
3.642642639544405037e-01 8.259107238295346765e-01
4.800437472693829810e-01 8.330286564540121397e-01
4.146862354484897595e-01 8.603567846355819615e-01
4.083126513124132329e-01 7.548733110463354823e-01
3.699571583796265051e-01 6.969366361568760659e-01
3.399108820623838456e-01 7.268257141529163023e-01
-4.615334711379683319e-01 8.413487597983334565e-01
-4.372147921473359955e-01 7.676731548354821522e-01
-4.694541595616432694e-01 8.362672716950837470e-01
-4.700845894455042417e-01 6.618288790154170931e-01
-4.640684552236708504e-01 7.244288514540160318e-01
-2.904752432158480002e-01 7.054879361354253753e-01
-4.432041576664680349e-01 7.464306267942375506e-01
-4.892836068392453219e-01 8.222886321230881146e-01
-3.147115659254434150e-01 -4.592091947006229913e-01
-3.990167306113030499e-01 -3.640906826172377042e-01
-7.588597839259790534e-02 -6.382276197342735824e-02
8.717743631774614588e-02 2.146010950814444262e-01
2.698534787408550795e-01 -5.129097498992680748e-01
3.242151701153993953e-02 -5.333837931257803255e-01
3.311592485244166384e-01 -4.880061348585433834e-01
7.976401960454081452e-01 4.845618729082940557e-01
-1.869468139306962595e-01 9.100724358393096347e-01
-1.954387008819818417e-01 9.054734661475519752e-01
-2.034416482291599437e-01 9.000304689065106167e-01
7.727637850048123536e-01 5.548702634090610930e-01
6.165713287203987425e-02 9.876364696292078138e-01
5.588625967983349568e-02 9.878259653407811536e-01
-3.836956804058003212e-01 7.858730708096329787e-01
1.683007849519226606e-01 -9.614283656894991870e-01
1.756263046480962264e-01 -9.600560499516669344e-01
1.606817365316449420e-01 -9.626304840373138827e-01
1.530754461722055593e-01 -9.636454050948695116e-01
1.632807624224937859e-01 -9.290168428855658522e-01
1.829197740421294738e-01 -9.585603031032672305e-01
2.076655340559184493e-01 -9.195751090432245922e-01
1.194859787085462421e-01 9.373170172559208702e-01
1.037568723916424199e-02 3.820306300022028312e-01
1.253867102291053859e-01 9.357013494481429827e-01
2.518663878251289345e-01 1.371861033332334445e-01
1.421353447976125561e-01 9.382325996500412435e-01
-5.036226842561460776e-02 -5.365641270105669935e-01
1.237162132208724508e-01 -8.403993979718776819e-01
5.738632555455989159e-01 -7.295328350424902242e-01
4.233753181603941429e-01 -4.189587399326497597e-01
6.855677127970714047e-01 -4.360582653309279522e-01
3.732074556842044366e-01 -6.973947692475296334e-01
7.085787506042287021e-01 -3.613333946205941061e-01
7.131023886096901077e-01 -3.465610611616364301e-01
5.146828814500844507e-01 -6.155524482026432098e-01
5.839401173882039497e-01 -5.895965147242444582e-01
6.868859220100898000e-01 -4.702850720686396202e-01
4.968521780193294046e-01 -6.483931154423889787e-01
6.956302785430688029e-01 -3.957337958186671889e-01
5.972581939142139751e-01 -5.796950295366227746e-01
7.050713099239415138e-01 -3.760263441501910386e-01
4.378568317548770517e-01 -6.752099468226254730e-01
4.523006115226622104e-01 -6.777442947285878816e-01
6.840621371989674682e-01 -4.830864862520631853e-01
5.123830604658935473e-01 -6.345810054734140060e-01
6.659085724711443222e-01 -5.011061052745947597e-01
4.945569566272192685e-01 -6.311461574637307059e-01
6.399615891809227186e-01 -5.253602586098337079e-01
7.173584128883001565e-01 -3.313561854767908543e-01
4.106637902178335575e-01 -6.956876200527040144e-01
6.235241876917143600e-01 -5.235108236974621576e-01
5.942293687153293869e-01 -6.065627679580289922e-01
5.794066356773550641e-01 -4.098905979888718965e-01
4.964841302840392046e-01 -7.478303624782208781e-01
1.677231216596725139e-02 9.383002402032797340e-01
1.529890786360062205e-02 9.779158600975049742e-01
3.421060860847232599e-01 9.262734556037719447e-01
3.359160245043700810e-01 9.284754149035863158e-01
4.942065195310423320e-01 8.501034329443908355e-01
7.131868874253705082e-01 6.646630646496101136e-01
7.096041673162629682e-01 6.691379666934960113e-01
7.025470935522771798e-01 6.773882498190918477e-01
7.061285701102872903e-01 6.732538284622934244e-01
4.632694953606694699e-01 8.680426542665727885e-01
-1.559857979764872615e-01 8.982675541221795124e-01
-6.198751732591741836e-01 7.436947792556948267e-01
-6.417106069591173023e-01 7.486309143010920764e-01
-5.285548602877777613e-01 4.771299927286038467e-01
6.571055869428490404e-01 7.035217492612572121e-01
4.071415266941885158e-01 -8.482234673552541127e-01
3.919622606682104382e-01 -8.552136955052180856e-01
3.698215514113020741e-01 -8.646573076855252893e-01
2.476692261686356256e-01 9.438951783408114915e-01
8.680065020039404722e-01 -3.390307973431797017e-01
8.955245121855763824e-01 -2.538587457989189833e-01
8.727190398035823415e-01 -3.248282239225088186e-01
8.783297374478878927e-01 -3.078995279127143547e-01
1.122435166255920380e-01 9.789434960162007870e-01
-3.377802205525231027e-01 -9.023387570476836261e-01
-3.677832323280548210e-01 -8.912024453612473751e-01
-3.565849493741574117e-01 -8.431460395651136919e-01
-3.487092415869385564e-01 -8.986286735208428578e-01
-3.451314425132291919e-01 -9.220525084487344314e-01
-3.606983166097110782e-01 -8.939775301360302073e-01
-3.806762768088076676e-01 8.862748986373524263e-01
-3.857497137696377920e-01 9.077430244869854059e-01
-3.795255122533640058e-01 9.106160343970575166e-01
2.477948909158303181e-01 9.144785259698168245e-01
2.524554810534089255e-01 9.146994731625008868e-01
3.133411191112102090e-01 9.001114460525952987e-01
3.062229370094075587e-01 9.031642188633173252e-01
2.816942261537897507e-01 9.134499633691658405e-01
2.743131937084339333e-01 9.126098551144858906e-01
2.782601360293444626e-01 9.105690506772512460e-01
3.146944203271524465e-01 8.698785113004124936e-01
3.246061262476253595e-01 8.938019508116515910e-01
3.248620180874484675e-01 8.704114697640179532e-01
2.351451783976316323e-01 9.158338315397124285e-01
2.704478288569702182e-01 9.125790095833455906e-01
3.017668602973690994e-01 8.706532663265028615e-01
2.971442780460630817e-01 9.082840172620109120e-01
-5.854189846070244618e-01 -8.068079627220128280e-01
-5.838833200902096010e-01 -8.079305037962369873e-01
3.982972496370115190e-01 8.786670948879586884e-01
6.282261891527300968e-01 7.336126288631584780e-01
-1.266668426478192444e-01 9.565986409269567892e-01
-3.426303596281530250e-01 9.197214880293609340e-01
4.817966106636007995e-01 8.115994282007665817e-01
4.756182422711638380e-01 8.172450620765843166e-01
4.699306539424200624e-01 7.914085803936460328e-01
4.697747893143778275e-01 8.220232687592891052e-01
4.992139662895522800e-01 7.955586263720084705e-01
4.898985650027845029e-01 8.046626518011481544e-01
5.058500673213888188e-01 8.337178492253630724e-01
5.112580019073982296e-01 8.301161042424091141e-01
3.183333887683343910e-01 7.291808476036261144e-01
4.205393807131155293e-01 8.487148920704532529e-01
9.104911314019918933e-01 8.297848902809995542e-02
7.963371249457448231e-01 8.170971917078177771e-02
-1.355234959702950048e-01 -8.165130367197714900e-01
-9.127424821621504814e-02 -8.228664523159010535e-01
6.823035267809239857e-01 -7.127807517454856079e-01
-4.776990232461290620e-01 -8.343424665962326792e-01
-4.564443739641815267e-01 -8.458084286020314257e-01
-4.903611745604573025e-01 -8.526358552716204464e-01
-4.782184944119802217e-01 -8.607290349555923870e-01
-3.810618038592755719e-01 -8.839787118900156448e-01
-5.259964947110047362e-01 -5.519758425984709893e-01
-1.937144208719446814e-01 -5.289475784896061628e-01
-5.622808326670469120e-02 -5.102243393566271434e-01
-1.686235541894454959e-01 -7.884279913693335029e-01
-1.189197024026512201e-02 -5.437294029869426115e-01
-9.999415548505467821e-02 -4.933163470833255015e-01
7.374086678783214888e-02 -2.630446874340224284e-01
-3.787983284007329088e-01 -7.033642526914096749e-01
-5.503521883112977298e-01 -7.864493112248823747e-01
-4.975959140166856254e-01 -7.590930779333753264e-01
-5.179271482053836584e-01 -8.093101090639426287e-01
-5.233724390404679294e-01 -8.057768123595022702e-01
-5.290239779696224165e-01 -8.019051237422134548e-01
-5.361273424065672311e-01 -7.964797776893836057e-01
