-3.580742622068980308e-01 -1.655218996156261058e-01
-3.623107526909598586e-01 -1.648640052166760184e-01
-3.700666246086717348e-01 -1.613579441174380347e-01
-3.713223604805062639e-01 -1.654797642880700692e-01
-3.585777905499800133e-01 -1.657055112925710227e-01
-3.652935380381594488e-01 -1.670429210789611263e-01
-3.681812727796702212e-01 -1.650995200889825987e-01
-3.720674363362464487e-01 -1.644132343157367060e-01
-3.510983713886641211e-01 -1.064926378403386054e-01
-3.511751780850219107e-01 -1.034015345092058474e-01
-3.487613108382022209e-01 -1.023905168162377727e-01
-3.493375057217517066e-01 -1.010980738809090507e-01
-3.468915021530420972e-01 -1.014834299253162542e-01
-3.452211833252435413e-01 -1.004574983719151993e-01
-3.465310252327626905e-01 -1.001159896476650213e-01
-3.461888533997454775e-01 -9.892079935712048966e-02
-3.454852117356284613e-01 -9.874620239586719139e-02
-3.442009487316910477e-01 -1.000146466443826293e-01
-3.445764764269458325e-01 -9.883151606660715849e-02
-3.577950993645862554e-01 -2.305731958344999222e-01
-3.581765528910227925e-01 -2.311713267103510661e-01
-3.571603801401868616e-01 -2.317583937906497471e-01
-3.585150479898598919e-01 -2.316748311051211873e-01
-3.576470634758512901e-01 -2.318507443146553271e-01
-3.565598896695381104e-01 -2.325860130903992518e-01
-3.564456214966756353e-01 -2.322313301032751520e-01
-3.566769016968595052e-01 -2.341975555529013375e-01
-3.562448824345063603e-01 -2.337159554110583015e-01
-3.852235531534098922e-01 -1.621328660083914686e-01
-3.858601924624099899e-01 -1.613086736921165720e-01
-3.878811513506715269e-01 -1.610021032809779429e-01
-3.862924082533126247e-01 -1.610913354210947446e-01
-3.880613085456431355e-01 -1.628101918338827891e-01
-3.898162818761254367e-01 -1.614058253964394396e-01
-3.892577019103925506e-01 -1.626045026169294638e-01
-3.903466783069675650e-01 -1.613525941534748598e-01
-3.880399479407112828e-01 -1.606880887513184586e-01
-3.892604068919074956e-01 -1.617398019326415637e-01
-3.898584540508733820e-01 -1.603238912993000531e-01
-3.871032018076913661e-01 -1.622438699396870354e-01
-3.884933070030888169e-01 -1.634079544377316229e-01
-3.899419077671379963e-01 -1.632434337294111359e-01
-3.893403034341045843e-01 -1.620830669358083453e-01
-3.897043381181304889e-01 -1.614300559353346876e-01
-3.879787341815387203e-01 -1.638042125544986738e-01
-3.895786685036796149e-01 -1.619547853607609667e-01
-3.899887611517028341e-01 -1.636101864096785874e-01
-3.895184967931799025e-01 -1.609320361347040262e-01
-3.896564705948780682e-01 -1.625977322991181973e-01
-3.898666628910861798e-01 -1.642418455272531275e-01
-3.903228493035988400e-01 -1.631170189187952924e-01
-3.915585872070910800e-01 -1.633144725673686126e-01
-3.903667036257745804e-01 -1.636124291637069683e-01
-3.917717851448814237e-01 -1.633101851785610792e-01
-3.916723805568068650e-01 -1.644441133752814754e-01
-3.905927773961174188e-01 -1.642340140631294854e-01
-3.898447030236100175e-01 -1.620600578417753512e-01
-3.899477048239261001e-01 -1.635494899826114568e-01
-3.888568426886320206e-01 -1.632398054105910212e-01
-3.910123185365791953e-01 -1.629352018945247060e-01
-3.901507597419562878e-01 -1.635102361311883135e-01
-3.891739635986414259e-01 -1.630332302654476928e-01
-3.898608237692018919e-01 -1.647344634504324390e-01
-3.919482692365368615e-01 -1.628031509499383023e-01
-3.900433796044343038e-01 -1.646252855487815858e-01
-3.903736390642525422e-01 -1.646526039970024058e-01
-3.896897602860903143e-01 -1.659265744887890304e-01
-3.895789871159764939e-01 -1.652447015620820969e-01
-2.995618110168236647e-01 -1.705228910419399613e-01
-3.095118316907607414e-01 -1.695034438524200548e-01
-3.010421072770607664e-01 -1.720665414673453464e-01
-3.102275706278083689e-01 -1.711349808305128173e-01
-3.732499589639640125e-01 -1.286591162129801513e-01
-3.708652613110488550e-01 -1.274583439662413942e-01
-3.707102953440085114e-01 -1.258605112363666845e-01
-3.681076504006997596e-01 -1.251610490131382369e-01
-3.642357771552686696e-01 -1.230421707798347308e-01
-3.847477709214693342e-01 -1.878216432321098972e-01
-3.831453859477040313e-01 -1.896119132636725491e-01
-3.815776595133988924e-01 -1.915090390931639130e-01
-3.779436114053200679e-01 -1.949438590097905544e-01
-3.787263187793302177e-01 -1.963467522144453914e-01
-3.773211494617707551e-01 -1.977895993557593768e-01
-3.381322631329995998e-01 -1.661424955790918867e-01
-3.455877887199965692e-01 -1.666313260926541584e-01
-3.513518820526553843e-01 -1.657647011719015906e-01
-3.393680492477357813e-01 -1.678432808318249814e-01
-3.469604350083340671e-01 -1.656042434109921968e-01
-3.537464570402775732e-01 -1.656584627400582710e-01
-3.893409033722766699e-01 -1.765727666883232794e-01
-3.880656930217833422e-01 -1.763954309673029519e-01
-3.874252573839772062e-01 -1.782254933143652409e-01
-3.881913186475683397e-01 -1.788368165619956818e-01
-3.864926934092449695e-01 -1.825842327051962477e-01
-3.864708199346096329e-01 -1.845061839187299713e-01
-3.840280223234154855e-01 -1.836833043240268803e-01
-3.692138340019758269e-01 -2.136778160896359857e-01
-3.681454118267060704e-01 -2.138507774093174607e-01
-3.671587351371670693e-01 -2.151147524887445650e-01
-3.660692255683885010e-01 -2.197861842341876926e-01
-3.643138469155682291e-01 -2.183343123897123761e-01
-3.635472107014520726e-01 -2.208593001573971315e-01
-3.633167046793529531e-01 -2.211503312705448421e-01
-3.875744448902800343e-01 -1.596399293865205793e-01
-3.896313715017564738e-01 -1.582766837841243224e-01
-3.910946788684615538e-01 -1.597098098598576932e-01
-3.907143774575172479e-01 -1.591783027699862907e-01
-3.900116023272064414e-01 -1.593876103174356185e-01
-3.902369178027172425e-01 -1.579184521431138688e-01
-3.893520833467045139e-01 -1.596085223971017708e-01
-3.900028990450167821e-01 -1.588669745909503384e-01
-3.866737575571493335e-01 -1.576534080983282016e-01
-3.904318725933314527e-01 -1.578594969254575320e-01
-3.888201066751833523e-01 -1.585669931813021016e-01
-3.884266498447900839e-01 -1.567821145389965698e-01
-3.880255639998829165e-01 -1.558344529252784771e-01
-3.885207626311912854e-01 -1.561085423179273957e-01
-3.872649328938468916e-01 -1.564206252636289596e-01
-3.882886870168277826e-01 -1.543367837358200212e-01
-3.890211180892386156e-01 -1.563607896590956114e-01
-3.881806739493540714e-01 -1.536219934872296577e-01
-3.874888550344987581e-01 -1.540149235784294968e-01
-3.643071967270410383e-01 -1.167390798181067307e-01
-3.623167513550117902e-01 -1.158631002719017755e-01
-3.629512208429878095e-01 -1.158262836334834345e-01
-3.585373316289999779e-01 -1.124590871537029663e-01
-3.570182477900326612e-01 -1.126002752482815339e-01
-3.556886842839865337e-01 -1.091696545868148932e-01
-3.541284186241084320e-01 -1.089204493329361673e-01
-3.529675965129664417e-01 -1.083652141593365870e-01
-3.541821006398173100e-01 -1.062940810189274554e-01
-3.865286500795370173e-01 -1.522134120282259695e-01
-3.867511603906202411e-01 -1.515921732008510270e-01
-3.857275018071434913e-01 -1.505600582505262908e-01
-3.868835513737742815e-01 -1.489232940395211202e-01
-3.866032132793438270e-01 -1.490169116052363907e-01
-3.869978628319907243e-01 -1.481808959636490841e-01
-3.846132439943639736e-01 -1.463627138509716596e-01
-3.847108689400771664e-01 -1.438462468550856244e-01
-3.843338379707801344e-01 -1.439102784721123518e-01
-3.744486033172149120e-01 -1.630036947886167042e-01
-3.779968044199009669e-01 -1.618192082987365554e-01
-3.798380157430766291e-01 -1.627023674097550499e-01
-3.813356277398357586e-01 -1.639459834524689130e-01
-3.838687773668854608e-01 -1.619461512474374143e-01
-3.742731908825708831e-01 -1.635196663164620590e-01
-3.789747109520629209e-01 -1.650309549530413478e-01
-3.798988624626803423e-01 -1.625024666209569923e-01
-3.813799298059489251e-01 -1.633375476057337683e-01
-3.843247839215611639e-01 -1.645887860579264284e-01
-3.844404604051242513e-01 -1.632653032186394959e-01
-3.847651537062617977e-01 -1.639961454804906016e-01
-3.774227471951470680e-01 -2.035644369058451641e-01
-3.745640220155507238e-01 -2.040997905568828763e-01
-3.743403416222445546e-01 -2.053422086948376857e-01
-3.710545688960478206e-01 -2.084755320101203957e-01
-3.709758021716140775e-01 -2.106299087805730830e-01
-3.205556664924990029e-01 -1.694043000815010913e-01
-3.305015303995214038e-01 -1.677599266732109073e-01
-3.199900858176525920e-01 -1.686768097093860330e-01
-3.312776450765324565e-01 -1.681738841506257853e-01
-3.900079647608494793e-01 -1.670093303327347956e-01
-3.914472188637767580e-01 -1.669562485632303528e-01
-3.893662973337103095e-01 -1.671538579039486272e-01
-3.895737558440844905e-01 -1.679401735717879762e-01
-3.898093518688149905e-01 -1.689441426985416050e-01
-3.919228846167597813e-01 -1.687335219674396258e-01
-3.878662410237059266e-01 -1.691198626105664682e-01
-3.915306411820275723e-01 -1.709306952197461038e-01
-3.886817162220345678e-01 -1.719148566362725394e-01
-3.901011856303087666e-01 -1.706184319133876304e-01
-3.883023467449294164e-01 -1.735759750889855624e-01
-3.888827956269064190e-01 -1.739885613723116953e-01
-3.818782048499871351e-01 -1.399033427907420968e-01
-3.811498670901107277e-01 -1.399332961504301531e-01
-3.802537733087997252e-01 -1.376558809358318647e-01
-3.784233187342399551e-01 -1.358726319114410552e-01
-3.758596442953509587e-01 -1.336535876821575430e-01
-3.744727757288167647e-01 -1.318437321370381221e-01
-3.625708790217702093e-01 -2.264071782241200426e-01
-3.628698925544143750e-01 -2.244166323611763714e-01
-3.621621768002738495e-01 -2.257481767153475261e-01
-3.628398184568707441e-01 -2.263439090730150760e-01
-3.608597679275633019e-01 -2.277466877449437488e-01
-3.588546007864792386e-01 -2.290739577166267527e-01
-3.607639551735799532e-01 -2.283703283933160577e-01
-3.431467273382475813e-01 -9.585908161209118206e-02
-3.408652670239709082e-01 -9.533422907383558298e-02
-3.415054799538569386e-01 -9.637324852263233488e-02
-3.427822359466756175e-01 -9.706838303174349092e-02
-3.433232860900369277e-01 -9.725136166164816132e-02
-3.402386498644137114e-01 -9.455826953044374483e-02
-3.434847997611087944e-01 -9.512315189321905728e-02
-3.421981548966810949e-01 -9.507179204425110497e-02
-3.406398362378962874e-01 -9.251074545780059444e-02
-3.427371762065232752e-01 -9.219800825565065139e-02
-3.425601316562789100e-01 -9.434892593791842363e-02
-3.403292829448475443e-01 -9.199967958937153856e-02
-3.424127341484226594e-01 -9.276289735355829069e-02
-3.394929720858655409e-01 -9.231915593314467261e-02
