-3.657547745486619539e-01 -1.649262854558895541e-01
-3.472160242428662391e-01 -1.010828457117930734e-01
-3.572343053057551732e-01 -2.322013162893010463e-01
-3.894451251670910663e-01 -1.628622847646508665e-01
-3.050896643775426464e-01 -1.708300767558907640e-01
-3.694432606075001013e-01 -1.260349119539942164e-01
-3.805765878939938451e-01 -1.930006952549706556e-01
-3.458669119981979123e-01 -1.662612444671636436e-01
-3.871439757782091373e-01 -1.801152560218149956e-01
-3.659427323472884130e-01 -2.175346938835602539e-01
-3.889333506833569376e-01 -1.573769960023964354e-01
-3.580051472811169866e-01 -1.118126152755273550e-01
-3.859054855806080542e-01 -1.482908747045984799e-01
-3.804735446372647378e-01 -1.633036314860250582e-01
-3.736706931564255374e-01 -2.064215251291720843e-01
-3.255911297121647507e-01 -1.684910043367171262e-01
-3.897882668354410440e-01 -1.697414292164915739e-01
-3.786765497880932307e-01 -1.364760867426871305e-01
-3.615534895018591710e-01 -2.268776728929738640e-01
-3.417712653354019192e-01 -9.451914985365292288e-02
