-1.056873798370361328e-02 -1.384537667036056519e-01
-1.063352823257446289e-02 -1.393607109785079956e-01
-1.041726022958755493e-02 -1.362960636615753174e-01
-1.015942357480525970e-02 -1.324398964643478394e-01
-9.993514046072959900e-03 -1.296694427728652954e-01
-9.897723793983459473e-03 -1.274544298648834229e-01
-9.815439581871032715e-03 -1.254545450210571289e-01
-9.787058457732200623e-03 -1.230081692337989807e-01
-9.598421864211559296e-03 -1.190855130553245544e-01
-9.192004799842834473e-03 -1.090754345059394836e-01
-9.237552992999553680e-03 -1.089860647916793823e-01
-8.936215192079544067e-03 -1.021947562694549561e-01
-8.441414684057235718e-03 -9.160292893648147583e-02
-8.389499969780445099e-03 -8.884414285421371460e-02
-8.278945460915565491e-03 -8.449380099773406982e-02
-7.400600705295801163e-03 -7.332541048526763916e-02
-7.059945259243249893e-03 -6.882853806018829346e-02
-6.014781538397073746e-03 -6.362841278314590454e-02
-2.030593808740377426e-03 -5.186993628740310669e-02
-4.678073804825544357e-03 -6.056973710656166077e-02
-1.046837773174047470e-02 -5.254399031400680542e-02
-3.525045467540621758e-03 -4.442245513200759888e-02
4.535724408924579620e-03 -4.747814685106277466e-02
-1.090113818645477295e-02 -4.441627115011215210e-02
-3.879969473928213120e-03 -4.276023432612419128e-02
-3.086956858169287443e-04 -4.985307157039642334e-02
-5.266647785902023315e-03 -4.537799581885337830e-02
1.389962341636419296e-02 -3.780658543109893799e-02
7.971812039613723755e-03 -4.098076000809669495e-02
1.012258697301149368e-02 -4.041754081845283508e-02
9.574869647622108459e-03 -4.087159782648086548e-02
1.459689717739820480e-02 -3.731342777609825134e-02
7.998889312148094177e-03 -4.184040799736976624e-02
1.163248065859079361e-02 -3.983580321073532104e-02
2.012251503765583038e-02 -3.338212147355079651e-02
3.536080010235309601e-03 -4.319805279374122620e-02
1.428392156958580017e-02 -3.716342896223068237e-02
1.309979800134897232e-02 -3.884210065007209778e-02
2.506351284682750702e-02 -2.934827096760272980e-02
2.869252860546112061e-02 -2.655099146068096161e-02
2.760071679949760437e-02 -2.699764259159564972e-02
2.735763788223266602e-02 -2.775601111352443695e-02
3.342292457818984985e-02 -2.180919609963893890e-02
2.531195431947708130e-02 -2.868639864027500153e-02
3.621643409132957458e-02 -1.944702677428722382e-02
3.575335070490837097e-02 -1.992777176201343536e-02
4.205306991934776306e-02 -1.413036696612834930e-02
4.363660514354705811e-02 -1.262206584215164185e-02
4.661950469017028809e-02 -9.401162154972553253e-03
4.850054159760475159e-02 -7.971146143972873688e-03
4.868090525269508362e-02 -7.966884411871433258e-03
4.958593100309371948e-02 -6.916270591318607330e-03
5.394002050161361694e-02 -2.621502615511417389e-03
5.667112395167350769e-02 -5.467658629640936852e-04
5.693729221820831299e-02 -3.337345260661095381e-04
6.403207033872604370e-02 6.761289201676845551e-03
6.460864096879959106e-02 7.297361269593238831e-03
6.781368702650070190e-02 1.091457437723875046e-02
7.115104794502258301e-02 1.420609746128320694e-02
7.524618506431579590e-02 1.881583034992218018e-02
7.784407585859298706e-02 2.179187163710594177e-02
8.161069452762603760e-02 2.631485089659690857e-02
8.439051359891891479e-02 2.912452630698680878e-02
8.547676354646682739e-02 3.039007633924484253e-02
8.752296864986419678e-02 3.279266133904457092e-02
9.172286093235015869e-02 3.787729516625404358e-02
9.683017432689666748e-02 4.391279444098472595e-02
9.866312146186828613e-02 4.608897492289543152e-02
9.800445288419723511e-02 4.536159709095954895e-02
1.018165126442909241e-01 5.075429007411003113e-02
1.022691354155540466e-01 5.160221084952354431e-02
1.040778756141662598e-01 5.420538410544395447e-02
1.046962961554527283e-01 5.511901900172233582e-02
1.059475019574165344e-01 5.650234967470169067e-02
1.056721284985542297e-01 5.653716623783111572e-02
1.074665114283561707e-01 5.871350318193435669e-02
1.110718548297882080e-01 6.304696947336196899e-02
1.139950007200241089e-01 6.707862764596939087e-02
1.138567551970481873e-01 6.739308685064315796e-02
1.152168512344360352e-01 6.948801875114440918e-02
1.162451282143592834e-01 7.154688239097595215e-02
1.157201230525970459e-01 7.068324089050292969e-02
1.161371096968650818e-01 7.180627435445785522e-02
1.164280846714973450e-01 7.242340594530105591e-02
1.155654042959213257e-01 7.186518609523773193e-02
1.173852086067199707e-01 7.362800091505050659e-02
1.208756789565086365e-01 7.945670932531356812e-02
1.237611845135688782e-01 8.184518665075302124e-02
1.212493479251861572e-01 7.978092879056930542e-02
1.199375763535499573e-01 7.805473357439041138e-02
1.192386895418167114e-01 7.717962563037872314e-02
1.259106695652008057e-01 8.340950310230255127e-02
1.214528828859329224e-01 8.007846772670745850e-02
1.232752203941345215e-01 8.142694830894470215e-02
1.296016424894332886e-01 8.604701608419418335e-02
1.259508728981018066e-01 8.352314680814743042e-02
1.241664811968803406e-01 8.217966556549072266e-02
1.292454451322555542e-01 8.581183105707168579e-02
1.269323080778121948e-01 8.418885618448257446e-02
1.277614235877990723e-01 8.482760936021804810e-02
-1.060217618942260742e-02 -1.389123946428298950e-01
-1.063084509223699570e-02 -1.393131762742996216e-01
-1.042829453945159912e-02 -1.364617198705673218e-01
-1.014346722513437271e-02 -1.321927011013031006e-01
-9.983588941395282745e-03 -1.293998062610626221e-01
-9.873326867818832397e-03 -1.268895715475082397e-01
-9.784612804651260376e-03 -1.244367137551307678e-01
-9.732512757182121277e-03 -1.219517439603805542e-01
-9.525605477392673492e-03 -1.164265125989913940e-01
-9.438277222216129303e-03 -1.135904565453529358e-01
-9.191382676362991333e-03 -1.078719571232795715e-01
-8.971764706075191498e-03 -1.028489843010902405e-01
-8.339942432940006256e-03 -8.937728404998779297e-02
-8.338264189660549164e-03 -8.836166560649871826e-02
-8.227528072893619537e-03 -8.410799503326416016e-02
-8.267085067927837372e-03 -7.260498404502868652e-02
-7.864952087402343750e-03 -7.315170764923095703e-02
-8.058536797761917114e-03 -7.162079960107803345e-02
-7.236400153487920761e-03 -5.772960558533668518e-02
-1.290955767035484314e-02 -4.910828918218612671e-02
-2.087099663913249969e-02 -3.303343802690505981e-02
-7.263198029249906540e-03 -4.510949552059173584e-02
-3.696130122989416122e-03 -4.450887069106101990e-02
-1.364983990788459778e-02 -4.891539365053176880e-02
-6.427225656807422638e-03 -4.454951733350753784e-02
-2.375428192317485809e-02 -2.993352524936199188e-02
-7.148685399442911148e-04 -4.452285915613174438e-02
-1.193137373775243759e-02 -4.200216755270957947e-02
-2.912622876465320587e-02 -2.357289567589759827e-02
-2.254361659288406372e-02 -3.180165961384773254e-02
-2.850216999650001526e-02 -3.147938475012779236e-02
-2.552801556885242462e-02 -2.810847945511341095e-02
-2.847542613744735718e-02 -3.133474290370941162e-02
-2.974416129291057587e-02 -2.644238062202930450e-02
-3.009180165827274323e-02 -2.448876015841960907e-02
-7.585281040519475937e-03 -4.313754290342330933e-02
-2.307163178920745850e-02 -3.072367981076240540e-02
-1.364698819816112518e-02 -4.667251557111740112e-02
-2.552964538335800171e-02 -3.186510130763053894e-02
-2.366438880562782288e-02 -3.000566735863685608e-02
-1.351758558303117752e-02 -4.365007951855659485e-02
-3.261095285415649414e-02 -1.986258476972579956e-02
-2.611035667359828949e-02 -3.200607746839523315e-02
-3.224675729870796204e-02 -2.021181769669055939e-02
-4.626083746552467346e-02 -3.065041964873671532e-03
-3.219961002469062805e-02 -2.074564434587955475e-02
-4.012285545468330383e-02 -1.033370289951562881e-02
-4.518549144268035889e-02 -4.309779033064842224e-03
-3.564931824803352356e-02 -1.579763926565647125e-02
-4.648960009217262268e-02 -1.910832943394780159e-03
-4.948788508772850037e-02 1.721338485367596149e-03
-5.250286683440208435e-02 5.300833377987146378e-03
-5.037902295589447021e-02 3.061402821913361549e-03
-5.180152878165245056e-02 6.671359296888113022e-03
-5.525743216276168823e-02 9.878850542008876801e-03
-5.942495912313461304e-02 1.619919389486312866e-02
-5.606633797287940979e-02 1.076699141412973404e-02
-6.259082257747650146e-02 2.066672407090663910e-02
-6.322780996561050415e-02 2.153537422418594360e-02
-6.665765494108200073e-02 2.716576866805553436e-02
-6.733261048793792725e-02 2.818189561367034912e-02
-6.966954469680786133e-02 3.149746730923652649e-02
-7.017269730567932129e-02 3.221961110830307007e-02
-7.587571442127227783e-02 4.100551456212997437e-02
-7.789172232151031494e-02 4.411536082625389099e-02
-7.801721990108489990e-02 4.454651474952697754e-02
-8.134486526250839233e-02 4.951652884483337402e-02
-8.342117816209793091e-02 5.317059159278869629e-02
-8.590540289878845215e-02 5.706155672669410706e-02
-8.957649767398834229e-02 6.354291737079620361e-02
-9.031916409730911255e-02 6.484867632389068604e-02
-9.155599027872085571e-02 6.705161184072494507e-02
-9.427911043167114258e-02 7.264307886362075806e-02
-9.596934914588928223e-02 7.529396563768386841e-02
-9.654262661933898926e-02 7.639893144369125366e-02
-9.848818928003311157e-02 8.069097250699996948e-02
-9.934820234775543213e-02 8.252707868814468384e-02
-1.013664230704307556e-01 8.632579445838928223e-02
-1.016117334365844727e-01 8.708038926124572754e-02
-1.024388447403907776e-01 8.856169879436492920e-02
-1.040630787611007690e-01 9.251143038272857666e-02
-1.036467328667640686e-01 9.179123491048812866e-02
-1.054845079779624939e-01 9.504491090774536133e-02
-1.055930480360984802e-01 9.534526616334915161e-02
-1.071626320481300354e-01 9.962412714958190918e-02
-1.063746958971023560e-01 9.788935631513595581e-02
-1.069991439580917358e-01 9.918460994958877563e-02
-1.070930808782577515e-01 9.944805502891540527e-02
-1.078376248478889465e-01 1.013847365975379944e-01
-1.070986166596412659e-01 1.020717173814773560e-01
-1.081402972340583801e-01 1.020236760377883911e-01
-1.088271439075469971e-01 1.046096980571746826e-01
-1.084409132599830627e-01 1.044115573167800903e-01
-1.098934710025787354e-01 1.061191633343696594e-01
-1.086466312408447266e-01 1.046628579497337341e-01
-1.095716655254364014e-01 1.057409271597862244e-01
-1.118531748652458191e-01 1.081789061427116394e-01
-1.111773252487182617e-01 1.074980124831199646e-01
-1.112484857439994812e-01 1.076168864965438843e-01
-1.117955148220062256e-01 1.081691607832908630e-01
