1.301490357484511229e+01 -1.164105573541548821e+01
1.274529943818889421e+01 -1.163235937254461128e+01
1.304949216258822275e+01 -1.134294216752679141e+01
1.284808430108130572e+01 -1.109686353705827067e+01
1.252478044537762614e+01 -1.088008378004982113e+01
1.232878701371830310e+01 -1.051600761719002541e+01
1.195752922836693521e+01 -1.086127858708586658e+01
1.172182886311537153e+01 -1.036645804089613421e+01
1.097767367705183972e+01 -1.017399910604449786e+01
1.025938407609423031e+01 -9.474593631635679358e+00
1.002916706763634025e+01 -9.659311000176172612e+00
9.486028952359013999e+00 -9.040883106973868877e+00
8.883726756746833431e+00 -8.784317827487722496e+00
8.609683927790484859e+00 -8.379633053143900057e+00
8.023737714443262448e+00 -8.322803407970562617e+00
7.696483843341844100e+00 -7.552148487976525715e+00
6.805255497524362873e+00 -7.126127031494403852e+00
6.513947525382922876e+00 -6.900019120812451945e+00
6.092333566887123020e+00 -5.393149943787931555e+00
6.615578237869514489e+00 -6.279816472901933899e+00
5.221676136377454647e+00 -6.781974883291971068e+00
4.477730493286879110e+00 -4.726881249277893993e+00
6.190102914254187461e+00 -3.624947407981940373e+00
4.013698849214313746e+00 -6.252128711313733156e+00
4.086684007816181463e+00 -4.744394954719725277e+00
5.987076706452720387e+00 -4.879059601511912980e+00
5.133947715928888655e+00 -5.479400968381270332e+00
5.760369770143069168e+00 -1.621211903745352512e+00
4.853396082275540202e+00 -3.169156069916334584e+00
5.221047311918050937e+00 -3.255731709628518100e+00
5.326484513091295447e+00 -2.937151407879274423e+00
5.664831179760112967e+00 -1.349348011359507993e+00
5.624247137084688042e+00 -2.922169216948133030e+00
5.387137575543570200e+00 -2.310533502924304816e+00
6.223824367261313384e+00 -1.787314832846621071e+00
5.246536772889039746e+00 -3.754727207637810427e+00
5.452795073024750749e+00 -1.491435389395565858e+00
5.829567551658696445e+00 -1.864505278757641493e+00
6.048725673062426367e+00 -6.791823859326059365e-01
5.930176636202213913e+00 1.429320926401702121e-02
5.731947493944157479e+00 1.200823156037190698e-01
6.112562180658455802e+00 7.883572005552230699e-03
5.948215685441578415e+00 5.411230287121615579e-01
5.758442914909026378e+00 -3.156598418031354991e-01
5.836058297945470486e+00 1.076762357522061508e+00
5.993197737466269714e+00 9.071921723824989403e-01
5.979033123827196761e+00 1.623794861691034930e+00
5.911968914996855951e+00 1.870349650955468457e+00
5.766643046863459077e+00 2.142899256387748697e+00
6.064365111931078189e+00 2.333764278990243302e+00
5.755717396487264104e+00 2.472988501974701769e+00
5.843494053988215420e+00 2.685732177450516733e+00
5.868682801319810238e+00 3.252359490403159636e+00
5.691612668965468913e+00 3.430118845322289722e+00
5.766339948334377574e+00 3.695745374768849345e+00
5.695278878758522012e+00 4.343665114048852693e+00
5.565878207458287541e+00 4.543654358638465673e+00
5.584909350776014136e+00 4.852627785307617181e+00
5.552036013750636378e+00 5.176815973329710552e+00
5.481065525472232913e+00 5.619245987804931453e+00
5.389634466468556262e+00 6.081832601559992391e+00
5.247499461739781879e+00 6.832094997572153439e+00
5.259747056733721671e+00 7.312004862592884180e+00
5.040096525480262102e+00 7.268798332107307303e+00
5.058312435009504782e+00 7.724088778177049974e+00
4.843782788471012957e+00 8.845359719538871346e+00
4.677043753629336109e+00 9.343667125031826615e+00
4.539827672856620033e+00 9.783660914231697703e+00
4.757018802553843351e+00 9.640965754564327028e+00
4.462882562937969588e+00 1.037992003948492403e+01
4.380376262764512418e+00 1.081914644144912252e+01
4.440103483518529792e+00 1.125529381000711204e+01
4.072973216689492304e+00 1.132041826529173889e+01
4.305704753839327381e+00 1.153660262579079898e+01
3.970681174748094566e+00 1.177064791550790268e+01
4.205789922324188801e+00 1.194557509982466748e+01
3.993593794392240159e+00 1.234771444741123148e+01
4.041720091822595506e+00 1.277644009068047559e+01
3.717102316391160510e+00 1.271232946335004854e+01
3.879322102459178634e+00 1.299100080046164507e+01
3.536352851893054261e+00 1.346612029954398793e+01
3.880250310908999190e+00 1.335161886469865244e+01
3.791292939830211761e+00 1.368751776517373209e+01
3.404422415088148579e+00 1.377079999216112682e+01
3.773182656516560041e+00 1.400885131315025589e+01
3.412828338332114075e+00 1.454486155546647019e+01
3.636552043440682613e+00 1.506458388371744128e+01
2.654425643480153862e+00 1.571582374359998013e+01
3.369142165498799635e+00 1.497321713920168662e+01
3.202058975895625270e+00 1.467144194045865646e+01
3.583688241794564799e+00 1.473947442705140354e+01
3.263726859201403041e+00 1.618579487180735654e+01
3.231449686147853217e+00 1.515720473773828481e+01
2.943224592498021597e+00 1.516379010503376890e+01
2.729397965458044251e+00 1.599722754170018213e+01
2.970494887827904940e+00 1.580097258030554386e+01
2.988131459930910783e+00 1.614163779803694965e+01
3.543050259756804987e+00 1.611260406266192646e+01
3.661621552475208485e+00 1.587223036155705280e+01
3.295371382856846054e+00 1.586067084273092931e+01
1.334876839999529174e+01 -1.112309579703351936e+01
1.331488986081977011e+01 -1.086196828650596302e+01
1.328289797400815431e+01 -1.141968898416024736e+01
1.302704751113965997e+01 -1.072260411202659647e+01
1.234310831790593532e+01 -1.119626871818542035e+01
1.208274601400750115e+01 -1.061245492941580260e+01
1.174336900136767525e+01 -1.060028338564496586e+01
1.137217966645273748e+01 -1.015675454695454327e+01
1.076976649788688434e+01 -9.900543412577547997e+00
1.039281769817812950e+01 -9.658835976701883652e+00
9.834890452530114402e+00 -9.196551789597448234e+00
9.532188994997206066e+00 -9.329851321952226328e+00
8.635011240114806697e+00 -8.829837945808860056e+00
8.427801683541748190e+00 -8.302645995015495828e+00
7.830870017069107902e+00 -8.271172784832369729e+00
6.893289765999096375e+00 -8.036017800782353504e+00
6.938156810445759604e+00 -7.717665132993453803e+00
6.687279942436515690e+00 -7.689824649323837136e+00
5.917240508963327095e+00 -6.725819929906731609e+00
4.586357172953483996e+00 -7.159740215573859423e+00
2.824694784342454579e+00 -6.651869316264427567e+00
4.717614873815350052e+00 -5.830374784407328370e+00
4.618686951547194219e+00 -4.820375434314684071e+00
4.445896769778389768e+00 -7.490469486511399211e+00
4.412489833584269050e+00 -5.847429479695843035e+00
2.164968806084826003e+00 -7.323516228773993220e+00
5.196145007301497643e+00 -4.081956808165450035e+00
3.611185294995269857e+00 -6.180011565190228318e+00
1.355466261190179100e+00 -7.409575314887685948e+00
2.616214222363784092e+00 -6.438811401963705272e+00
1.671219700422674315e+00 -7.374312364463715852e+00
1.422725204447151892e+00 -6.984615095816323560e+00
1.716908599453723872e+00 -7.676052935210173622e+00
8.818624148491399639e-01 -7.517716773437044253e+00
9.008563612188471570e-01 -7.106402331599064759e+00
3.835911736337373590e+00 -5.490184969539071425e+00
2.432497248352922359e+00 -7.177874517860207249e+00
4.033295275967830662e+00 -7.183061036924121012e+00
2.186137325533833664e+00 -6.332279681618682154e+00
2.180435851036471195e+00 -7.051330752542091851e+00
3.339582888431142482e+00 -6.617090686797854282e+00
6.185677867876181457e-01 -7.361835928254621741e+00
2.310956281582982719e+00 -6.557986685793069093e+00
5.054038916178346108e-01 -7.149724582693904651e+00
-1.246901220600671545e+00 -7.621180076716368212e+00
4.040180506329095755e-01 -7.527976651570127409e+00
-4.596060692635702827e-01 -7.451784715745120025e+00
-8.448712218595658685e-01 -7.533580608841075055e+00
2.492181676467754015e-01 -7.430967058193382435e+00
-1.361023226674251685e+00 -7.403108692391993095e+00
-1.789147190119033670e+00 -7.456065889056115559e+00
-2.224474606041057623e+00 -7.485938325560718809e+00
-1.668889119236002472e+00 -7.699925525158723083e+00
-2.498439340095673700e+00 -7.659417108490058190e+00
-2.912136331966335145e+00 -7.604790223050463815e+00
-3.387180559718450112e+00 -7.524959299807068902e+00
-2.684912095693913869e+00 -7.434455514078586624e+00
-3.821820408406260583e+00 -7.586320284696214777e+00
-4.015403662641212179e+00 -7.414354208341746855e+00
-4.316086308923919646e+00 -7.558077410235767069e+00
-4.635797848085751127e+00 -7.365654729378371179e+00
-4.840327914535969889e+00 -7.592161391553381655e+00
-5.071618375448355920e+00 -7.388161433251070775e+00
-5.729231777194840447e+00 -7.342469384455311499e+00
-6.142895812708222714e+00 -7.467594750208112586e+00
-6.119775682429669850e+00 -7.220909612122327736e+00
-6.580621442393579379e+00 -7.280088253756242800e+00
-7.136762159501158109e+00 -7.171893266971428815e+00
-7.517640140558650153e+00 -7.172185900343897913e+00
-8.268935420819994775e+00 -7.038040772860459704e+00
-8.745260267544912480e+00 -7.065898431778628641e+00
-8.712831586792548322e+00 -6.854489889772522382e+00
-9.850921208731941547e+00 -6.800816372306096369e+00
-1.027081967304617471e+01 -6.607394027176315632e+00
-1.031065999734147631e+01 -6.831894274591613581e+00
-1.106078402542824435e+01 -6.648864464165165522e+00
-1.123116125026929168e+01 -6.472621755116273690e+00
-1.172198703168001721e+01 -6.434179912956253133e+00
-1.227760748307770022e+01 -6.197748927452958689e+00
-1.233364236364854172e+01 -6.509952328948795497e+00
-1.283224850825909868e+01 -6.128400543204475248e+00
-1.258595507380672629e+01 -6.334746323846981220e+00
-1.333069394433353416e+01 -6.323189295756137085e+00
-1.327949177342759590e+01 -5.998146988424939430e+00
-1.437811242344720775e+01 -6.059141029135716394e+00
-1.371693275556553893e+01 -6.123056167645814618e+00
-1.415037138493016755e+01 -5.756635782856096561e+00
-1.416300937284973926e+01 -5.992487428374383640e+00
-1.467501038776453726e+01 -6.126548725937195350e+00
-1.474672227488620457e+01 -5.515412074086491145e+00
-1.459571490518564119e+01 -5.746961119262621764e+00
-1.499974210677974362e+01 -6.006059905391256670e+00
-1.535649098499873055e+01 -6.212457618925110836e+00
-1.568699338667222598e+01 -6.150085496381322514e+00
-1.535719198092043491e+01 -5.800873461894006766e+00
-1.521648156433894705e+01 -5.460701086636254864e+00
-1.564985625433518379e+01 -5.409514606050985108e+00
-1.576751910392686362e+01 -5.887793203788467267e+00
-1.544933117678429113e+01 -5.225189835226998092e+00
-1.577385088754611253e+01 -5.628680810017985259e+00
