3.814228996634483337e-02 6.882805824279785156e-01
2.829505689442157745e-02 5.956507921218872070e-01
8.395698852837085724e-03 4.938467741012573242e-01
4.868900869041681290e-03 3.987084627151489258e-01
5.841723177582025528e-03 3.245550692081451416e-01
-1.234451029449701309e-02 2.555309832096099854e-01
-1.462120935320854187e-02 1.995964944362640381e-01
-2.439622394740581512e-02 1.353412419557571411e-01
-2.562693879008293152e-02 9.379445761442184448e-02
-5.588165484368801117e-03 1.338408887386322021e-02
-4.742973297834396362e-02 8.466373197734355927e-03
-2.898813225328922272e-02 -2.597758919000625610e-02
-2.361659333109855652e-02 -6.232243776321411133e-02
-3.532500565052032471e-02 -7.866784930229187012e-02
-4.997253417968750000e-02 -9.108115732669830322e-02
-3.483598679304122925e-02 -1.191504523158073425e-01
-3.895424678921699524e-02 -1.320783346891403198e-01
-3.198987990617752075e-02 -1.396775096654891968e-01
-3.238542750477790833e-02 -1.599369198083877563e-01
-3.059465810656547546e-02 -1.442626267671585083e-01
-5.037295818328857422e-02 -1.586646586656570435e-01
-3.957075625658035278e-02 -1.782167106866836548e-01
-1.856279559433460236e-02 -1.592334061861038208e-01
-5.037546530365943909e-02 -1.707261800765991211e-01
-3.993665426969528198e-02 -1.835078448057174683e-01
-2.957692556083202362e-02 -1.620135307312011719e-01
-4.191248863935470581e-02 -1.722053587436676025e-01
-8.633368648588657379e-03 -1.816224008798599243e-01
-2.508986555039882660e-02 -1.936025321483612061e-01
-1.924919709563255310e-02 -1.907500624656677246e-01
-2.014145441353321075e-02 -1.835103034973144531e-01
-6.120956968516111374e-03 -1.881444901227951050e-01
-2.120954729616641998e-02 -1.766817569732666016e-01
-1.502616796642541885e-02 -1.842873990535736084e-01
2.326294314116239548e-03 -1.537210345268249512e-01
-2.904018387198448181e-02 -1.804342120885848999e-01
-5.861035082489252090e-03 -1.901525855064392090e-01
-1.013723481446504593e-02 -1.731969267129898071e-01
7.960191927850246429e-03 -1.722787767648696899e-01
1.787652447819709778e-02 -1.699046641588211060e-01
1.439179852604866028e-02 -1.742997467517852783e-01
1.338961906731128693e-02 -1.615167260169982910e-01
3.207935765385627747e-02 -1.749086678028106689e-01
1.111268252134323120e-02 -1.787827461957931519e-01
3.923762962222099304e-02 -1.750030070543289185e-01
3.651316091418266296e-02 -1.676119863986968994e-01
5.556352436542510986e-02 -1.611673384904861450e-01
6.126198917627334595e-02 -1.643339693546295166e-01
7.294715940952301025e-02 -1.560041159391403198e-01
8.705693483352661133e-02 -1.698693335056304932e-01
8.658496290445327759e-02 -1.669923067092895508e-01
9.410532563924789429e-02 -1.721541136503219604e-01
1.155115365982055664e-01 -1.517846584320068359e-01
1.398026794195175171e-01 -1.566282510757446289e-01
1.397586911916732788e-01 -1.528642028570175171e-01
1.823010146617889404e-01 -1.351621598005294800e-01
1.831000745296478271e-01 -1.280620545148849487e-01
2.064498215913772583e-01 -1.228237971663475037e-01
2.263509482145309448e-01 -1.077933460474014282e-01
2.514617145061492920e-01 -8.638168871402740479e-02
2.708611786365509033e-01 -7.570879161357879639e-02
3.030824661254882812e-01 -6.871969252824783325e-02
3.179523646831512451e-01 -4.759771749377250671e-02
3.334262073040008545e-01 -4.837863892316818237e-02
3.437665104866027832e-01 -2.454132772982120514e-02
3.693375587463378906e-01 9.319766424596309662e-03
4.290710389614105225e-01 -2.238316665170714259e-04
4.400385320186614990e-01 1.745990291237831116e-02
4.395381510257720947e-01 1.139940600842237473e-02
4.772327244281768799e-01 4.858756437897682190e-02
4.779321849346160889e-01 6.307484954595565796e-02
5.119378566741943359e-01 7.105182856321334839e-02
5.163134336471557617e-01 8.537748456001281738e-02
5.230410695075988770e-01 9.553565829992294312e-02
5.408916473388671875e-01 8.143256604671478271e-02
5.431361794471740723e-01 1.103372648358345032e-01
5.719723701477050781e-01 1.055441126227378845e-01
5.845109224319458008e-01 1.267876327037811279e-01
5.958496332168579102e-01 1.197496429085731506e-01
5.953620076179504395e-01 1.430619210004806519e-01
6.070368289947509766e-01 1.572816073894500732e-01
6.085497140884399414e-01 1.446692496538162231e-01
6.201108694076538086e-01 1.463399529457092285e-01
6.226192712783813477e-01 1.526603549718856812e-01
6.124559044837951660e-01 1.661997437477111816e-01
6.229709386825561523e-01 1.612164229154586792e-01
6.485589146614074707e-01 1.806730180978775024e-01
6.694971919059753418e-01 1.678758859634399414e-01
6.598058342933654785e-01 1.630708575248718262e-01
6.466388106346130371e-01 1.651513129472732544e-01
6.409170627593994141e-01 1.680360287427902222e-01
6.783338785171508789e-01 1.692038923501968384e-01
6.498970985412597656e-01 1.891476064920425415e-01
6.604212522506713867e-01 1.799774318933486938e-01
6.860337853431701660e-01 1.902792751789093018e-01
6.707938909530639648e-01 2.076434493064880371e-01
6.613483428955078125e-01 1.886278837919235229e-01
6.915705800056457520e-01 1.911701858043670654e-01
6.704641580581665039e-01 2.010721862316131592e-01
6.963704228401184082e-01 1.805569231510162354e-01
2.131470292806625366e-02 6.778210401535034180e-01
1.204929687082767487e-02 5.922383666038513184e-01
1.616174355149269104e-02 4.976754784584045410e-01
-4.170450556557625532e-04 3.922626674175262451e-01
-1.230869907885789871e-02 3.161204159259796143e-01
-5.192582495510578156e-03 2.407502382993698120e-01
-1.792738400399684906e-02 1.767393350601196289e-01
-2.703531458973884583e-02 1.308763474225997925e-01
-5.178637802600860596e-02 6.913466006517410278e-02
-3.825059905648231506e-02 3.800472989678382874e-02
-3.845594823360443115e-02 -5.758062470704317093e-04
-3.367024660110473633e-02 -2.339152619242668152e-02
-5.643919482827186584e-02 -6.628192961215972900e-02
-3.348630294203758240e-02 -7.960013300180435181e-02
-4.413443058729171753e-02 -9.255649149417877197e-02
-6.136664375662803650e-02 -1.190885528922080994e-01
-4.866248369216918945e-02 -1.224788352847099304e-01
-5.634186044335365295e-02 -1.243990510702133179e-01
-4.322118312120437622e-02 -1.502443104982376099e-01
-5.695324018597602844e-02 -1.618818044662475586e-01
-5.779363214969635010e-02 -1.763574182987213135e-01
-4.540628567337989807e-02 -1.724135726690292358e-01
-3.961860761046409607e-02 -1.770775318145751953e-01
-5.995830148458480835e-02 -1.561704427003860474e-01
-4.455286636948585510e-02 -1.749673187732696533e-01
-6.146974489092826843e-02 -1.761958152055740356e-01
-3.442833572626113892e-02 -1.760870367288589478e-01
-5.098317563533782959e-02 -1.746492832899093628e-01
-6.745526194572448730e-02 -1.739278435707092285e-01
-5.719751119613647461e-02 -1.803089529275894165e-01
-6.122267991304397583e-02 -1.921093016862869263e-01
-6.213047355413436890e-02 -1.799016743898391724e-01
-6.153816357254981995e-02 -1.942117959260940552e-01
-7.250966131687164307e-02 -1.913193166255950928e-01
-6.861249357461929321e-02 -1.810693442821502686e-01
-4.603080078959465027e-02 -1.773995459079742432e-01
-6.080641597509384155e-02 -1.758958250284194946e-01
-5.592265725135803223e-02 -1.657273024320602417e-01
-5.657550320029258728e-02 -1.873844861984252930e-01
-6.076373904943466187e-02 -1.779569387435913086e-01
-5.443434417247772217e-02 -1.691848933696746826e-01
-7.227701693773269653e-02 -1.730331033468246460e-01
-5.685603618621826172e-02 -1.967978477478027344e-01
-7.151799649000167847e-02 -1.750114560127258301e-01
-9.478117525577545166e-02 -1.706074923276901245e-01
-7.234941422939300537e-02 -1.782065629959106445e-01
-8.367781341075897217e-02 -1.693247109651565552e-01
-9.673745185136795044e-02 -1.848490834236145020e-01
-7.680140435695648193e-02 -1.693957895040512085e-01
-9.509153664112091064e-02 -1.640543341636657715e-01
-1.031652987003326416e-01 -1.647358387708663940e-01
-1.134294643998146057e-01 -1.653074175119400024e-01
-1.150340065360069275e-01 -1.864603310823440552e-01
-1.117589771747589111e-01 -1.459337323904037476e-01
-1.359684169292449951e-01 -1.787720173597335815e-01
-1.406067609786987305e-01 -1.490152329206466675e-01
-1.303825676441192627e-01 -1.652557998895645142e-01
-1.562319248914718628e-01 -1.423328816890716553e-01
-1.613252013921737671e-01 -1.473046541213989258e-01
-1.874976903200149536e-01 -1.472013890743255615e-01
-1.834376156330108643e-01 -1.349782198667526245e-01
-2.002394646406173706e-01 -1.253606826066970825e-01
-2.076511681079864502e-01 -1.317729204893112183e-01
-2.413169741630554199e-01 -1.081337109208106995e-01
-2.601579427719116211e-01 -1.043077111244201660e-01
-2.474500536918640137e-01 -8.187202364206314087e-02
-2.893899381160736084e-01 -8.110550045967102051e-02
-3.038384914398193359e-01 -6.189097464084625244e-02
-3.193615972995758057e-01 -4.280057922005653381e-02
-3.457309007644653320e-01 -3.940857131965458393e-04
-3.610301613807678223e-01 -5.232739262282848358e-03
-3.722823262214660645e-01 1.144743710756301880e-02
-4.290043413639068604e-01 2.223236486315727234e-02
-4.282338619232177734e-01 5.132974311709403992e-02
-4.398997128009796143e-01 5.612424015998840332e-02
-4.634475708007812500e-01 9.489215165376663208e-02
-4.842863082885742188e-01 1.003021225333213806e-01
-5.101305246353149414e-01 1.241469830274581909e-01
-5.094517469406127930e-01 1.349464654922485352e-01
-5.195672512054443359e-01 1.473466753959655762e-01
-5.625972747802734375e-01 1.684243232011795044e-01
-5.445038080215454102e-01 1.821849793195724487e-01
-5.672510862350463867e-01 1.954152733087539673e-01
-5.695669651031494141e-01 1.983026266098022461e-01
-6.191488504409790039e-01 2.173669487237930298e-01
-6.004695296287536621e-01 2.098648399114608765e-01
-6.117810606956481934e-01 2.198095470666885376e-01
-6.191643476486206055e-01 2.146011292934417725e-01
-6.281601786613464355e-01 2.371258884668350220e-01
-6.362987160682678223e-01 2.597217559814453125e-01
-6.339931488037109375e-01 2.395231872797012329e-01
-6.483590602874755859e-01 2.734887599945068359e-01
-6.550750732421875000e-01 2.712051868438720703e-01
-6.583310365676879883e-01 2.824714183807373047e-01
-6.607812643051147461e-01 2.691220343112945557e-01
-6.604063510894775391e-01 2.779600024223327637e-01
-6.649256348609924316e-01 2.902529537677764893e-01
-6.612145900726318359e-01 2.905141413211822510e-01
-6.808003187179565430e-01 2.930535972118377686e-01
-6.750889420509338379e-01 2.960586249828338623e-01
