2.222742506582039285e-02 1.238090051577395677e-02
2.175978796387729661e-02 1.254307180317843114e-02
1.757106687288182909e-02 1.155758630488202404e-02
1.272472397721685286e-02 1.047807585043256801e-02
7.755896647979547594e-03 9.361021806776339063e-03
1.827173866402460704e-03 7.411975918684305178e-03
-4.830688478774465035e-03 6.118110632809032993e-03
-1.190632059776770835e-02 4.666605548694098722e-03
-1.786794752596376074e-02 2.497382990498923146e-03
-2.923811046615730144e-02 -9.536726140090658402e-04
-3.025082726820091730e-02 -1.157053422113470164e-03
-3.609938723674642469e-02 -4.137581249516198920e-03
-4.711262620138385177e-02 -8.882027054196160384e-03
-5.024607714949445858e-02 -1.092539474158371084e-02
-5.313412155356791317e-02 -1.209026545092535369e-02
-6.736006350686526978e-02 -1.707425860071202020e-02
-6.791241487884699946e-02 -1.788100500016054362e-02
-6.857290775458152465e-02 -1.903868342008644202e-02
-7.088137009281038348e-02 -1.426036633368242372e-02
-6.975789798045836654e-02 -1.744042745383430140e-02
-6.175275393355005027e-02 -3.250871357552399810e-02
-6.303653453884722202e-02 -2.321865362187705908e-02
-7.207927444726658361e-02 -6.210484556802448389e-03
-5.857308102992979382e-02 -3.533140286005893860e-02
-6.294489618782231344e-02 -2.406948087489132332e-02
-7.056035920551746721e-02 -1.180418221179950315e-02
-6.403588570835383464e-02 -2.341429142636677549e-02
-6.733199108641803321e-02 4.102735331434359707e-03
-6.709520775532239190e-02 -1.764219961387784082e-03
-6.688355100383959473e-02 1.765808726276979100e-03
-6.775652861843921293e-02 -1.307452045438442035e-03
-6.725149227595959844e-02 5.798650514970997080e-03
-6.866659721494905444e-02 -3.837966112131054389e-03
-6.754883188354229850e-02 1.519780900935931633e-03
-6.955042249472485894e-02 1.147004143915876344e-02
-6.729018460912217225e-02 -8.582027588866043485e-03
-6.676924302381351262e-02 4.175650732539359401e-03
-6.929584795947803244e-02 1.679192026505441212e-03
-6.609791376804942387e-02 1.877983705097208481e-02
-6.463487885213894946e-02 2.296740565004553800e-02
-6.467146500396472875e-02 2.258601415538035936e-02
-6.650686585823563368e-02 1.838259503976593864e-02
-6.200743833404707278e-02 2.955434874324828348e-02
-6.555200831434102038e-02 2.086153281040150492e-02
-5.979116491106764575e-02 3.342872030369870018e-02
-6.052637748917052279e-02 3.282476539613694844e-02
-5.672697321766593387e-02 3.876132073136589334e-02
-5.462372932031026029e-02 4.204943829282811740e-02
-5.163692450399276490e-02 4.475877786852918566e-02
-5.040920334740844888e-02 4.768218737877581714e-02
-5.010914383881185513e-02 4.744352854839610500e-02
-4.736080462150089182e-02 5.105440103933769902e-02
-4.318016022192399522e-02 5.520379415050064020e-02
-3.909777103753424993e-02 5.840465164187982894e-02
-3.807330386929835137e-02 5.952427645525871364e-02
-3.296139428007296285e-02 6.257123863979199840e-02
-3.118188076888408350e-02 6.371559267300820617e-02
-2.801995450477508948e-02 6.545463403243247102e-02
-2.533476954453762683e-02 6.681551525857426510e-02
-2.002941563832920380e-02 7.021352697715729785e-02
-1.570266885178608907e-02 7.191818983888005612e-02
-1.218754926349593579e-02 7.348200971600517273e-02
-1.034489234396899354e-02 7.386760496451551250e-02
-7.689864372996108206e-03 7.521919118326855780e-02
-5.975810817018207231e-03 7.668352644816490982e-02
-2.131495294504451169e-04 7.892717274146386630e-02
5.976172390807112447e-03 7.963990687782125655e-02
9.002727253034590107e-03 8.001478445089514613e-02
8.573450721191188187e-03 8.007143829097036758e-02
1.193300767434339604e-02 8.003091156737407452e-02
1.410880618842063478e-02 8.052030310962327020e-02
1.811921833821564590e-02 8.048414226384471848e-02
1.990851724154321656e-02 8.066797778753199977e-02
2.070793995369377832e-02 8.022830024173226160e-02
2.207322875896142872e-02 8.009506942428167020e-02
2.350799383995197736e-02 7.997304436846291997e-02
2.717164187215460880e-02 7.964001938003567593e-02
3.112646344523789521e-02 7.839398463561136898e-02
3.151962472710167357e-02 7.784408957498796522e-02
3.362858143550248591e-02 7.741423183847014056e-02
3.740651034844635903e-02 7.499324548478879249e-02
3.583310607264282577e-02 7.603716524949598321e-02
3.798561439442958709e-02 7.459798134399076019e-02
3.858648276466813964e-02 7.433565381333405442e-02
3.902205137354385067e-02 7.433963391898743001e-02
3.962482662579389775e-02 7.368656206084174543e-02
4.767060443859844066e-02 6.543817853520302041e-02
4.946248129842224783e-02 6.277784499401832530e-02
4.790665863370847932e-02 6.473169953348513472e-02
4.732183787806278075e-02 6.552343464622237268e-02
4.504362217377425037e-02 6.877551662971162494e-02
4.963416277376263980e-02 6.133340867828246390e-02
4.816918765153196946e-02 6.441798641480644960e-02
4.851483472756332183e-02 6.375769569725070474e-02
5.123199552949857932e-02 5.999131285468029678e-02
5.049961468935315612e-02 6.047741407178673645e-02
4.921823703022454310e-02 6.263097813170931394e-02
5.097238010917386902e-02 5.927789858692274899e-02
5.026144827534804321e-02 6.041178413016067006e-02
5.086083753335161189e-02 6.005244443799254844e-02
2.244612053336933477e-02 1.282174597978593018e-02
2.162251970160041295e-02 1.269332601377324773e-02
1.851584349609850660e-02 1.175835059293228388e-02
1.222343824209398862e-02 1.021385589800566721e-02
6.898625588833253233e-03 8.496495771545006445e-03
1.638961281817066947e-04 7.143705178080252995e-03
-6.998465673293275020e-03 5.502004703566291607e-03
-1.390045514515303275e-02 4.066330254370280860e-03
-2.113980262965423074e-02 1.519814295076225581e-03
-2.562824825338370915e-02 1.843489618478701543e-04
-3.093534108020595461e-02 -2.051044860122522382e-03
-3.551027037073516829e-02 -3.641258357386608670e-03
-5.022760317950163839e-02 -1.044170860594450037e-02
-5.022579231977249148e-02 -1.071959215339725498e-02
-5.371146666422074029e-02 -1.236204240038993665e-02
-6.628103916789650218e-02 -1.648386091143154777e-02
-6.630066545666440936e-02 -1.722691727806341042e-02
-6.644259744069005991e-02 -1.754449192796635887e-02
-6.835215881777728653e-02 -2.304675148130483006e-02
-5.969724928496058375e-02 -3.531720562849423317e-02
-3.350536096707601441e-02 -5.708599819866545799e-02
-6.057217290230280243e-02 -3.007495613948433372e-02
-6.322046774481643316e-02 -2.396379132576798368e-02
-6.027815457183127029e-02 -3.404074006356425097e-02
-6.154550200155080308e-02 -2.775367266738118510e-02
-2.674050798303959087e-02 -5.927886007075764546e-02
-6.504107413616050382e-02 -1.707297526744465735e-02
-5.879968499143103933e-02 -3.470767167535347003e-02
-1.302272583018325956e-02 -6.489269227663499451e-02
-2.781938932251850141e-02 -5.799252395518694064e-02
-1.840898893859418961e-02 -6.013125205840640086e-02
-2.566082799486692906e-02 -5.951103125169760616e-02
-1.854058158128085720e-02 -5.996749119158047148e-02
-1.565347697515107050e-02 -6.234936475797887151e-02
-1.423877572554268361e-02 -6.415560747298838795e-02
-6.087053105159047350e-02 -2.927011932076045361e-02
-2.772176429924193969e-02 -5.906490877177428267e-02
-5.888464276100948552e-02 -3.567441171237994979e-02
-2.112392577713519820e-02 -5.927800606338571449e-02
-2.786904731294540319e-02 -5.879721986086730579e-02
-5.731987116682096817e-02 -3.980709437019163549e-02
-7.261757142498177948e-03 -6.662280016302128682e-02
-1.939751530253032777e-02 -5.945052860749934498e-02
-8.927524361891193277e-03 -6.584666787515208730e-02
9.488351799429996930e-03 -6.842217263311128894e-02
-9.835941075739510972e-03 -6.554848846792654671e-02
3.497848236427882063e-03 -6.838624488096776977e-02
1.166051425521530405e-02 -6.875525785093655751e-02
-3.437503473764195148e-03 -6.738234420660854651e-02
1.060128530760652207e-02 -6.859097224440326157e-02
1.362370716842765776e-02 -6.851223216853102871e-02
1.738119591664566074e-02 -6.892838983590285351e-02
1.740561299669778073e-02 -6.906138760951500977e-02
1.939854393080648470e-02 -6.903621588606434489e-02
2.211789971041248914e-02 -6.888184217809513454e-02
2.845416762780027600e-02 -6.854381578860450908e-02
2.350932581361701162e-02 -6.893920841752730622e-02
3.412075788263252418e-02 -6.707280481236933822e-02
3.569007930060569267e-02 -6.701655912185323916e-02
4.018474658572419173e-02 -6.522632419167127826e-02
4.012212687841471698e-02 -6.529577388825806572e-02
4.386683924781843713e-02 -6.411857451090736959e-02
4.482271895756568397e-02 -6.380895734731273361e-02
5.003427838311477055e-02 -6.148398798087160999e-02
5.329158979919718098e-02 -5.935908459774280610e-02
5.350838849949100112e-02 -5.902949015368085667e-02
5.577141870146734570e-02 -5.727730765468759533e-02
5.790302048191180856e-02 -5.645615382170453972e-02
6.070098293365961545e-02 -5.385738345563797352e-02
6.250279987415632843e-02 -5.201716541850889830e-02
6.399887712603738454e-02 -5.099469146445773787e-02
6.574568751952274137e-02 -4.927046962509422368e-02
6.749518470097837231e-02 -4.709784189653866415e-02
6.929121214656187855e-02 -4.504433186023364816e-02
7.043232747887541445e-02 -4.374944278005963444e-02
7.221389555755859668e-02 -4.136842380608138359e-02
7.365127751885869323e-02 -3.889044865920908423e-02
7.439484992341238723e-02 -3.699207877711466197e-02
7.534217090875973410e-02 -3.624612253009083102e-02
7.625031042715856022e-02 -3.454316237075982787e-02
7.760369379618720087e-02 -3.029568025446344876e-02
7.714316741979762582e-02 -3.134458508028299673e-02
7.837184191618823403e-02 -2.823604867551639946e-02
7.839396057004455187e-02 -2.790560530003069820e-02
7.962983522057638652e-02 -2.011042354094725454e-02
7.916273505975950087e-02 -2.423749999888998030e-02
7.931912590504111571e-02 -2.127743219558906815e-02
7.960852675496421504e-02 -2.041276176005050319e-02
7.965124401384326980e-02 -1.819663012616998601e-02
7.970973795928429362e-02 -1.479321526742368408e-02
7.968223147356208458e-02 -1.763459140983267628e-02
7.758619161997916402e-02 -9.407903445777198587e-03
7.772726960720427458e-02 -8.986418829518959955e-03
7.666974623203999528e-02 -6.268645105131179576e-03
7.733142959746593104e-02 -8.241410898880875344e-03
7.689952368353943080e-02 -6.497487631137282768e-03
7.600855715941494395e-02 -4.402002855242380733e-03
7.635724887412119466e-02 -4.911710952850338249e-03
7.600330093000941256e-02 -3.954140897213124194e-03
7.563604333270645963e-02 -3.834193431253960557e-03
