1.241623916625976562e+02 -7.429212093353271484e+00
1.749662170410156250e+02 -1.371623535156250000e+02
1.615860595703125000e+02 -1.474917297363281250e+02
1.457142639160156250e+02 -1.440097656250000000e+02
1.317409515380859375e+02 -1.359411926269531250e+02
1.272802124023437500e+02 -1.525680236816406250e+02
1.119172744750976562e+02 -1.432655792236328125e+02
9.548853302001953125e+01 -1.529951477050781250e+02
8.141932678222656250e+01 -1.432495269775390625e+02
5.772472763061523438e+01 -1.452370910644531250e+02
6.597878265380859375e+01 -1.593774261474609375e+02
4.432655715942382812e+01 -1.580173645019531250e+02
2.638224601745605469e+01 -1.709505462646484375e+02
9.023280143737792969e+00 -1.753933868408203125e+02
-3.712734222412109375e+00 -1.617143859863281250e+02
-3.023492813110351562e+01 -1.396263427734375000e+02
-2.655603408813476562e+01 -1.212036743164062500e+02
-4.382661819458007812e+01 -1.215894546508789062e+02
-3.886095809936523438e+01 -8.714280700683593750e+01
-4.349185943603515625e+01 -1.060449371337890625e+02
-6.969038009643554688e+00 -8.611318206787109375e+01
-2.901555633544921875e+01 -3.906974792480468750e+01
-6.860087585449218750e+01 -9.149411773681640625e+01
-6.507293581962585449e-01 -6.504110717773437500e+01
-3.963494110107421875e+01 -5.182514572143554688e+01
-5.344013595581054688e+01 -8.164934539794921875e+01
-2.451111602783203125e+01 -5.612759780883789062e+01
-9.901783752441406250e+01 -3.857630920410156250e+01
-6.974082183837890625e+01 -4.942050170898437500e+01
-8.209334564208984375e+01 -3.697196578979492188e+01
-7.389717864990234375e+01 -6.591170501708984375e+01
-9.548762512207031250e+01 -6.703264617919921875e+01
-6.521821594238281250e+01 -3.419781112670898438e+01
-8.539566040039062500e+01 -5.382338333129882812e+01
-1.217870025634765625e+02 -4.451492309570312500e+01
-5.588229751586914062e+01 -5.859991455078125000e+01
-1.022439956665039062e+02 -5.354151153564453125e+01
-8.827608489990234375e+01 -8.135810089111328125e+01
-1.118774032592773438e+02 -8.405384826660156250e+01
-1.317499694824218750e+02 -9.009068298339843750e+01
-1.281601409912109375e+02 -6.002565765380859375e+01
-1.278108367919921875e+02 -7.558103179931640625e+01
-1.443627166748046875e+02 -7.050591278076171875e+01
-1.139197998046875000e+02 -6.717089080810546875e+01
-1.522272491455078125e+02 -8.408255767822265625e+01
-1.455124664306640625e+02 -5.461240005493164062e+01
-1.672788696289062500e+02 -7.340452575683593750e+01
-1.635211334228515625e+02 -5.791138076782226562e+01
-1.611953125000000000e+02 -4.073960876464843750e+01
-1.834016876220703125e+02 -5.981070709228515625e+01
-1.786721496582031250e+02 -4.361038970947265625e+01
3.885645446777343750e+02 8.040187377929687500e+02
-8.272699737548828125e+01 -1.038175292968750000e+03
-6.471712646484375000e+02 -1.578699340820312500e+02
-1.847994537353515625e+02 -2.264738464355468750e+01
-1.885919036865234375e+02 -1.362201213836669922e+00
-1.726763153076171875e+02 -7.357882022857666016e+00
-1.624509887695312500e+02 4.773124217987060547e+00
-1.784151763916015625e+02 1.363727664947509766e+01
-1.623097991943359375e+02 2.187566184997558594e+01
-1.800613403320312500e+02 3.122194480895996094e+01
-1.649412078857421875e+02 3.849549865722656250e+01
-1.484508209228515625e+02 3.802396774291992188e+01
-1.740156250000000000e+02 5.208421325683593750e+01
-1.532454223632812500e+02 5.480115509033203125e+01
-1.643986968994140625e+02 6.854904937744140625e+01
-1.418989562988281250e+02 7.390158843994140625e+01
-1.562958526611328125e+02 8.538033294677734375e+01
8.997355461120605469e+00 -1.105190353393554688e+02
-1.563348693847656250e+02 1.027374649047851562e+02
-1.365142364501953125e+02 9.512333679199218750e+01
-1.370852050781250000e+02 1.115604248046875000e+02
-1.209050216674804688e+02 1.154913940429687500e+02
-1.498666687011718750e+02 1.197685775756835938e+02
-1.654567718505859375e+02 1.249892349243164062e+02
-1.476349639892578125e+02 1.350602569580078125e+02
-1.320442504882812500e+02 1.305548858642578125e+02
-1.158820266723632812e+02 1.387250213623046875e+02
-1.330231475830078125e+02 1.461612854003906250e+02
-1.618810119628906250e+02 1.446157989501953125e+02
-1.175581283569335938e+02 1.557541809082031250e+02
-1.615846405029296875e+02 1.610564270019531250e+02
-1.330950469970703125e+02 1.618542938232421875e+02
-1.470723876953125000e+02 1.536256408691406250e+02
-1.766903381347656250e+02 1.714669647216796875e+02
-1.482587280273437500e+02 1.689177551269531250e+02
-1.786563415527343750e+02 1.543164978027343750e+02
-1.621688537597656250e+02 1.794192352294921875e+02
-1.482640075683593750e+02 1.849306335449218750e+02
-1.353412017822265625e+02 1.773386077880859375e+02
-1.203442306518554688e+02 1.733152923583984375e+02
-1.328128051757812500e+02 2.121266326904296875e+02
-1.035501708984375000e+02 1.682602691650390625e+02
-1.266409378051757812e+02 1.899913177490234375e+02
-1.080241699218750000e+02 1.876071624755859375e+02
-1.602365722656250000e+02 1.977637481689453125e+02
-1.763992462158203125e+02 1.913279113769531250e+02
-1.527418518066406250e+02 2.129464263916015625e+02
-1.411804962158203125e+02 1.979775390625000000e+02
-1.162816696166992188e+02 2.042659301757812500e+02
1.608531036376953125e+02 -1.118807373046875000e+02
1.740735321044921875e+02 -1.212495727539062500e+02
1.575125885009765625e+02 -1.301774597167968750e+02
1.417150421142578125e+02 -1.229933853149414062e+02
1.108896026611328125e+02 -3.199311637878417969e+01
1.169260253906250000e+02 -1.275893478393554688e+02
1.104645690917968750e+02 -1.598387451171875000e+02
9.642563629150390625e+01 -1.345703735351562500e+02
9.011577606201171875e+01 -1.558864212036132812e+01
7.459922027587890625e+01 -5.581742286682128906e+00
5.957303619384765625e+01 -1.730854797363281250e+02
4.345240402221679688e+01 -1.740424499511718750e+02
2.593433761596679688e+01 -1.512890930175781250e+02
1.350139808654785156e+01 -1.609918212890625000e+02
6.189673423767089844e+00 -1.468245239257812500e+02
-1.376910591125488281e+01 -1.451543579101562500e+02
-1.667544746398925781e+01 -1.210227966308593750e+01
-1.033853816986083984e+01 -1.298378448486328125e+02
-2.353989028930664062e+01 -9.976042175292968750e+01
9.231273651123046875e+00 -3.032944488525390625e+01
2.132996177673339844e+01 -4.336838531494140625e+01
-1.636216354370117188e+01 -7.004177856445312500e+01
-3.526097488403320312e+01 -6.705748748779296875e+01
2.193187522888183594e+01 -1.908953094482421875e+01
-1.114655399322509766e+01 -5.310012054443359375e+01
3.021804618835449219e+01 -5.435250473022460938e+01
-4.669550704956054688e+01 -3.843901824951171875e+01
4.041752338409423828e+00 -4.772547912597656250e+01
6.973845672607421875e+01 -7.361769104003906250e+01
4.101740264892578125e+01 -6.350690841674804688e+01
3.221221542358398438e+01 -8.871338653564453125e+01
2.861032867431640625e+01 -7.108979797363281250e+01
5.813590240478515625e+01 -8.867914581298828125e+01
5.677359008789062500e+01 -3.016492462158203125e+01
5.675086975097656250e+01 -6.421113586425781250e+01
-1.159735107421875000e+01 -3.773351287841796875e+01
3.602016448974609375e+01 -3.525094223022460938e+01
1.059229278564453125e+01 -7.700116729736328125e+01
4.459420394897460938e+01 -7.865087127685546875e+01
4.418185424804687500e+01 -4.820417785644531250e+01
1.408861446380615234e+01 -5.985199356079101562e+01
7.379559326171875000e+01 -5.825360488891601562e+01
4.500682830810546875e+01 -9.930030822753906250e+01
6.024438476562500000e+01 -4.896593856811523438e+01
1.073275909423828125e+02 -5.569172286987304688e+01
7.255205535888671875e+01 -3.999422454833984375e+01
9.276734924316406250e+01 -6.755477905273437500e+01
1.129292373657226562e+02 -7.314279174804687500e+01
8.758376312255859375e+01 -4.970029067993164062e+01
1.223163604736328125e+02 -5.565280532836914062e+01
1.330613403320312500e+02 -6.822045898437500000e+01
1.406233520507812500e+02 -5.302691650390625000e+01
1.334707336425781250e+02 -3.820778274536132812e+01
1.534116363525390625e+02 -6.305880737304687500e+01
1.675524749755859375e+02 -4.774451065063476562e+01
1.539208221435546875e+02 -2.504572105407714844e+01
1.530673675537109375e+02 -4.154716110229492188e+01
1.696012115478515625e+02 -2.553425025939941406e+01
1.834451293945312500e+02 -3.267596054077148438e+01
1.841111602783203125e+02 -1.542466545104980469e+01
1.677730255126953125e+02 -7.729187965393066406e+00
1.801171112060546875e+02 1.620449781417846680e+00
1.962122802734375000e+02 -4.653785228729248047e+00
1.947083282470703125e+02 1.267871379852294922e+01
1.793412780761718750e+02 2.029468727111816406e+01
1.954458770751953125e+02 2.817929267883300781e+01
1.686267089843750000e+02 3.341045379638671875e+01
1.825303649902343750e+02 4.037385940551757812e+01
1.935153656005859375e+02 5.140381622314453125e+01
1.742668457031250000e+02 5.682817840576171875e+01
1.863312835693359375e+02 6.833210754394531250e+01
1.611051483154296875e+02 6.560502624511718750e+01
1.722538604736328125e+02 7.955513000488281250e+01
1.835956268310546875e+02 9.112386322021484375e+01
1.567630310058593750e+02 8.480686950683593750e+01
1.668086395263671875e+02 9.968479919433593750e+01
1.444327697753906250e+02 9.729353332519531250e+01
1.803335876464843750e+02 1.130385971069335938e+02
1.533241882324218750e+02 1.110968017578125000e+02
1.655802917480468750e+02 1.211519851684570312e+02
-2.067659301757812500e+02 1.020885772705078125e+02
1.343977355957031250e+02 1.172187728881835938e+02
1.786045227050781250e+02 1.341911010742187500e+02
1.481376342773437500e+02 1.279934921264648438e+02
1.694506683349609375e+02 1.513242187500000000e+02
1.241314468383789062e+02 1.334705047607421875e+02
1.599585876464843750e+02 1.387418518066406250e+02
1.342518310546875000e+02 1.553673553466796875e+02
1.514633026123046875e+02 1.524197998046875000e+02
1.866151885986328125e+02 1.531986999511718750e+02
1.395055236816406250e+02 1.411131134033203125e+02
1.610924377441406250e+02 1.659714508056640625e+02
1.413908386230468750e+02 1.851055755615234375e+02
1.257576675415039062e+02 1.719535827636718750e+02
1.777919616699218750e+02 1.713116760253906250e+02
1.168346099853515625e+02 1.529963684082031250e+02
1.449170379638671875e+02 1.685942687988281250e+02
-1.092467041015625000e+03 -1.945642822265625000e+03
6.759884643554687500e+02 -7.388717041015625000e+02
1.611584625244140625e+02 1.838407592773437500e+02
