2.859591245651245117e+00 -2.196032762527465820e+00
3.079553365707397461e+00 -2.299214124679565430e+00
2.648630619049072266e+00 -2.515729904174804688e+00
3.071804285049438477e+00 -2.977919816970825195e+00
2.794450998306274414e+00 -2.996638774871826172e+00
2.389205694198608398e+00 -3.357056856155395508e+00
2.772154092788696289e+00 -3.846911191940307617e+00
2.297255992889404297e+00 -4.245006561279296875e+00
2.620577812194824219e+00 -4.415439605712890625e+00
1.943973183631896973e+00 -5.150788307189941406e+00
2.037415742874145508e+00 -5.308966636657714844e+00
1.690755248069763184e+00 -5.682806968688964844e+00
1.045868158340454102e+00 -5.613246917724609375e+00
1.063194870948791504e+00 -6.003952503204345703e+00
6.869391202926635742e-01 -6.247999668121337891e+00
1.112502962350845337e-01 -6.666821002960205078e+00
-1.865033954381942749e-01 -7.089972972869873047e+00
-3.121931254863739014e-01 -7.332898616790771484e+00
-1.210998535156250000e+00 -7.544082164764404297e+00
-6.683156490325927734e-01 -7.247163295745849609e+00
-2.714511752128601074e-01 -8.371641159057617188e+00
-1.777904510498046875e+00 -8.238777160644531250e+00
-2.042873859405517578e+00 -7.132662773132324219e+00
-5.639682412147521973e-01 -8.943989753723144531e+00
-2.091831445693969727e+00 -8.639804840087890625e+00
-1.569507598876953125e+00 -7.516251564025878906e+00
-1.388336539268493652e+00 -8.335064888000488281e+00
-3.666166782379150391e+00 -6.879131793975830078e+00
-2.800117492675781250e+00 -7.185149669647216797e+00
-3.053027153015136719e+00 -6.887025833129882812e+00
-2.852305650711059570e+00 -6.786655902862548828e+00
-3.977149248123168945e+00 -6.689757347106933594e+00
-2.998473167419433594e+00 -7.306385517120361328e+00
-3.361086130142211914e+00 -6.767249107360839844e+00
-4.568255424499511719e+00 -7.221157550811767578e+00
-2.488212347030639648e+00 -7.652277946472167969e+00
-3.861125469207763672e+00 -6.978778839111328125e+00
-3.595385789871215820e+00 -7.196429252624511719e+00
-4.897801876068115234e+00 -7.279975414276123047e+00
-5.413142204284667969e+00 -7.240918636322021484e+00
-5.160797119140625000e+00 -7.612599372863769531e+00
-5.315711975097656250e+00 -7.069794654846191406e+00
-5.679214954376220703e+00 -7.572906494140625000e+00
-4.987687110900878906e+00 -6.896471500396728516e+00
-5.944757461547851562e+00 -7.782554626464843750e+00
-5.907743453979492188e+00 -7.742114543914794922e+00
-6.105755805969238281e+00 -8.212949752807617188e+00
-6.321364879608154297e+00 -8.272068977355957031e+00
-6.427349090576171875e+00 -8.610931396484375000e+00
-6.684199810028076172e+00 -8.745282173156738281e+00
-6.166371345520019531e+00 -9.040370941162109375e+00
-6.544147014617919922e+00 -8.937555313110351562e+00
-6.714545726776123047e+00 -9.213037490844726562e+00
-6.867484092712402344e+00 -9.474012374877929688e+00
-6.533376693725585938e+00 -9.387370109558105469e+00
-6.321684837341308594e+00 -9.968213081359863281e+00
-6.617221355438232422e+00 -1.005664157867431641e+01
-6.475349426269531250e+00 -1.044123649597167969e+01
-6.603662014007568359e+00 -1.066183471679687500e+01
-6.402991294860839844e+00 -1.093660831451416016e+01
-6.207912445068359375e+00 -1.109202384948730469e+01
-5.978637218475341797e+00 -1.151437759399414062e+01
-6.109624862670898438e+00 -1.158967494964599609e+01
-5.865459918975830078e+00 -1.171168327331542969e+01
-5.694322586059570312e+00 -1.185281753540039062e+01
-5.466743946075439453e+00 -1.216823959350585938e+01
-5.404793739318847656e+00 -1.225716495513916016e+01
-5.110052585601806641e+00 -1.227665328979492188e+01
-5.241575717926025391e+00 -1.241799831390380859e+01
-4.955700397491455078e+00 -1.273454570770263672e+01
-4.701182842254638672e+00 -1.256776618957519531e+01
-4.679837703704833984e+00 -1.316469097137451172e+01
-4.366477966308593750e+00 -1.300926399230957031e+01
-4.206893444061279297e+00 -1.309541416168212891e+01
-4.214502334594726562e+00 -1.330793666839599609e+01
-4.002819538116455078e+00 -1.282628059387207031e+01
-3.699170589447021484e+00 -1.313384532928466797e+01
-3.416234731674194336e+00 -1.276496982574462891e+01
-3.241724014282226562e+00 -1.263033103942871094e+01
-3.074005842208862305e+00 -1.246128940582275391e+01
-2.685841560363769531e+00 -1.239902687072753906e+01
-2.798527956008911133e+00 -1.259151172637939453e+01
-2.765352487564086914e+00 -1.204110336303710938e+01
-2.312439918518066406e+00 -1.200630760192871094e+01
-2.560827732086181641e+00 -1.182039642333984375e+01
-2.381903648376464844e+00 -1.207188701629638672e+01
-1.419169902801513672e+00 -1.093419456481933594e+01
-9.649550914764404297e-01 -1.123491668701171875e+01
-1.533259630203247070e+00 -1.113013458251953125e+01
-1.810131430625915527e+00 -1.139636802673339844e+01
-1.953897595405578613e+00 -1.125140666961669922e+01
-1.197208285331726074e+00 -1.141636848449707031e+01
-1.293960452079772949e+00 -1.078355598449707031e+01
-1.227518439292907715e+00 -1.071718788146972656e+01
-4.300280213356018066e-01 -1.109075355529785156e+01
-4.991664290428161621e-01 -1.090734291076660156e+01
-1.058986425399780273e+00 -1.106300640106201172e+01
-3.304321467876434326e-01 -1.124111652374267578e+01
-7.013557553291320801e-01 -1.066967391967773438e+01
-6.575017571449279785e-01 -1.131472206115722656e+01
3.020030260086059570e+00 -1.854156017303466797e+00
3.262899398803710938e+00 -2.138157606124877930e+00
2.921102046966552734e+00 -2.440590381622314453e+00
2.723683595657348633e+00 -2.725337028503417969e+00
2.570262908935546875e+00 -3.210091590881347656e+00
2.647051572799682617e+00 -3.466016530990600586e+00
2.546448707580566406e+00 -3.882670640945434570e+00
2.463420867919921875e+00 -4.366695404052734375e+00
2.450728178024291992e+00 -4.656300544738769531e+00
2.212978601455688477e+00 -5.017652034759521484e+00
2.009196519851684570e+00 -5.412378787994384766e+00
1.688813924789428711e+00 -5.506598472595214844e+00
8.522912263870239258e-01 -5.767903804779052734e+00
6.955332159996032715e-01 -5.800121307373046875e+00
6.492040753364562988e-01 -6.200095176696777344e+00
5.444257855415344238e-01 -7.187606811523437500e+00
3.754970431327819824e-01 -6.936431884765625000e+00
3.979426026344299316e-01 -7.112280368804931641e+00
-4.358780384063720703e-01 -7.854394435882568359e+00
1.502331048250198364e-01 -8.702718734741210938e+00
2.961346805095672607e-01 -1.274190616607666016e+01
-1.054859042167663574e+00 -8.617922782897949219e+00
-1.847344994544982910e+00 -8.383443832397460938e+00
3.470705747604370117e-01 -8.516469955444335938e+00
-1.325102448463439941e+00 -8.875870704650878906e+00
3.045325875282287598e-01 -1.364500236511230469e+01
-2.019059181213378906e+00 -8.040828704833984375e+00
-8.125671744346618652e-01 -9.236007690429687500e+00
1.799083054065704346e-01 -1.423960685729980469e+01
4.927609860897064209e-01 -1.294559001922607422e+01
1.121385335922241211e+00 -1.342480087280273438e+01
4.806401431560516357e-01 -1.350949954986572266e+01
8.890833258628845215e-01 -1.324058818817138672e+01
1.049912810325622559e+00 -1.381550407409667969e+01
5.325107574462890625e-01 -1.412653541564941406e+01
-1.554742932319641113e+00 -8.882534980773925781e+00
6.477078795433044434e-02 -1.313647365570068359e+01
-1.051677539944648743e-01 -8.976741790771484375e+00
8.890501856803894043e-01 -1.293447589874267578e+01
1.649305224418640137e-01 -1.337086963653564453e+01
-1.529738456010818481e-01 -9.345212936401367188e+00
3.973912596702575684e-01 -1.481612205505371094e+01
1.161787271499633789e+00 -1.308579635620117188e+01
7.458330690860748291e-02 -1.459780979156494141e+01
-5.715704709291458130e-02 -1.680034828186035156e+01
4.725604355335235596e-01 -1.439986991882324219e+01
1.673954129219055176e-01 -1.587409877777099609e+01
-4.179004207253456116e-02 -1.646151542663574219e+01
1.662396639585494995e-01 -1.534160804748535156e+01
1.475237011909484863e-01 -1.677166175842285156e+01
7.516428828239440918e-02 -1.728389549255371094e+01
-1.045696139335632324e-01 -1.764935874938964844e+01
-3.285759389400482178e-01 -1.746166610717773438e+01
-8.022774755954742432e-02 -1.796118927001953125e+01
-4.761707484722137451e-01 -1.832572364807128906e+01
-4.131109416484832764e-01 -1.892808151245117188e+01
-3.101817071437835693e-01 -1.844519424438476562e+01
-5.044632554054260254e-01 -1.946756744384765625e+01
-6.848829388618469238e-01 -1.967063713073730469e+01
-7.439550757408142090e-01 -2.028579902648925781e+01
-8.105438947677612305e-01 -2.016512107849121094e+01
-9.505159854888916016e-01 -2.078036308288574219e+01
-9.597130417823791504e-01 -2.079380226135253906e+01
-1.099279165267944336e+00 -2.170255470275878906e+01
-1.315893650054931641e+00 -2.192832756042480469e+01
-1.182544589042663574e+00 -2.206937217712402344e+01
-1.419965267181396484e+00 -2.264273071289062500e+01
-1.512518405914306641e+00 -2.298567390441894531e+01
-1.654991269111633301e+00 -2.337636375427246094e+01
-1.807891488075256348e+00 -2.384708404541015625e+01
-1.703801274299621582e+00 -2.396168899536132812e+01
-2.064383983612060547e+00 -2.424992561340332031e+01
-1.729261994361877441e+00 -2.462508583068847656e+01
-2.099824190139770508e+00 -2.484407234191894531e+01
-2.037243604660034180e+00 -2.491591835021972656e+01
-2.327965974807739258e+00 -2.526563262939453125e+01
-2.114450216293334961e+00 -2.552896881103515625e+01
-2.618468284606933594e+00 -2.568796730041503906e+01
-2.308423280715942383e+00 -2.575384712219238281e+01
-2.656677961349487305e+00 -2.594892883300781250e+01
-2.717799901962280273e+00 -2.643321609497070312e+01
-2.595181941986083984e+00 -2.638628387451171875e+01
-3.062045574188232422e+00 -2.655681800842285156e+01
-2.802674770355224609e+00 -2.668994712829589844e+01
-3.005627870559692383e+00 -2.724947357177734375e+01
-3.080465316772460938e+00 -2.707114982604980469e+01
-3.272952556610107422e+00 -2.735840988159179688e+01
-2.886942148208618164e+00 -2.745964813232421875e+01
-3.303745985031127930e+00 -2.778811073303222656e+01
-3.112317085266113281e+00 -2.809385299682617188e+01
-2.967296361923217773e+00 -2.778201675415039062e+01
-3.114137887954711914e+00 -2.851953315734863281e+01
-2.949567556381225586e+00 -2.864772605895996094e+01
-2.853327989578247070e+00 -2.919447135925292969e+01
-3.326444387435913086e+00 -2.899740791320800781e+01
-2.947835445404052734e+00 -2.886450767517089844e+01
-3.543109178543090820e+00 -2.885536575317382812e+01
-3.234108209609985352e+00 -2.942911911010742188e+01
-3.579956531524658203e+00 -2.914385604858398438e+01
-3.459258317947387695e+00 -2.899554443359375000e+01
