-8.639010983563962798e-01 -1.496525503057252182e-01
5.217278953256040408e-01 5.810591389896492265e-01
9.134288127808516400e-01 2.462586312497380414e-01
8.196463820207037232e-01 -4.468448476109749823e-01
-8.449597541762243758e-01 -3.752762084439530410e-01
7.169528788560739496e-01 2.293846186361839790e-01
-2.828608322457391577e-01 4.555564039443991131e-01
4.192351212517634873e-01 7.993162896621042179e-01
-9.038639557091533439e-01 -2.549050060610278390e-01
7.001448312453355527e-01 4.005007884680316654e-01
-7.398534915911970655e-01 9.480375185418779549e-02
3.547593597390520381e-01 7.188073635904123071e-01
-8.422650543973271287e-01 -3.588101083940459235e-01
9.313578530645273412e-01 2.359525252270601170e-01
8.249044739728965681e-01 -1.189080107459450086e-01
-9.106601140711141351e-01 -6.444444818985241297e-02
7.285864368290592141e-01 -4.645863123308738851e-01
8.453841473701116938e-01 3.064799723207525251e-01
1.099409800688468386e-01 6.526277492708122407e-01
6.184628198897893503e-01 4.616203300903346518e-01
-4.809120909676080635e-01 3.115348115569695486e-01
-8.593143174235140513e-01 -1.579057742622144711e-02
6.992209083279697923e-01 3.326026810704986181e-01
-8.160440726037503367e-01 -9.374982547479468464e-02
4.735521699720441346e-01 6.452403050039179355e-01
7.770455282594713742e-01 4.155540535425176346e-02
8.964665823460924443e-01 2.655424328604717443e-01
4.178440406002124630e-01 7.673065669598682081e-01
-6.468367937229968501e-01 1.830438780864435122e-01
-8.970192666288476779e-01 -2.305957793758069141e-01
6.720847156491488450e-01 3.215381166140789948e-01
7.645018173210210710e-01 3.718600054069999827e-01
2.498680866091695374e-01 7.012383082777932097e-01
-8.866534890369958122e-01 -1.942693579017472083e-01
6.578146330773526618e-01 -4.672587011766104470e-01
8.045106305543621161e-01 -4.321813815240423823e-02
6.326366549832014297e-01 4.282853271326905187e-01
-7.364191666212367426e-01 2.805933959152282636e-02
4.326593523964825105e-01 6.999719321477508860e-01
8.264583706759950354e-01 -4.426333754851838331e-01
6.683451286795794033e-01 4.048930537198640045e-01
8.941984652149496116e-01 -2.312643287875773279e-01
7.771436925302727117e-01 -4.574319053725960371e-01
8.050803590963332423e-01 -4.499331777961085854e-01
-8.914733700406595185e-01 -3.963143891895227339e-02
-6.652118716480009963e-02 5.752143583838669194e-01
-6.228704700197181809e-01 1.700466850991084466e-01
5.767107860710830591e-01 5.126129269836678937e-01
7.444962408050900260e-01 1.362656521531625531e-01
-8.053350934498884062e-01 3.199748014179588929e-02
