-7.053105535718371399e-01 -1.546785345563412850e-01 -2.101712451898480327e-01
-7.116348587005272286e-01 -1.566077421188618313e-01 -2.061329538651843207e-01
-7.172896810831379533e-01 -1.569834004210400313e-01 -2.003168033282774207e-01
-7.231639551021701307e-01 -1.579484546591740091e-01 -1.965208787762325882e-01
-7.287966860164128979e-01 -1.585818415164743367e-01 -1.920145356370472622e-01
-7.344323596816013655e-01 -1.601490675184700507e-01 -1.883443174445146862e-01
-7.385055739239201333e-01 -1.621056804393228579e-01 -1.834627997912479935e-01
-7.427217165706085922e-01 -1.613006304129621371e-01 -1.789892574511598999e-01
-7.486890574087359251e-01 -1.618849483184792992e-01 -1.745624350405783343e-01
-7.529946325949493646e-01 -1.624571632109246822e-01 -1.706581602584394952e-01
-7.579262190121826004e-01 -1.614962197725013648e-01 -1.681965168615647543e-01
2.007316287063147520e-01 4.829101594330134084e-01 1.027477716409960634e-01
2.151856467138680284e-01 4.784419073627260710e-01 8.440274593710755946e-02
2.341800361325524216e-01 4.721018795952504621e-01 7.006060760813090371e-02
2.522972561364206223e-01 4.627897624549239808e-01 5.544315843659135268e-02
2.147999871372310299e-01 4.944414000259136355e-01 9.986501395545564763e-02
2.334099306945474350e-01 4.875884727361608495e-01 8.216311092693968920e-02
2.483307860957480184e-01 4.821941690862827090e-01 6.687877601344706380e-02
2.626803305692902990e-01 4.735835624516184783e-01 5.035465092083674793e-02
1.617684747294415581e-01 5.012325955065528582e-01 7.021684339030796751e-02
1.769424672893807615e-01 4.943875187178274344e-01 5.616569888544151873e-02
1.928293413078965846e-01 4.881134761281720746e-01 4.293275241922162727e-02
2.076889137103049843e-01 4.812056741429536211e-01 3.007564439468256995e-02
2.211048185536358401e-01 4.748506313015086744e-01 1.703611685828012104e-02
3.261270957949085614e-01 4.215173810003189359e-01 5.929301979638375020e-01
3.270801110216282614e-01 4.167498593575067467e-01 5.959965038168635321e-01
3.256440268282805306e-01 4.135063068256427110e-01 5.988690672944418925e-01
3.218140118446438103e-01 4.113608181362548022e-01 6.026109953840573796e-01
3.177624783528875119e-01 4.122369983156990991e-01 6.061641868738993910e-01
3.155779976119963970e-01 4.139825053802611565e-01 6.101297111788812622e-01
3.163886367368196062e-01 4.129574612342528095e-01 6.126187150298130213e-01
3.170305122456933411e-01 4.120114203192353775e-01 6.147344653223413280e-01
3.184143241307189065e-01 4.111193114643538760e-01 6.160347935685327458e-01
3.197032928298696453e-01 4.092918801041163235e-01 6.172713733509845868e-01
3.245041731410906460e-01 4.075046437202765603e-01 6.187097161678375423e-01
3.294932325333798095e-01 4.059793933693759960e-01 6.192463978314393103e-01
3.347370366108065043e-01 4.044334003946125633e-01 6.209276986324163694e-01
3.391715965252166121e-01 4.027353420085688085e-01 6.223080575567696560e-01
3.430297932628258439e-01 4.007382999613125496e-01 6.258542834121004761e-01
7.553319104158772168e-01 3.056016642146860418e-01 1.467223931760745503e-01
7.574306050068344565e-01 3.040248755455947638e-01 1.463587114569563363e-01
7.585893179972070799e-01 3.045206533164930285e-01 1.492404866572750732e-01
7.596871937493929750e-01 3.014906696019377108e-01 1.522613649362291599e-01
7.604938076565570526e-01 3.018185620750161169e-01 1.513842733774621030e-01
7.625255549337639494e-01 3.005544665338114596e-01 1.519041241124562680e-01
7.640767444210099235e-01 3.004610138226240790e-01 1.523146662957068631e-01
7.633126427509236978e-01 3.008034701209368333e-01 1.539276876265674721e-01
7.647607736041244220e-01 3.015419053603943800e-01 1.541158430607038332e-01
7.652660473449997003e-01 3.020950751528204137e-01 1.549127668705703453e-01
7.660925529405187007e-01 3.033335249674007916e-01 1.540641887731996618e-01
7.645553135115523702e-01 3.038884695087743504e-01 1.529976756213898004e-01
7.641968250665600593e-01 3.040124729392471026e-01 1.542247147795532403e-01
7.642747998264538545e-01 3.044091514123649089e-01 1.550945076026802871e-01
7.641788830386418985e-01 3.049147483287500959e-01 1.565735269752104308e-01
7.636577601342160460e-01 3.040592493098550619e-01 1.580556614125441794e-01
7.645066592951980100e-01 3.049783697552260753e-01 1.596085598522733739e-01
-7.046241388329342881e-01 -4.243900770790660637e-01 -1.127243276576992415e-01
-7.034057146959095119e-01 -4.270648239473009977e-01 -1.144674904585141206e-01
-7.036557072548339509e-01 -4.278942844266133694e-01 -1.164927006423445988e-01
-7.020679891805399198e-01 -4.290735746394165884e-01 -1.179034317553318972e-01
-7.018498789893005130e-01 -4.306154823451015523e-01 -1.198078300350905595e-01
-7.017413937320317041e-01 -4.310244330979355887e-01 -1.203950770275798721e-01
-7.009769570443918907e-01 -4.322877166297789953e-01 -1.218896344921684138e-01
-7.014212214590256345e-01 -4.335353805276020434e-01 -1.234906862864486032e-01
-7.009070301269708647e-01 -4.333944778891371530e-01 -1.251957950889167892e-01
-7.022552746548170743e-01 -4.338712659094481894e-01 -1.264217154607397142e-01
-7.009422118760205711e-01 -4.347884611024515622e-01 -1.261253748459132129e-01
-7.024622080269321556e-01 -4.362127294300282565e-01 -1.261369857651934989e-01
-7.038951298405183854e-01 -4.357072764488848504e-01 -1.267632068653056776e-01
-7.042840551080412625e-01 -4.350092481294603464e-01 -1.273646357689206809e-01
-7.031752945887053130e-01 -4.354899255073160780e-01 -1.282389681934363312e-01
-7.021067190437894068e-01 -4.358433950881183128e-01 -1.295794623330165651e-01
-7.014727680286251266e-01 -4.373256733424747966e-01 -1.291658128127876060e-01
-6.997513479097730027e-01 -4.384358116019821394e-01 -1.295545708218119041e-01
-6.986649820205603767e-01 -4.383418555251541449e-01 -1.305775874982006424e-01
-6.985067596947721613e-01 -4.390518483808858452e-01 -1.305422527483089956e-01
-6.997345681583976296e-01 -4.397736412346537893e-01 -1.313405943052848024e-01
-6.993273399317485595e-01 -4.385921219540883653e-01 -1.328577801821788917e-01
-7.003452325450659766e-01 -4.392981791201147068e-01 -1.337742027331026151e-01
-7.009314223806836219e-01 -4.400701413934729467e-01 -1.335864805451033865e-01
-7.012031956725054416e-01 -4.388039219736707408e-01 -1.350247277739080320e-01
-7.009284114382133835e-01 -4.379424191208999284e-01 -1.344245756806448366e-01
-6.997181451612790593e-01 -4.374288702742324952e-01 -1.337553934445747661e-01
-6.997651927570205377e-01 -4.362264121526561178e-01 -1.329729080032528155e-01
-7.006779826300700842e-01 -4.356704427903431154e-01 -1.337837266248158574e-01
-7.015169509812043680e-01 -4.362698031244255370e-01 -1.332688547667277290e-01
-7.017862316139454881e-01 -4.357305743399147446e-01 -1.329402397784651135e-01
-7.032644204886884243e-01 -4.362293191632215517e-01 -1.336447788882081378e-01
-7.034157943001039248e-01 -4.368909566370160480e-01 -1.339903259131773883e-01
-7.045416407099969192e-01 -4.373532325301194290e-01 -1.338562429920534813e-01
-7.050935597093713758e-01 -4.384646929843883378e-01 -1.326144439532671859e-01
-7.056812668816668799e-01 -4.389872691687979334e-01 -1.305616360243056218e-01
-7.077037784783255514e-01 -4.380834675379138288e-01 -1.300275316154020644e-01
6.706401995704562580e-02 3.702205903023904621e-01 3.902676297719350762e-01
7.279781495743699316e-02 3.884116923604312155e-01 3.568134754418050836e-01
7.434678894726726162e-02 3.697688484222134697e-01 3.924774099465631605e-01
7.897964809499809224e-02 3.911605292678196899e-01 3.617167358552064171e-01
6.506824797993311649e-02 3.982294798906985678e-01 4.136883006536343221e-01
6.212228198267039092e-02 4.213192999313479237e-01 3.889391273852440545e-01
7.131774894769939144e-02 4.391438468997094224e-01 3.661842139718153311e-01
6.917566376051037524e-02 4.153777758571821632e-01 4.215085632289155004e-01
7.106027567607356432e-02 4.431769556696656398e-01 4.017264821579266121e-01
6.908504604664063298e-02 4.663143662277731694e-01 3.837133318406319993e-01
-9.350167615881549432e-02 1.162662064644734705e-01 -3.013085061636283091e-01
-1.412651418882238941e-01 8.704438438441085280e-02 -3.072202262774148540e-01
-1.834225226202758074e-01 5.537437623252883245e-02 -3.089248154413029579e-01
-1.191496943708292428e-01 1.652599745166892509e-01 -2.683188530508686664e-01
-1.652949228870364828e-01 1.418659573591619927e-01 -2.760634964332420727e-01
-2.097066568599503245e-01 1.152082347327351569e-01 -2.774734821093452486e-01
-2.508647171783847662e-01 8.674504065006106990e-02 -2.761378887609111099e-01
5.035262452562456748e-01 3.792586170755000152e-01 -7.550013520778682541e-02
5.082474708653799134e-01 3.767730210753565401e-01 -7.509647336202340817e-02
5.132939343138712696e-01 3.760760432407364018e-01 -7.300830452249162938e-02
5.175471133284080816e-01 3.757217631797870605e-01 -7.153075894909070864e-02
5.245479781822062204e-01 3.780143090771180825e-01 -6.720228719661952566e-02
5.306723226368067481e-01 3.786961840800141532e-01 -6.526430329588801815e-02
5.384343377097325911e-01 3.782012139976672627e-01 -6.061692619011486288e-02
5.451359593088498379e-01 3.757228003458611965e-01 -5.401715427676114650e-02
5.522287434184891541e-01 3.725657092274405890e-01 -4.773195202673767568e-02
5.608592865129518046e-01 3.707708238369090137e-01 -4.164903764977847395e-02
5.701944186436888051e-01 3.688595172359503405e-01 -3.480083179005721838e-02
-8.327663627848808092e-01 -1.286294203975709982e-01 -1.066451639908521098e-01
-8.352809138457587546e-01 -1.293527227918535860e-01 -1.062257067728669818e-01
-8.359150898382405881e-01 -1.289035778456529557e-01 -1.051975390478935568e-01
-8.364585188186596243e-01 -1.296137864765750103e-01 -1.038971409127723289e-01
-8.383278297630156750e-01 -1.295173067297073488e-01 -1.033542923115611245e-01
-8.393078166344057900e-01 -1.290321277730916705e-01 -1.027139072323330904e-01
-8.397100219658290010e-01 -1.299883412778816971e-01 -1.013717352056975607e-01
-8.404297054776328491e-01 -1.293840737339272684e-01 -1.009416189378106593e-01
-8.413546681489758594e-01 -1.288711918609183049e-01 -9.994945089274860639e-02
-8.428210204315972343e-01 -1.284840119107392431e-01 -1.002248829230519278e-01
-8.435479310758291493e-01 -1.273885548704764559e-01 -9.936013736423741916e-02
-8.432435605206359819e-01 -1.272732126443681389e-01 -9.659340708858381308e-02
-8.441173544018594210e-01 -1.279667382644499307e-01 -9.571086471722899114e-02
-8.458870411696364222e-01 -1.276136034024092647e-01 -9.567416412154319816e-02
-8.466106033051438162e-01 -1.263967607895897516e-01 -9.496136989367752468e-02
-8.472030615644801088e-01 -1.256107312939579723e-01 -9.495852045596116231e-02
-8.474299437918207945e-01 -1.259854532537787175e-01 -9.407422637683029998e-02
-8.478268721150609144e-01 -1.248925220426924249e-01 -9.343378524718480571e-02
-8.481513942751754964e-01 -1.235355042207582354e-01 -9.424139502857079020e-02
-8.468398461207832240e-01 -1.230995544302055794e-01 -9.261456898280211181e-02
-8.468162269679335719e-01 -1.218746698622325542e-01 -9.226577984491322881e-02
-8.462864618607091050e-01 -1.217680359828774983e-01 -9.095671476787775545e-02
-8.467803787444019292e-01 -1.219247639556353818e-01 -9.139334485496761196e-02
-8.470536465374577384e-01 -1.205792577236629304e-01 -9.219780054738363484e-02
-8.464390030634475481e-01 -1.201855947636698563e-01 -9.166568884346326662e-02
-8.474492653688124877e-01 -1.192640469175831747e-01 -9.167674434308445419e-02
-8.471485074334741405e-01 -1.185826127240791339e-01 -9.266786425901964164e-02
-8.465030170180664060e-01 -1.179777096817233306e-01 -9.320450856235429349e-02
-8.465857140004006132e-01 -1.185578719599102715e-01 -9.240663660110151612e-02
-8.476816992830451536e-01 -1.181826090232994259e-01 -9.427592214702701368e-02
-8.486211920127743058e-01 -1.191592453320462069e-01 -9.373804638108701459e-02
-1.455172005171824837e-02 5.316512176030290249e-01 2.642312668633345352e-01
-1.396301207729350354e-02 5.430014222668503310e-01 2.600411434471036065e-01
-1.474579627701321644e-02 5.529238293780397440e-01 2.580383363276184117e-01
-1.482813422884616573e-02 5.596166727092942716e-01 2.551462092357325018e-01
-1.477391464903052981e-02 5.680414919596094014e-01 2.518392764592499167e-01
-1.512736293786445287e-02 5.735039373672460306e-01 2.480427836336752401e-01
-1.798885852983652528e-02 5.798381827419449852e-01 2.485532215751784513e-01
-1.954364706179149980e-02 5.824718510979083330e-01 2.502803271795033813e-01
-1.866510809537635929e-02 5.864086828638290783e-01 2.519293534866133832e-01
-1.529860419002512448e-02 5.872145481562205394e-01 2.513677940312333270e-01
-1.517567160540005122e-02 5.878991766816805686e-01 2.542413767718016415e-01
-1.711063785568438592e-02 5.904459741916052717e-01 2.536304587352860018e-01
-1.663277630512236677e-02 5.929231817107581959e-01 2.557395893221179883e-01
-1.473057626615424838e-02 5.963939580336333757e-01 2.565117425848146282e-01
-9.906472077365563109e-03 5.980958582430448978e-01 2.552159377119048167e-01
-1.020439040758843938e-02 6.003387866604110723e-01 2.559285566188045369e-01
-8.447431707453713703e-03 6.017254259599611466e-01 2.573916027631741876e-01
-8.275011052819459395e-03 6.020907362145530017e-01 2.629042219425589688e-01
-8.285143127661032808e-03 6.028210152649277065e-01 2.649439733436079747e-01
-6.381679910433881407e-03 6.033279689814958768e-01 2.667381120056830368e-01
-5.302114355856408709e-03 6.051835927784082747e-01 2.678350179045604351e-01
-3.692731792077926564e-03 6.047501034004124643e-01 2.714487347637672965e-01
-1.590669327891273662e-03 6.069853394379365330e-01 2.755033085808559767e-01
1.116375213356800939e-03 6.088680276661361246e-01 2.791503170810545331e-01
2.958369989236747395e-03 6.097302144859874096e-01 2.832524461131642468e-01
1.455641105393921594e-03 6.104342695035165356e-01 2.876682829831735400e-01
5.859130089864413374e-04 6.132353077495569238e-01 2.952257582853831108e-01
2.131160986371360890e-03 6.142030131754233624e-01 3.043209281124317211e-01
-4.830897146893795013e-01 -1.628204129011342205e-01 -2.798407494897601766e-01
-5.073814089828612151e-01 -1.750058921459886618e-01 -2.780889901491143124e-01
-5.227618752214703290e-01 -1.894397032538861769e-01 -2.665175385828289500e-01
3.529440907112662007e-01 3.922459870194235365e-01 -7.651783082637389488e-02
3.527575852163625791e-01 3.843435006426568767e-01 -8.717070200519168310e-02
3.498338751714706873e-01 3.799639030257394579e-01 -9.815224619577193887e-02
3.442137105096078065e-01 3.759937439010970772e-01 -1.084988979066259379e-01
3.337465845230936368e-01 3.697996952665493775e-01 -1.204308097955163054e-01
3.213430795240909132e-01 3.606047040856712460e-01 -1.285540357684448187e-01
3.044598323678063267e-01 3.538544846145409428e-01 -1.355670395603380818e-01
3.520098997345223468e-01 4.165267082040148838e-01 -9.133922206272235278e-02
3.471605512536881100e-01 4.127678424494263254e-01 -9.868508729087555054e-02
3.436937802988628277e-01 4.078819400451210164e-01 -1.035911169377649460e-01
3.388315482099091835e-01 3.990800690109633786e-01 -1.102311384836697772e-01
3.343762710043963193e-01 3.928747646051630737e-01 -1.189095964268066380e-01
3.266124450063765949e-01 3.857319501921852023e-01 -1.287942450010435280e-01
3.188374090663950722e-01 3.767582335418793726e-01 -1.410414756340928888e-01
3.044908104860807319e-01 3.679725123550461885e-01 -1.500996367201397896e-01
-7.141476960187032041e-01 -3.888875272917327042e-01 -9.513127567815385377e-02
-7.143068557172358446e-01 -3.920076340280320704e-01 -9.540713564364519672e-02
-7.121730291717152106e-01 -3.955463888916737614e-01 -9.494118263524137236e-02
-7.118233235427328109e-01 -3.968380598425018668e-01 -9.733094090937571830e-02
-7.113259828169735677e-01 -3.983537004796510739e-01 -9.645359998371548504e-02
-7.110449635928469680e-01 -4.004309520911147335e-01 -9.722180255076265376e-02
-7.115053549823745493e-01 -4.008954611886637043e-01 -9.889679239737134142e-02
-7.119613502332726718e-01 -4.022649739974889505e-01 -1.019475602243311019e-01
-7.107949802232129688e-01 -4.039802942649856621e-01 -1.026752549600928460e-01
-7.110818317051941229e-01 -4.062517114571687626e-01 -1.040049863864110496e-01
-7.099655830767038767e-01 -4.090936733385591162e-01 -1.045112350622632302e-01
-7.087477316791236381e-01 -4.104966250652911652e-01 -1.068771923577376826e-01
-7.074640444662515515e-01 -4.128610822598096086e-01 -1.072214046964811568e-01
-7.061040240043965355e-01 -4.150425001499569722e-01 -1.067492507065653379e-01
-7.046856281201745453e-01 -4.178107087709719281e-01 -1.067237240076540222e-01
-7.048244204243013789e-01 -4.192381970142080583e-01 -1.093207233865099298e-01
-7.034663241728604799e-01 -4.209229308857871388e-01 -1.089773430163152729e-01
-7.037853651456800197e-01 -4.225713514886139111e-01 -1.103339763711271848e-01
3.353032818421121108e-01 4.027240126874157000e-01 6.355234143184631534e-01
3.371432583036463870e-01 4.015197674349042511e-01 6.379804939286876087e-01
3.393226925314785092e-01 3.997295334937046030e-01 6.378565272715744916e-01
3.410140976451064287e-01 3.988628008168907391e-01 6.376191058886272467e-01
3.412313698846581311e-01 3.981315394890210801e-01 6.387126483721140557e-01
3.430998246652802730e-01 3.968708925789977693e-01 6.401565089642937689e-01
3.453400988431494234e-01 3.952654570428212888e-01 6.405867670814116011e-01
3.469115499848806072e-01 3.941054657188369226e-01 6.416124466052806063e-01
3.480537219622581446e-01 3.928956706654559428e-01 6.416377386568343777e-01
3.495710492016787518e-01 3.919925314889399215e-01 6.427993424345812556e-01
3.512492736279357874e-01 3.911636464938122448e-01 6.429209664893776877e-01
3.527517534783719544e-01 3.904796177942403412e-01 6.439673202050636425e-01
3.541425298802281518e-01 3.915823876788126490e-01 6.453376987124129771e-01
3.559122019088955535e-01 3.908596807082063140e-01 6.457915910602066711e-01
3.559680847231327938e-01 3.926053157561473772e-01 6.461674083290844806e-01
3.564961673766058881e-01 3.916317370224257077e-01 6.472424049710959748e-01
3.567615894649041608e-01 3.909067607978902181e-01 6.475846183752755891e-01
3.577884678550925512e-01 3.912937773784965212e-01 6.483633355909381724e-01
3.582129238872132082e-01 3.918550796963947147e-01 6.478133403227596121e-01
3.582366803977974357e-01 3.901429848680287304e-01 6.484680607636400529e-01
3.579123927085331447e-01 3.900421782723089148e-01 6.492900378268546824e-01
3.567104913239175223e-01 3.894354573243988260e-01 6.499674587296724315e-01
3.551209609088615826e-01 3.894445074900961257e-01 6.498833384185367379e-01
3.536704957283049455e-01 3.888021440531779782e-01 6.509107063184512709e-01
3.535802196920891927e-01 3.895184919112299471e-01 6.521580787224766640e-01
3.529187768998086061e-01 3.885605770248798385e-01 6.520231351678436038e-01
3.530708381959763997e-01 3.883813525377918796e-01 6.528358357202392881e-01
3.520030512706605608e-01 3.878042492814252062e-01 6.521159975695254296e-01
3.503454556818255128e-01 3.881522046034626694e-01 6.519006149372755798e-01
3.502466829992370578e-01 3.889156445387935146e-01 6.514920700007467147e-01
3.492550248659327394e-01 3.888320071669308375e-01 6.504919822324616296e-01
3.497500446771865668e-01 3.896290524517057041e-01 6.503616157765192973e-01
3.509561288090938258e-01 3.895301788518793495e-01 6.512211698502960999e-01
3.519645122325994469e-01 3.895737954400202985e-01 6.519017266964298729e-01
3.527121005067793136e-01 3.894298858177144829e-01 6.533061906355325243e-01
3.539532357424876041e-01 3.901791456317814100e-01 6.535329004305446832e-01
3.545092073403006139e-01 3.911372148930967740e-01 6.532470955314025884e-01
3.527699039501789313e-01 3.912816566702556065e-01 6.530899611806220140e-01
3.491673774066236802e-01 3.903238519294525144e-01 6.531170813251833129e-01
3.478499018064118986e-01 3.914575198356929353e-01 6.511203776379804742e-01
3.483317658186488863e-01 3.917602549105723142e-01 6.518477331617636983e-01
3.470681099868498376e-01 3.917539644845989266e-01 6.535063281140366387e-01
3.458413752987570811e-01 3.926652975139559576e-01 6.524775189282073784e-01
3.449741072380387852e-01 3.919864382298088867e-01 6.520987790855050648e-01
3.465727113561212214e-01 3.913982290964821975e-01 6.521550741593089562e-01
3.473930887670387269e-01 3.910454317516114386e-01 6.531633394906548595e-01
3.494954813342259214e-01 3.914386168858038362e-01 6.542420281399766724e-01
3.502927613664115758e-01 3.926924791019146266e-01 6.548503840761462635e-01
3.509661011825055965e-01 3.936682065433743660e-01 6.554678935174952370e-01
3.494887345427358238e-01 3.941997663179049871e-01 6.547364921814521344e-01
3.457979895932454806e-01 3.940513000506560837e-01 6.533199915621444864e-01
3.455969028054693970e-01 3.937068469682758476e-01 6.535569470195349284e-01
3.465589402599341673e-01 3.946347813094877588e-01 6.523936561116986388e-01
3.467469590647824229e-01 3.942583558704581548e-01 6.522343748844963152e-01
3.484795765656481525e-01 3.937673953785182368e-01 6.518624284607715813e-01
3.478228259006186374e-01 3.943096615243847913e-01 6.517151065760655726e-01
3.481683296029044472e-01 3.949011292098149051e-01 6.528547337932543160e-01
3.488498012337591936e-01 3.938679985770190961e-01 6.527111191253431866e-01
3.484571898915569954e-01 3.941738966133495614e-01 6.528828558137244054e-01
3.508545617116531901e-01 3.953026462533621443e-01 6.531909060697983493e-01
3.520872190191546847e-01 3.943260295619493982e-01 6.528435620088282043e-01
3.525872816997465131e-01 3.954823330566686890e-01 6.524533716762975777e-01
3.546505780135620900e-01 3.953066747886005428e-01 6.523498722746835510e-01
3.559059726457339257e-01 3.952363787828518937e-01 6.517566309999647256e-01
3.549291567112232704e-01 3.951933924274526611e-01 6.502606953736304041e-01
3.561652204273972888e-01 3.940741679803123620e-01 6.508690756557865553e-01
3.535391776119070073e-01 3.937483935170748017e-01 6.500090811902577981e-01
3.534083441861632924e-01 3.930212425097717732e-01 6.502444900333969047e-01
3.531136350735418761e-01 3.930380472972519468e-01 6.510141425594735409e-01
3.525283533326996621e-01 3.927130798339175111e-01 6.497052210317418863e-01
3.516770617332408699e-01 3.935054196310127650e-01 6.488091153230352015e-01
3.491333298766303161e-01 3.941464153397127301e-01 6.484058019387741734e-01
3.472296175611170321e-01 3.940313632355307849e-01 6.476742473398947597e-01
3.461147650203137971e-01 3.938730870759081237e-01 6.474262771053064247e-01
3.451625414312197160e-01 3.932227988239275218e-01 6.475574538342212527e-01
3.443445537204751217e-01 3.928883499835439941e-01 6.480975221972260503e-01
3.451171998423034903e-01 3.919623001678832486e-01 6.488393242702343855e-01
3.466241412287796031e-01 3.909156580768045619e-01 6.489246425961061604e-01
8.577862989028047294e-03 1.721206612403964331e-01 6.475314861386668452e-01
7.406642265845592675e-03 1.726053440413999052e-01 6.469766718813821926e-01
7.132731608335775644e-03 1.702931762013400463e-01 6.467782932798175066e-01
9.387403565780239392e-03 1.704472277973307637e-01 6.449381561139791996e-01
-6.855627218021576041e-01 -3.286658333230763618e-01 -1.620402811408441224e-01
-6.907577291617461590e-01 -3.333108020571673991e-01 -1.506152952936420653e-01
-6.990318101095346348e-01 -3.379746234340358368e-01 -1.424790104553421421e-01
-7.038623992881526403e-01 -3.401816916949298442e-01 -1.373983001364240120e-01
-7.074734544719679663e-01 -3.423306335501190012e-01 -1.315144501680111933e-01
-7.099145072650323574e-01 -3.472593984800820266e-01 -1.257118545706551460e-01
6.446111458239647263e-01 3.428239124938143312e-01 4.000779559354584319e-02
6.536365311630020214e-01 3.411544505147219297e-01 4.980695207462811080e-02
6.628114880168342049e-01 3.410110684495095690e-01 5.810824372627822199e-02
6.723081780939528240e-01 3.378633216507068160e-01 6.629224297134179988e-02
6.800775557317321196e-01 3.320060171677828853e-01 7.482843382366373419e-02
6.882506835156182445e-01 3.279285300178216844e-01 8.229401769331826100e-02
2.054103536227445403e-01 5.054238213857814577e-01 4.444239159385290350e-01
2.144230906601381492e-01 4.961861318172359758e-01 4.647064535576606592e-01
2.186683535060952865e-01 4.896454672963419519e-01 4.830653121253235538e-01
2.236731450556690148e-01 4.827430818225946219e-01 5.022835456576307811e-01
2.385252926880628566e-01 4.722905311926479666e-01 5.153900384988001626e-01
2.498643865182769985e-01 4.632349060581794631e-01 5.268079573345753053e-01
2.595997778658220012e-01 4.553958463001234747e-01 5.383090987338775557e-01
1.626787845154408496e-01 3.103432734201566623e-01 -2.130321377416363737e-01
1.216881555976555424e-01 2.915216605812692152e-01 -2.270062134638506923e-01
7.557485980732289721e-02 2.691974079318070201e-01 -2.410673102859112737e-01
1.723843631126650011e-01 2.784255696495657184e-01 -2.088003894564410268e-01
1.335780335792165208e-01 2.614885002726901608e-01 -2.246782360775353149e-01
9.282051855411121988e-02 2.347718491602126811e-01 -2.341588102958138129e-01
3.270304246600991283e-02 5.186822872694635267e-01 1.784513062551853491e-01
3.959805259674693823e-02 5.228053939473465972e-01 1.702741669792733892e-01
4.553396610070235828e-02 5.268505280492147280e-01 1.659960376827124828e-01
5.425094205436509914e-02 5.324693808177812793e-01 1.608080842216734196e-01
6.242219264992322769e-02 5.366957543202596215e-01 1.571305952286538854e-01
7.225724499222747899e-02 5.382467812381921402e-01 1.509919681866154217e-01
8.279132033435029903e-02 5.346499010217112824e-01 1.446157490897468645e-01
9.143405732442785872e-02 5.328079918366007695e-01 1.351277601347563029e-01
1.035410705609161874e-01 5.248834157155050084e-01 1.252647894741226453e-01
-2.258754344936992897e-01 2.598231189058455848e-02 -3.116804964670786271e-01
-2.649735322261021486e-01 -4.460439261854217199e-03 -3.120580276290833566e-01
-3.055433523003234231e-01 -3.320418023228294269e-02 -3.098109369054083961e-01
-3.405626200482477772e-01 -6.085667825069439318e-02 -3.005772616532392250e-01
-2.935973957997472517e-01 6.189463115793222142e-02 -2.798585574313574575e-01
-3.329507606192869673e-01 3.651599144000399616e-02 -2.774834267179307479e-01
-3.687969049062509996e-01 1.405847897062860972e-02 -2.747389429096085411e-01
-6.095145099624321716e-01 -2.499439860940776414e-01 -2.387625078296523318e-01
-6.193947814443061528e-01 -2.580580463271405223e-01 -2.334223174737696804e-01
-6.283908239437214771e-01 -2.631919282205830712e-01 -2.304009570655991823e-01
-6.358263113873862116e-01 -2.678901575818854464e-01 -2.269332151548783538e-01
-6.407132891528127816e-01 -2.720983773628253277e-01 -2.222597360782019860e-01
-6.453226986217076577e-01 -2.786764991502180822e-01 -2.182635199722236519e-01
-6.509215033655907368e-01 -2.852503912340319525e-01 -2.132012102801471021e-01
-6.560704125398321152e-01 -2.901626038200906810e-01 -2.107941695068852039e-01
2.571792097445323860e-02 4.217534086851835728e-01 3.175095344629269012e-01
2.174434817028473785e-02 4.386201760241785763e-01 2.986871623498478789e-01
2.035079175053419731e-02 4.537271919984511293e-01 2.827855375427057449e-01
1.954512743980039297e-02 4.632506702386113839e-01 2.677954726774661176e-01
1.681866469558246369e-02 4.731010444603507836e-01 2.526790721162744946e-01
-1.433461986211698180e-02 4.259001912994310191e-01 3.177880039729304440e-01
-1.900769856616786602e-02 4.454850550185483482e-01 3.014308465464771714e-01
-2.079474328144014991e-02 4.617290224540801513e-01 2.865684137704549994e-01
-2.234920654902161977e-02 4.715812384854862760e-01 2.705379139575137537e-01
-2.458083798495585767e-02 4.805879867446926634e-01 2.589945140509025689e-01
-2.930955109520280710e-02 4.908378860990555981e-01 2.481435173993605525e-01
-6.200699718385874748e-01 -1.275569657226515163e-01 -2.426253154178676097e-01
-6.345400762258613936e-01 -1.332917166461383696e-01 -2.374014336705086159e-01
-6.468723797561503064e-01 -1.382131743839363769e-01 -2.347219590962106028e-01
-6.594671173209034620e-01 -1.437374241833018762e-01 -2.299303771214221692e-01
-6.717921584501373999e-01 -1.485041990861132866e-01 -2.274039561661212738e-01
-6.807669164226122227e-01 -1.500238664536518995e-01 -2.231858138906331335e-01
-6.891666121902907394e-01 -1.530350838012952686e-01 -2.198012088290229316e-01
-6.972386263236718396e-01 -1.551933829968935030e-01 -2.149038749729361986e-01
2.737842917085946959e-01 4.600221536139145750e-01 4.430538609343311757e-02
2.905563460040065937e-01 4.523947188172640077e-01 3.052878044712446781e-02
3.078577338324239299e-01 4.476923349442502587e-01 1.929956224201604190e-02
3.248123412237821084e-01 4.405478582034166313e-01 6.950749479507012211e-03
2.761136876324171707e-01 4.731811217817163406e-01 3.274725441662331565e-02
2.885332497178068056e-01 4.685581198885404586e-01 2.061285738942647550e-02
3.024859630870307958e-01 4.600928876049564242e-01 5.323707519725775876e-03
3.123546576272417941e-01 4.546866864034200817e-01 -5.433248506446866112e-03
3.243507141167675245e-01 4.433077293633709282e-01 -1.669944959394636594e-02
2.351120213314548957e-01 4.683017408363101541e-01 4.347557604698563949e-03
2.511970500467652356e-01 4.604417943635491506e-01 -9.522856661920944821e-03
2.685204092433454703e-01 4.560202719253439452e-01 -2.152106019663451580e-02
2.824802078368913727e-01 4.503888502053622900e-01 -3.219156912451439506e-02
2.942908662718433099e-01 4.434682993427158104e-01 -4.094425346186423426e-02
3.863463165278538392e-02 2.772240654721642716e-01 5.483960632718060113e-01
3.990294494645011542e-02 3.097416524297149643e-01 5.049052418044635004e-01
4.382953931953626620e-02 2.741997376211416371e-01 5.472255420880979271e-01
4.622719481164493799e-02 3.041950916085523482e-01 5.040595556097462460e-01
4.125987489865232116e-02 2.832276467470085657e-01 5.483432650925587071e-01
3.895628789682598764e-02 3.190323385367999087e-01 5.102678430105156426e-01
3.565543826574824049e-02 2.871986578645606691e-01 5.500689932168615348e-01
4.571885514480523299e-02 3.275570123397865685e-01 5.120756850144465577e-01
2.690445906110128793e-01 4.420568603683665554e-01 5.525870822700946761e-01
2.748236087875160494e-01 4.361268976285254673e-01 5.626075411310224039e-01
2.788207871762732326e-01 4.311154631615854993e-01 5.715971571779769889e-01
2.821889836382240335e-01 4.268419922775325559e-01 5.814784508604051716e-01
2.874102277562896601e-01 4.227931433619338542e-01 5.888785538304583955e-01
2.934364344851159156e-01 4.198891816730991877e-01 5.926773523628826590e-01
2.970329979946283450e-01 4.167944114280875412e-01 5.955057632576382654e-01
3.007271696693376573e-01 4.126775611574055591e-01 5.988968215987089394e-01
3.024459429515621856e-01 4.095265012558615969e-01 6.005987050638261771e-01
4.197995359921570246e-01 4.074491184909635466e-01 -5.058658937086964874e-02
4.279766538518604002e-01 4.029089894140474581e-01 -5.824227666563126793e-02
4.342654677162854360e-01 4.016781844330760687e-01 -6.019403246494105936e-02
4.423693735135593719e-01 3.998044247469718648e-01 -6.405041831700936106e-02
4.499225417751153699e-01 3.990531052537431567e-01 -6.603231972177003861e-02
4.560897781679446594e-01 3.978977989424959394e-01 -6.899960013747007126e-02
4.630215114898228457e-01 3.975407040897995237e-01 -7.163332679874512277e-02
4.677990852827676460e-01 3.942361568310814302e-01 -7.526008135911041452e-02
4.714194221986127697e-01 3.906437686504918849e-01 -7.654055190901308536e-02
4.782880505828875917e-01 3.869517288083320627e-01 -7.592980202452245808e-02
4.818978821539083301e-01 3.848352805558734047e-01 -7.743928240605464641e-02
4.880333579626106033e-01 3.817281561719161331e-01 -7.790488806771857233e-02
4.940247166972768778e-01 3.814469300929301254e-01 -7.604147725844002947e-02
4.994112507931589007e-01 3.794262474367867677e-01 -7.584679371844728346e-02
5.011683877130079789e-01 3.776713237019360681e-01 -7.647980883555730025e-02
-3.738321738196705990e-01 -8.707380520359185583e-02 -3.031371055080014920e-01
-4.020644753586546938e-01 -1.091822693648466791e-01 -3.003499853589726709e-01
-4.304757237401239944e-01 -1.269968346876854115e-01 -2.910258464290022551e-01
-4.564527075486730645e-01 -1.466921375786706394e-01 -2.836272601553527228e-01
-8.028847180775068315e-01 -1.433616778852157825e-01 -1.313559755464477341e-01
-8.045493271099544152e-01 -1.411664661970880585e-01 -1.290462878623955256e-01
-8.078746438391783968e-01 -1.406559280737610940e-01 -1.263082743221797255e-01
-8.110359575997054815e-01 -1.395127630295496524e-01 -1.243247569943015524e-01
-8.138981956437606469e-01 -1.384135893142032503e-01 -1.217630049562503786e-01
-8.154422581226963285e-01 -1.380270543629518454e-01 -1.182279827200497235e-01
-8.175843675289072854e-01 -1.386151470982877609e-01 -1.174622410251512789e-01
-8.205188744805295142e-01 -1.374058289292086066e-01 -1.161519466027114977e-01
-8.230797261155790023e-01 -1.355583559354052725e-01 -1.152997196376935041e-01
-8.249198278386858929e-01 -1.354652575319602037e-01 -1.134686735033664517e-01
-8.266813114847271216e-01 -1.335978831902784603e-01 -1.126930714350075774e-01
-8.284963890288307153e-01 -1.313670442497933688e-01 -1.102394066062307720e-01
-8.298630240146680492e-01 -1.296399402990398297e-01 -1.087923401203582385e-01
-8.310592402543174328e-01 -1.293839640261344459e-01 -1.068690918352289965e-01
8.280119579723300982e-02 4.126278854235567728e-01 3.340779749030771684e-01
9.072188537277607601e-02 4.374974922650552989e-01 3.164664741205518994e-01
9.136145540352183514e-02 4.445186158921432540e-01 2.897141513230477861e-01
9.988905617283545813e-02 4.595792766362493675e-01 2.704692632713345812e-01
8.541464815615783246e-02 4.200632356696696879e-01 3.379313901073621174e-01
8.383669619269072670e-02 4.362910317867452759e-01 3.120475100495804788e-01
9.306720732450528277e-02 4.530342564719896936e-01 2.943414673954556915e-01
9.384491780073160594e-02 4.552995548130140402e-01 2.650445156036959626e-01
1.693838610259106731e-02 6.213396525767634904e-01 3.350257149123347378e-01
1.593710249442553337e-02 6.203424351315294238e-01 3.443743899571842237e-01
1.621346848304973387e-02 6.196053251293383024e-01 3.549681095701859301e-01
1.762171250247483723e-02 6.187304189308471258e-01 3.670935995470639979e-01
2.309684402028941083e-02 6.193806281413478665e-01 3.806069963880340801e-01
3.375597995811636248e-02 6.215899818666852372e-01 3.945270987214798963e-01
4.413283296299741476e-02 6.232007161048441768e-01 4.071927187455219310e-01
5.575034061403248697e-02 6.248459571001562241e-01 4.222274110696555560e-01
2.837198078852371519e-01 3.636449473168077429e-01 -1.594156422538349493e-01
2.615555748721160589e-01 3.542402448751575395e-01 -1.715027167258561247e-01
2.321181641681773211e-01 3.422344643223639848e-01 -1.851882266584866932e-01
1.983330092742350281e-01 3.264957406301616794e-01 -1.981138239150763980e-01
2.918287615801311019e-01 3.414060550267434824e-01 -1.517065644624138454e-01
2.700581254864639624e-01 3.303048503775374289e-01 -1.653271553572180919e-01
2.431243799637230751e-01 3.175526518417330357e-01 -1.782982438404900893e-01
2.105995765645863604e-01 2.986085056092998014e-01 -1.929577380728944580e-01
-7.634184510159749415e-01 -1.604499883267122284e-01 -1.644596756652282055e-01
-7.671762702184351523e-01 -1.594309513209272444e-01 -1.623675679952121254e-01
-7.713268136796498364e-01 -1.573373825113979219e-01 -1.593714954207203216e-01
-7.765214105025067814e-01 -1.574921248124590556e-01 -1.551695545757137695e-01
-7.808801884616137778e-01 -1.556413527369746308e-01 -1.514108745949163948e-01
-7.844672335044586831e-01 -1.534563305093918639e-01 -1.476316212670894523e-01
-7.881085797298305051e-01 -1.517695812331536775e-01 -1.443943638898643189e-01
-7.913581097824585742e-01 -1.510802525205875158e-01 -1.425209640427296809e-01
-7.944080437124850791e-01 -1.491443346132622916e-01 -1.400173674395102374e-01
-7.960717775201155977e-01 -1.471581572519710668e-01 -1.369108612486727439e-01
-7.998327538716635265e-01 -1.465782640051749575e-01 -1.336083110520537576e-01
5.776398516563666652e-01 3.682806855471228991e-01 -2.591570666737110992e-02
5.863280555647277792e-01 3.657753114546203332e-01 -1.779946923813247733e-02
5.965781574363566708e-01 3.646345962181250511e-01 -8.852133551995664332e-03
6.071032292778562045e-01 3.638961676390770061e-01 -1.119879733560937311e-03
6.148297174363216433e-01 3.580285811007067887e-01 8.932632026593310265e-03
6.233872515799725456e-01 3.517258811875197955e-01 1.924623165126142232e-02
6.340542047264092762e-01 3.468551582667794286e-01 2.893924611691885140e-02
2.498054678026102524e-02 2.354236565233203959e-01 5.930887115877875315e-01
2.965110889903997335e-02 2.362036242000089270e-01 5.957757957297106222e-01
2.774837032040625498e-02 2.316433144607939754e-01 5.939611684430262661e-01
2.486785732331202661e-02 2.381677687740527960e-01 5.923257460639698158e-01
1.039276133170701499e-01 4.718698928870833087e-01 2.566974879753902705e-01
1.104492663746975967e-01 4.828680229219010633e-01 2.432484916559703725e-01
1.150384038713028467e-01 4.954509625574309850e-01 2.274457803972502468e-01
1.215458545288111147e-01 4.997874008234596821e-01 2.139903169695196450e-01
1.317275703424450883e-01 5.028416885144914028e-01 1.974982712220870740e-01
9.750818568892889726e-02 4.663522970004195245e-01 2.506270300771326620e-01
1.053749874570574369e-01 4.809244568466788383e-01 2.334893282665052305e-01
1.125277849136299135e-01 4.924474779089086374e-01 2.199673254526761657e-01
1.209140922366425674e-01 4.938361982203245959e-01 2.033018122359195323e-01
1.289382331933050518e-01 4.955220692856875386e-01 1.892380424732646726e-01
-5.230964282727152970e-01 -7.284798105462218787e-02 -2.708322114551545146e-01
-5.473757066920511560e-01 -8.736910401587560937e-02 -2.623518878888516093e-01
-5.684235479682600012e-01 -9.835111115073445764e-02 -2.591584256995712598e-01
-5.858992870003227882e-01 -1.082724710950767333e-01 -2.516172304336679044e-01
-6.038751947340411652e-01 -1.184245090665065198e-01 -2.468330962382450366e-01
3.412461504699600412e-01 4.462745250833791699e-01 -5.494896880909856327e-03
3.547256568584000180e-01 4.399369731522997928e-01 -1.462227820590577231e-02
3.679351118041015445e-01 4.335638019168791546e-01 -2.344469510796577671e-02
3.805549658677392366e-01 4.297843122673219995e-01 -3.081570959790014275e-02
3.910760015563790049e-01 4.245147533188830535e-01 -3.650710413589495357e-02
4.023119472484704695e-01 4.196292789893067421e-01 -4.439930188236604347e-02
4.118713468488304219e-01 4.151651901787399290e-01 -5.008641109652824108e-02
3.297169796394738839e-01 4.507389459453421399e-01 -3.556849443614949757e-02
3.393178060815642549e-01 4.436182734850643294e-01 -4.905859497943509950e-02
3.458297913816117952e-01 4.364960967071150333e-01 -5.960620681438727475e-02
3.489300586280368321e-01 4.308170349373838803e-01 -6.995932477335402300e-02
3.537813729937496210e-01 4.241539786126168887e-01 -7.822335462822509189e-02
3.541167833444499036e-01 4.187063179303236460e-01 -8.739835159937313358e-02
3.074972103063374762e-01 4.162432059651108851e-01 -3.396301565115736332e-02
3.163339867539937122e-01 4.089559805143129778e-01 -4.260803201535740686e-02
3.296379570525846958e-01 4.039494207863668640e-01 -5.422458925940081692e-02
3.407484607851833935e-01 3.976682759470280826e-01 -6.352927618510743890e-02
3.475026846351768617e-01 3.927142597654962874e-01 -7.192928913799262469e-02
7.665734894352520534e-01 3.064881495527330690e-01 1.574131875162187999e-01
7.653488679505046077e-01 3.057549608915775541e-01 1.592916826404720820e-01
7.665309808183793372e-01 3.058589519694890901e-01 1.599968286603365430e-01
7.673250685789803072e-01 3.049727498969808659e-01 1.599764948008168541e-01
7.670825594447014950e-01 3.053289748071273402e-01 1.590153722820171756e-01
7.689993169360194170e-01 3.066410313819656897e-01 1.607720622578403258e-01
7.694731656989109991e-01 3.069025291816840362e-01 1.612670378756956013e-01
7.697972000243187285e-01 3.055888885781161135e-01 1.613036651601283678e-01
7.703786019067884183e-01 3.063758017956517699e-01 1.616126588015033283e-01
7.701017627050883441e-01 3.044939581661228467e-01 1.612882151266314401e-01
7.710617240023533991e-01 3.049427512289392683e-01 1.626634960256978513e-01
7.700616082571486443e-01 3.046348540753403555e-01 1.623175355434458289e-01
7.700858870545269630e-01 3.058037471753911052e-01 1.633021032479434753e-01
7.688080789123215020e-01 3.066098019295506183e-01 1.636350121408956526e-01
7.684015109051369752e-01 3.055942139516292233e-01 1.645388330837417035e-01
7.680620685559358396e-01 3.058323714038406194e-01 1.646678372281130398e-01
7.670554946380936379e-01 3.060361992711106982e-01 1.645375459462211920e-01
7.668832682338243556e-01 3.059091671692261705e-01 1.656123222162705355e-01
7.671166138132703427e-01 3.042280854949410140e-01 1.663436690778027638e-01
7.658712362485815550e-01 3.045496499837903048e-01 1.664912631224394757e-01
7.654896031440185933e-01 3.047617237127682177e-01 1.658616842322169771e-01
7.652792108918554659e-01 3.042734914035804539e-01 1.653019230873810086e-01
7.654664534935470277e-01 3.043156216341271203e-01 1.650175330774931448e-01
7.645655286247355908e-01 3.032100308312583037e-01 1.650865961542291871e-01
7.649829492187110169e-01 3.021040567436120705e-01 1.640923952286810483e-01
7.665548473515797490e-01 3.014307873272328853e-01 1.636018947515030519e-01
7.659675372587758657e-01 3.022367833552858651e-01 1.637973593865666155e-01
7.673347066493843016e-01 3.018607869207415306e-01 1.632434121397795534e-01
7.672336930629348739e-01 3.021783954312565745e-01 1.624628606403904496e-01
7.663905827204684496e-01 3.030198245683608516e-01 1.628378387096234836e-01
7.661753043050248957e-01 3.049845806134319770e-01 1.634696356283934227e-01
7.672615111449331282e-01 3.048902358917590094e-01 1.645892904976872795e-01
7.688643725960510045e-01 3.040161526513361911e-01 1.654424237239733309e-01
7.686367982671231669e-01 3.045660020445734584e-01 1.661149626158505976e-01
7.686774894712293804e-01 3.039707268130685258e-01 1.672820759104976795e-01
7.685830664449599947e-01 3.026859064271439359e-01 1.658863722675299468e-01
7.674961744182925427e-01 3.013454155996331818e-01 1.652636198195144013e-01
7.690284039559376339e-01 3.011829710670522742e-01 1.630488953752779746e-01
7.688921577773004667e-01 2.996434866870424374e-01 1.620033190420855362e-01
7.689463856363377703e-01 3.005062716648969623e-01 1.620086216621638431e-01
7.694776173722193136e-01 3.013890224906038418e-01 1.619048164419494007e-01
7.703252392206574317e-01 3.018370199578759849e-01 1.627946096822927846e-01
7.704823016751062292e-01 3.003451003359741689e-01 1.619921155547608960e-01
7.709814320462826664e-01 3.004553727351077508e-01 1.627227109530020310e-01
7.704896460703901662e-01 2.998658884323975871e-01 1.638266044098891372e-01
7.687133647718747964e-01 3.001806712461626558e-01 1.643712373465208154e-01
7.689265092316919237e-01 3.009117494324834441e-01 1.646797299979495810e-01
7.694436553863073236e-01 3.012992060082521073e-01 1.652103156507692683e-01
7.685369018956949017e-01 3.009899807892880697e-01 1.662337944670313483e-01
7.705670044638204264e-01 3.025995378682660997e-01 1.644417958464507445e-01
7.716794344723170163e-01 3.024572482670818685e-01 1.625086099241602189e-01
9.926332411682673579e-03 4.794675242232926959e-01 2.476342342980040745e-01
8.221866802311524058e-03 4.908242069138109565e-01 2.371819791222797291e-01
7.980922730145546123e-03 4.998150457393717438e-01 2.288498072058582078e-01
1.089919266027964025e-02 5.086877195647653283e-01 2.240346419485141627e-01
1.728979665588597711e-02 5.175316996787563406e-01 2.168095396056553270e-01
2.018961334311158637e-02 5.195518247706605308e-01 2.093371138650824970e-01
2.604573376173983934e-02 5.177833704240879520e-01 2.026110191124036175e-01
2.863475923970314543e-02 5.180824763877864836e-01 1.913037922304183791e-01
3.255636739625296372e-02 5.189645369044664225e-01 1.839340235609157048e-01
-7.123654221173619794e-01 -3.498965784648688238e-01 -1.176951412082709730e-01
-7.150955488330067444e-01 -3.524686038884527473e-01 -1.138654968169771631e-01
-7.175694212294150276e-01 -3.552609631430014847e-01 -1.113519792862071867e-01
-7.176601329559296749e-01 -3.598033398342678768e-01 -1.076691388449243364e-01
-7.184446501956267550e-01 -3.633892659089014154e-01 -1.052179811975906820e-01
-7.181119744780463110e-01 -3.676312621409014714e-01 -1.027295923654951010e-01
-7.183579603980401185e-01 -3.700821329035888785e-01 -1.002097704395851357e-01
-7.191827176769097774e-01 -3.740312256497251853e-01 -9.731206617422528959e-02
-7.184315495192143963e-01 -3.772129667954155496e-01 -9.547920119878301748e-02
-7.171528486970837335e-01 -3.795796627590454220e-01 -9.524117316276541068e-02
-7.168511949920004511e-01 -3.831618921505575148e-01 -9.451149369700756475e-02
-7.156917776330854464e-01 -3.869309971311591934e-01 -9.475318153228633189e-02
6.966332827114696258e-01 3.244489737944501462e-01 8.997392272673689073e-02
7.039926102316197420e-01 3.221493453671895879e-01 9.831454445875675852e-02
7.104436716331340440e-01 3.215177831273691722e-01 1.042898626085076441e-01
7.168126979392447362e-01 3.209641229958355990e-01 1.093174536626331655e-01
7.212781237386037825e-01 3.170782679809369675e-01 1.140538405294160701e-01
7.261602867032550535e-01 3.145183316012329366e-01 1.180919920391893668e-01
7.299254081734349864e-01 3.130343099171207788e-01 1.214592192753391198e-01
7.334038771001107904e-01 3.111426803899243199e-01 1.257090034787740340e-01
7.369381185376664423e-01 3.097863149474328059e-01 1.280445852218852210e-01
7.399232731969311860e-01 3.091602934621970333e-01 1.307661315789559464e-01
7.432602422458038927e-01 3.077996037800573847e-01 1.349029846278069211e-01
7.461424222378044702e-01 3.080846873753066983e-01 1.386138351320939377e-01
7.482154362197497299e-01 3.069029438430243562e-01 1.410036613534112471e-01
7.505447664569159238e-01 3.050769789354099149e-01 1.421669167631821606e-01
7.529042515814431402e-01 3.058341850555569841e-01 1.444897282284600959e-01
7.545451689351224678e-01 3.044756661391844199e-01 1.441611629822439622e-01
-6.596716607122596887e-01 -2.955218379159627595e-01 -2.061858359968176957e-01
-6.642452506668965473e-01 -3.016945948987975745e-01 -2.009194540567841858e-01
-6.683837330772574026e-01 -3.070461259108756003e-01 -1.947874518068541394e-01
-6.715471809460933361e-01 -3.111792132614398243e-01 -1.898509057617348283e-01
-6.751031597168873910e-01 -3.185430099620090716e-01 -1.824147049990310909e-01
-6.806232302321398864e-01 -3.233494505647359074e-01 -1.704581634323903139e-01
1.906118856144824875e-02 2.494609146806594513e-01 -2.484389914635616869e-01
-3.053863395027980876e-02 2.216456855280813931e-01 -2.628771860853526543e-01
-8.129633974912339744e-02 1.942922180257979081e-01 -2.710745449000540597e-01
4.815658584549962346e-02 2.135685838391742641e-01 -2.456054988539498884e-01
1.716266842967431898e-03 1.876356159241212573e-01 -2.641234298328395402e-01
-4.477531474586773919e-02 1.553520244160044028e-01 -2.743960724509002524e-01
-4.044409342548966335e-01 -8.084166417246053948e-03 -2.826585565195873229e-01
-4.373047661592954771e-01 -2.557007018543011254e-02 -2.823663283520337353e-01
-4.636642994976558074e-01 -4.141566715321724074e-02 -2.762260515725856735e-01
-4.915954037596963477e-01 -5.935274924376758576e-02 -2.665471981939314117e-01
1.333883377794787550e-01 5.031818718942490110e-01 1.865326990967590137e-01
1.455434337986207249e-01 5.007695619822621902e-01 1.687661911286616467e-01
1.586527472362198043e-01 4.982586844505545454e-01 1.497979836448996294e-01
1.697701670080214442e-01 4.911212596999454116e-01 1.349945554232303557e-01
1.861201396995987301e-01 4.851456224397997508e-01 1.211896604619776413e-01
1.375284901768070445e-01 5.111489400124146210e-01 1.819548765193920725e-01
1.521926317528307926e-01 5.098009227917242869e-01 1.669329541759375368e-01
1.678292411481012991e-01 5.102178606922057602e-01 1.475505426949177690e-01
1.844794773879396554e-01 5.062995540658717930e-01 1.348655921150515302e-01
1.978697156354229936e-01 5.001377831022133513e-01 1.194976524954937808e-01
1.101002774832776643e-01 5.229721134981968333e-01 1.167056214046947871e-01
1.232907209707823359e-01 5.160625356694223953e-01 1.061269439779645718e-01
1.368330248670424631e-01 5.085725638938920490e-01 9.367220896671464569e-02
1.506225833911240264e-01 5.033546273357125678e-01 8.096165175449909768e-02
4.775627139125547538e-02 3.425644836278375904e-01 4.696484216310113924e-01
5.022216689252625293e-02 3.624313409773461392e-01 4.308072297905627956e-01
4.986463468131825671e-02 3.361111007139544471e-01 4.658682887023277153e-01
5.685069189878944051e-02 3.663090975620698631e-01 4.340140166270292643e-01
3.349818245024357988e-02 3.519829282685801308e-01 4.748357944327582514e-01
2.754897321087227541e-02 3.769328040948164427e-01 4.396426322394095254e-01
2.087897124852550537e-02 3.591454241588052931e-01 4.758459469726350477e-01
1.431763520592761393e-02 3.889504504551656305e-01 4.431126484939005294e-01
-5.409778160340910080e-01 -2.023944158996177911e-01 -2.600541691774818642e-01
-5.588541437665230927e-01 -2.138606084657989070e-01 -2.568071416805744467e-01
-5.732927740616199364e-01 -2.243779230948952375e-01 -2.543251314374812000e-01
-5.859175502524859303e-01 -2.340473081196381699e-01 -2.459605724410100225e-01
-5.973975029620517407e-01 -2.433632897626083480e-01 -2.414285458930652273e-01
