-7.326951145614826189e-01 -1.600297050042926716e-01 -1.873652187092251231e-01
2.218018295279621244e-01 5.038280588423500461e-01 6.198734746515129068e-02
3.111554222977043205e-01 3.817665106725298685e-01 6.310400153404968071e-01
7.629653104179522360e-01 2.994403337745931148e-01 1.553865938541611202e-01
-7.048605554328036815e-01 -4.329992035532350125e-01 -1.272947400594221790e-01
3.482126104836707342e-02 4.316910036747609314e-01 3.942796228833028160e-01
-1.729317671810229329e-01 1.221880935649021366e-01 -3.122398308133030875e-01
5.410333749460426445e-01 3.847821784249028099e-01 -7.246619770514647896e-02
-8.410984940519422581e-01 -1.279242865153140396e-01 -9.125584704673798953e-02
-3.714275187453399546e-02 5.648134996152097687e-01 2.408238376612865106e-01
-5.105468808711548512e-01 -1.751557119841145316e-01 -2.831077391223595363e-01
3.373319009352383491e-01 4.004818638882561288e-01 -1.285083534634931246e-01
-7.130751306955995794e-01 -4.051930149496615896e-01 -1.053820605865845583e-01
3.366388059218872186e-01 3.486703357212628251e-01 6.754306224394521774e-01
5.213015172636631216e-03 1.719874473178283070e-01 6.532354994968427864e-01
-6.997169987027374027e-01 -3.400875972302491168e-01 -1.442299950893976002e-01
6.752626997824351385e-01 3.489000772835956221e-01 5.777791480287221282e-02
1.808064893502966397e-01 5.011628567564085923e-01 5.034024736056923466e-01
1.283532058712974488e-01 2.841293148258471346e-01 -2.475739993297129682e-01
6.739926738939985840e-02 5.465437452923678219e-01 1.663998341655209545e-01
-3.152314224072245152e-01 1.590709720359774135e-02 -3.141495469116857286e-01
-6.366494797523479798e-01 -2.722812058251302680e-01 -2.256635657984896182e-01
1.384639828227287629e-02 5.046396430130598576e-01 3.165227336763032362e-01
-6.633525388903948050e-01 -1.427833011775485605e-01 -2.302899811904523808e-01
2.926575730147701337e-01 4.769803583920190770e-01 8.104452321435468682e-05
2.949229554656934357e-02 3.034606532189769168e-01 5.327351385158906050e-01
2.736963697377958193e-01 4.238051463314137512e-01 5.988956283590296525e-01
4.699092157258485947e-01 4.061302445360460700e-01 -8.102065333518164436e-02
-4.237645650319319390e-01 -1.143411212825532347e-01 -3.029903223480201468e-01
-8.169236040514122887e-01 -1.409139309450214983e-01 -1.143881253784053559e-01
6.684874883652804078e-02 4.715488239689212269e-01 3.169075041328964781e-01
-2.811639922128552835e-02 5.794924934019951568e-01 3.282260863451447186e-01
2.521074965747819308e-01 3.450941343782176207e-01 -1.952659004083702465e-01
-7.823758534574244417e-01 -1.562492939532377223e-01 -1.474939220182907851e-01
6.160020879492152934e-01 3.716642722594271087e-01 -7.422914877259431839e-03
2.153919675381602700e-02 2.349132749151777722e-01 5.978989086887598337e-01
9.770552753763547815e-02 5.152989011189055280e-01 2.288238516394856814e-01
-5.671078486418157372e-01 -9.730625353102810571e-02 -2.637198042649658847e-01
3.569845351704605818e-01 4.450377879784426227e-01 -5.413614584223189891e-02
7.671155145582814194e-01 2.989548971589263138e-01 1.679004970818132325e-01
3.245180483035681185e-02 5.428674483261191064e-01 2.425285117659328471e-01
-7.156750319238870395e-01 -3.702363409471626787e-01 -1.040717821502816220e-01
7.194865155466374507e-01 3.261190630288160475e-01 1.073556037833030552e-01
7.470271468952917049e-01 3.073971963632246007e-01 1.371362279906372383e-01
-6.729295440662074190e-01 -3.098955255618381921e-01 -1.925351671763732564e-01
-1.459600698750020305e-02 2.148119134926964047e-01 -2.867242263520733969e-01
-4.533650949427031063e-01 -3.355377609512912723e-02 -2.917865456211168329e-01
1.533965291165410305e-01 5.233722311189231702e-01 1.343868397923259350e-01
3.427173974401855755e-02 3.725414517302170214e-01 4.604031675140287660e-01
-5.760108523061806540e-01 -2.247974578293234493e-01 -2.586565876518059359e-01
