-7.445131092480387069e-01 -1.510217369944888977e-01
-7.534946842993917038e-01 -1.559014022287436851e-01
-7.632137972198854703e-01 -1.604629992159203877e-01
-7.719267799559617060e-01 -1.643052692505111989e-01
-7.810297615179313535e-01 -1.677347344986304112e-01
-7.894836800045758052e-01 -1.705152019825469101e-01
-7.959627422658706042e-01 -1.739417696858020501e-01
-8.020156619518153951e-01 -1.773502363860625930e-01
-8.097236259628948218e-01 -1.813453513814324292e-01
-8.155704341654699263e-01 -1.842558475939055918e-01
-8.213116793687884609e-01 -1.869072286382551240e-01
4.766435905629566316e-01 4.906633803829967833e-01
4.598381418066115889e-01 5.099191311137452054e-01
4.412456522242608759e-01 5.284727280433538787e-01
4.243549392179274404e-01 5.491392970125925643e-01
4.635669335549043035e-01 4.918972610973755821e-01
4.430698728084325189e-01 5.123140012488565098e-01
4.263697286862029312e-01 5.298285911350391064e-01
4.134512024632167604e-01 5.520294101888737481e-01
5.073046005284923554e-01 5.132753140866218589e-01
4.908909543005235965e-01 5.275326079049166283e-01
4.743193505974960256e-01 5.412373337729755596e-01
4.575931612210328847e-01 5.543565360871568481e-01
4.400765753168285332e-01 5.671990927481777023e-01
9.205734505776674848e-01 2.554553137244685579e-01
9.209440744310004590e-01 2.569138146322863525e-01
9.207488279551938604e-01 2.584741825771288415e-01
9.202561181510596766e-01 2.604778503789105804e-01
9.199005133755512320e-01 2.623496285410237827e-01
9.202007639041427378e-01 2.637544917593696026e-01
9.210047524689514153e-01 2.637941820237857948e-01
9.217133187487309698e-01 2.637582066495697264e-01
9.224239393567867928e-01 2.634596668236728889e-01
9.231807386423882544e-01 2.630122362482205656e-01
9.248645527232015606e-01 2.616711685728478898e-01
9.263340068910518310e-01 2.602345672336872084e-01
9.280216799307143827e-01 2.588745874325741880e-01
9.294025622712601686e-01 2.577729794411501851e-01
9.310359025612104933e-01 2.568079243429051695e-01
7.438193823344566580e-01 -3.912729295593225798e-01
7.460234772903509004e-01 -3.917371794923154571e-01
7.495115591127244903e-01 -3.920759675835960301e-01
7.532404343617784548e-01 -3.919681447390360729e-01
7.536431898942639318e-01 -3.913391616445440202e-01
7.559260241364782473e-01 -3.918413392688993580e-01
7.575446293394008102e-01 -3.923660941804812397e-01
7.585178959867668880e-01 -3.912384765893039962e-01
7.601454792768870261e-01 -3.913704054726180881e-01
7.612421281200779655e-01 -3.918573368012854830e-01
7.617290082165459886e-01 -3.933072795974449920e-01
7.590643002889604363e-01 -3.936713420199606794e-01
7.599431459855418014e-01 -3.933335520641131344e-01
7.608177444995267713e-01 -3.932179271011229660e-01
7.628130639552889170e-01 -3.916571861750915984e-01
7.637146183993575033e-01 -3.907789436817425410e-01
7.657411488469548777e-01 -3.903749207590142545e-01
-7.494304448905875216e-01 -3.865240170406796794e-01
-7.473438767998579202e-01 -3.900201354389206121e-01
-7.455358802071685442e-01 -3.919031702093454528e-01
-7.429712507430894508e-01 -3.930918082471075437e-01
-7.412244116159654173e-01 -3.957487833427009161e-01
-7.406368787648437424e-01 -3.964590838280198648e-01
-7.384820291712479445e-01 -3.980316416966038773e-01
-7.378284892292593655e-01 -4.007528009467720143e-01
-7.350046893268674664e-01 -4.009294542246557569e-01
-7.346671739253504141e-01 -4.027487861049394713e-01
-7.335234825401069081e-01 -4.026566080442620654e-01
-7.352439102223030654e-01 -4.049611852667384659e-01
-7.359289891217486446e-01 -4.057538943914903440e-01
-7.362175894879762206e-01 -4.059306415248755684e-01
-7.338066138139140993e-01 -4.061077303454382892e-01
-7.316372285932910557e-01 -4.068274894539632980e-01
-7.326628668585110082e-01 -4.084989791775791024e-01
-7.318226038576187698e-01 -4.098970752528127148e-01
-7.300351108222453700e-01 -4.100369178254329450e-01
-7.302688698657852084e-01 -4.110893960416411863e-01
-7.293500987305309158e-01 -4.125612809040277162e-01
-7.257082183224764504e-01 -4.115560538130942914e-01
-7.252733045755646035e-01 -4.131996682073251215e-01
-7.262806287144026873e-01 -4.144744744353554555e-01
-7.243110725463054456e-01 -4.135015526512382800e-01
-7.245570993439247598e-01 -4.117871464263961889e-01
-7.244547780141530335e-01 -4.102107813346935750e-01
-7.255703805435909093e-01 -4.079597222662115774e-01
-7.248224123731619173e-01 -4.081375320159271736e-01
-7.259482122694860262e-01 -4.087050847971455680e-01
-7.268372888668225285e-01 -4.080704208436298774e-01
-7.267519577462869806e-01 -4.098491256127989590e-01
-7.266033218502898627e-01 -4.110316672032403029e-01
-7.272277586234686675e-01 -4.129158765322668567e-01
-7.304397126103355786e-01 -4.140585744253919565e-01
-7.339154074484666168e-01 -4.132427910212975175e-01
-7.365067529984464789e-01 -4.128346167491102059e-01
6.341671804931358070e-01 1.421746905209857192e-01
6.128019478092586736e-01 1.863467213253444943e-01
6.304061365615797330e-01 1.395830162830901389e-01
6.160520379962378668e-01 1.853820899682698253e-01
6.720529408530022675e-01 1.530840036795163006e-01
6.646343478058462928e-01 1.949606226099733775e-01
6.545970630986415184e-01 2.290394202382439459e-01
6.860736367851361095e-01 1.632085875088606641e-01
6.835730774095359896e-01 2.042084526729662231e-01
6.803574194927834995e-01 2.395851026085968616e-01
-1.892925602993862644e-01 4.714406104716089008e-01
-2.555662841553483222e-01 4.282140413230972054e-01
-3.196516245681607638e-01 3.897708436428754530e-01
-1.902337697246894721e-01 4.940727018969277573e-01
-2.522972722066293971e-01 4.597573714671064904e-01
-3.178958789610693558e-01 4.226924084116137070e-01
-3.731642300518706601e-01 3.758694395898094509e-01
2.486583058250425859e-01 4.396172977373141721e-02
2.516818955134142999e-01 3.183057614911272842e-02
2.568887892489855052e-01 1.922408527422055091e-02
2.609828686214344939e-01 8.611916110140333327e-03
2.706950853152513825e-01 -8.928265674051815565e-03
2.776013591495913313e-01 -2.341351473138071973e-02
2.893101592900008678e-01 -4.463502176747125710e-02
3.026528240760433808e-01 -6.592461024859914975e-02
3.168808605776765042e-01 -8.727915388032890520e-02
3.330179613847094600e-01 -1.103518036766884258e-01
3.516234474176197500e-01 -1.345095003073893680e-01
-8.998285411916919774e-01 -2.256551225213226375e-01
-9.016105081516896380e-01 -2.257912405227457675e-01
-9.022502124536810886e-01 -2.264338825770562114e-01
-9.029337298941052525e-01 -2.267979534980987255e-01
-9.041759295876843350e-01 -2.273445927242059572e-01
-9.046584277113737249e-01 -2.281343817292741938e-01
-9.051316821865258433e-01 -2.284444846823441011e-01
-9.057789127760561554e-01 -2.288329093350735255e-01
-9.062689924025314481e-01 -2.297476086383052063e-01
-9.073404689702034842e-01 -2.296718735391864163e-01
-9.074628095221127788e-01 -2.308915810701604454e-01
-9.076619663486165113e-01 -2.322664146171559141e-01
-9.088498298380770501e-01 -2.319105446984961461e-01
-9.100797792890905624e-01 -2.320653034727597486e-01
-9.104457214305772261e-01 -2.330099842666048526e-01
-9.107354520426226285e-01 -2.334730799818887925e-01
-9.111530357694233029e-01 -2.334884413723395391e-01
-9.113339566316654983e-01 -2.343103652339844634e-01
-9.112097766619566830e-01 -2.348858392545422336e-01
-9.104671638495510644e-01 -2.355780704523550428e-01
-9.105440611567902076e-01 -2.362328132220662680e-01
-9.102946702404702828e-01 -2.366290817026202309e-01
-9.106231066014615072e-01 -2.364722501668683197e-01
-9.104705133441592935e-01 -2.371179980182299696e-01
-9.102440748472426790e-01 -2.373832106220911675e-01
-9.106809190701751211e-01 -2.379733168208576499e-01
-9.101718670869634042e-01 -2.382192397655530092e-01
-9.094587996236827010e-01 -2.385233531177686772e-01
-9.097602542601415099e-01 -2.382092511651759115e-01
-9.099151478881745136e-01 -2.385678992872156956e-01
-9.113686176898356806e-01 -2.376403354743641672e-01
7.018839930990043996e-01 3.974433309721274177e-01
7.014730784894334104e-01 4.122917806727707246e-01
7.055952759245929240e-01 4.187786074538951131e-01
7.074189060175551935e-01 4.241886139062928662e-01
7.101676751111790642e-01 4.303265609258428159e-01
7.115658868835950113e-01 4.352026639409558029e-01
7.153683041679455012e-01 4.381682337645635417e-01
7.172592665514124777e-01 4.387970754969746645e-01
7.199897400949145654e-01 4.390402565325509654e-01
7.202467970754161675e-01 4.380711214354489069e-01
7.216625749752380026e-01 4.365245525281843952e-01
7.228286520205501331e-01 4.386753056004234486e-01
7.248379722004234527e-01 4.380528453125886457e-01
7.269968676060974966e-01 4.380934673153193959e-01
7.279425603612336149e-01 4.378429179318228393e-01
7.294412447977262071e-01 4.386957991466187701e-01
7.307995926830809230e-01 4.378454771320078875e-01
7.327767384942410755e-01 4.345591311788454258e-01
7.339063382323750551e-01 4.337111174220282805e-01
7.349285549873902923e-01 4.324502372821366625e-01
7.363698074261063597e-01 4.321767963824037495e-01
7.375051704217759907e-01 4.294830402908847433e-01
7.404078811308540953e-01 4.276865361079428829e-01
7.429566393045823336e-01 4.256918029905956136e-01
7.452027994315423287e-01 4.234387868428733381e-01
7.476462658917532034e-01 4.219343858130877867e-01
7.526587878699790846e-01 4.196129795231610671e-01
7.574937561513417350e-01 4.151353718336510679e-01
-5.642779189585229727e-01 1.493015917807065558e-02
-5.938942926535889510e-01 -6.263396626433015120e-04
-6.111817970416804080e-01 -2.205593996405499566e-02
3.231530630641836765e-01 6.012788990520980814e-01
3.107392492892027680e-01 6.030450887617951894e-01
2.991765557536047448e-01 6.014916820560647359e-01
2.873125386222966093e-01 5.976732751989676240e-01
2.707181678876500741e-01 5.883976180338769124e-01
2.546292134451969003e-01 5.785777630231774271e-01
2.397481507544679258e-01 5.572965065358672643e-01
3.232597127518155866e-01 5.855151391409275652e-01
3.140428227899433322e-01 5.832456349633343695e-01
3.065330615449228802e-01 5.821181690452005286e-01
2.956246838594735471e-01 5.820129793492294645e-01
2.843271239447655585e-01 5.811161439140312135e-01
2.702009416315762080e-01 5.758094231229362592e-01
2.523946113047818018e-01 5.702573529141717890e-01
2.343339461300724402e-01 5.625752148481606429e-01
-6.927173765731206023e-01 -3.833254972433489671e-01
-6.967379446987147507e-01 -3.858693449278842169e-01
-7.017357121989752367e-01 -3.867045284187903276e-01
-7.054091519389623643e-01 -3.851677321899668049e-01
-7.063743748279175394e-01 -3.870164155330017564e-01
-7.094296622582536571e-01 -3.878738806440933384e-01
-7.114148767934337370e-01 -3.869847090136223078e-01
-7.155625677455444977e-01 -3.864963234492184152e-01
-7.183120155367335169e-01 -3.860169731760079714e-01
-7.215784017068760381e-01 -3.872788184433751391e-01
-7.248773612363287322e-01 -3.886497954238931074e-01
-7.285234085175658070e-01 -3.871152457461721208e-01
-7.311249297123700863e-01 -3.886516713099802400e-01
-7.336378018757961916e-01 -3.900238219250129479e-01
-7.362346805694004459e-01 -3.919059966945910856e-01
-7.391261987766067909e-01 -3.917184800820999180e-01
-7.408633873728153185e-01 -3.925497451165722573e-01
-7.428629128404081738e-01 -3.937576170688156241e-01
9.321847295898032515e-01 2.544699514830978671e-01
9.330994452958903951e-01 2.540222482096237133e-01
9.334724745984601668e-01 2.532448720219714899e-01
9.337352789223293259e-01 2.528132220916254336e-01
9.340351550391889912e-01 2.525657187154033423e-01
9.347192470141703069e-01 2.519934764402006477e-01
9.352838565947637628e-01 2.511523867252658526e-01
9.358921985225839846e-01 2.506592039906747615e-01
9.362085546297431726e-01 2.502682636438744446e-01
9.368180217069400628e-01 2.500197746505404273e-01
9.372075542842417395e-01 2.496231877110239583e-01
9.377610331784556053e-01 2.494438510053707259e-01
9.383061554157937634e-01 2.494636011326082092e-01
9.387648008667885957e-01 2.491671728553551124e-01
9.388311500986592506e-01 2.492598228083473255e-01
9.391620030219436366e-01 2.493482148848436830e-01
9.393150247686615772e-01 2.493484961322347537e-01
9.396392295871630607e-01 2.492928532601424441e-01
9.396343194825161893e-01 2.491192840212951287e-01
9.397870556333295378e-01 2.491906696061917947e-01
9.398647421916538347e-01 2.493919525181811370e-01
9.397752498487293993e-01 2.496963786497232163e-01
9.394196178216925874e-01 2.499860277648302265e-01
9.394472372731011989e-01 2.505364844357061416e-01
9.396252240109862486e-01 2.508445868449230010e-01
9.395379822881255727e-01 2.509229706713946850e-01
9.397547378656112560e-01 2.510347858485172390e-01
9.394216206045635786e-01 2.510816548592621489e-01
9.389235110719413857e-01 2.513223338586325073e-01
9.387403705055753500e-01 2.512621686624751383e-01
9.382910168612205171e-01 2.512087070016544299e-01
9.383910199856017043e-01 2.511773210961541491e-01
9.388218998530558634e-01 2.511139833413891242e-01
9.391800423951351950e-01 2.510607993500093005e-01
9.396793776642786700e-01 2.512110282994905464e-01
9.399454351464681112e-01 2.511492508567171322e-01
9.400031622328145486e-01 2.510084863646511733e-01
9.395768912953309515e-01 2.513287950998395193e-01
9.388883561139481637e-01 2.518405552907375111e-01
9.382075628485184726e-01 2.518382498340007714e-01
9.384393322124346959e-01 2.518889026171618473e-01
9.385531687185644234e-01 2.526158377609848960e-01
9.380316784083436721e-01 2.526619740537693337e-01
9.378029998008371448e-01 2.527683518884536462e-01
9.380790407440836587e-01 2.523174424955927919e-01
9.384627747110134699e-01 2.523860723905836378e-01
9.391128516245510482e-01 2.521828749190668795e-01
9.393775713812050343e-01 2.522648978409472997e-01
9.396292546330327067e-01 2.523601044631834101e-01
9.391737604657179883e-01 2.525527275322127507e-01
9.382055030381580840e-01 2.529348004873799294e-01
9.381917855856999333e-01 2.529908956845473011e-01
9.381398432962518852e-01 2.526630185182262012e-01
9.381348785752368080e-01 2.525336707938178882e-01
9.384207502036203685e-01 2.520823233220777504e-01
9.382346595683778157e-01 2.522047795707926254e-01
9.386221864338673004e-01 2.525162152750515809e-01
9.386826721443835009e-01 2.521936547481760660e-01
9.386647425640792797e-01 2.523320887543958335e-01
9.392977856620730037e-01 2.520880261716642035e-01
9.394293183560111782e-01 2.517020283558978333e-01
9.396001139514308376e-01 2.517382491564326696e-01
9.400529874559797605e-01 2.507111708261828276e-01
9.401789224476531093e-01 2.503708918230104774e-01
9.395928260232936369e-01 2.502034237473456102e-01
9.399776799232576474e-01 2.501861266645765691e-01
9.390320005055853292e-01 2.504086259921928792e-01
9.390474406473495739e-01 2.504958134667671366e-01
9.391241683415946229e-01 2.506986043476519543e-01
9.387639237297014105e-01 2.505717913803898744e-01
9.384097226105387879e-01 2.505881857784834632e-01
9.377629686713689905e-01 2.511241123242402007e-01
9.372692588929392166e-01 2.514224400656068781e-01
9.370457208150403394e-01 2.516733694660912568e-01
9.369341346586159691e-01 2.519227923767040633e-01
9.369126958650164649e-01 2.522267561120646873e-01
9.372059421820463365e-01 2.521084391074203124e-01
9.375385811292159532e-01 2.517269642692644971e-01
8.275137112500512426e-01 -1.324075819761559025e-01
8.274133651486401675e-01 -1.317157017243724970e-01
8.270666064326689382e-01 -1.335015052764211285e-01
8.251100610123102141e-01 -1.335706287078985421e-01
-6.968617813754309775e-01 -2.522628695424474210e-01
-6.929561559707608787e-01 -2.705097166775707329e-01
-6.907735954016351876e-01 -2.876444606969302820e-01
-6.895722923974199059e-01 -2.990738017930351655e-01
-6.877585214859679441e-01 -3.096812279429627668e-01
-6.853979669909646688e-01 -3.220526164870067265e-01
5.162047769373547812e-01 -2.945312036087491259e-01
5.374331713596647297e-01 -3.066765678090300207e-01
5.568378031852905252e-01 -3.169357465251333439e-01
5.772973150299348655e-01 -3.278541407320610945e-01
5.958724386728612155e-01 -3.360200125706573338e-01
6.135727894592292175e-01 -3.429370928536018548e-01
8.374468276389332999e-01 3.392194562426564253e-01
8.476353008268562306e-01 3.302313263239833874e-01
8.557933828957925426e-01 3.227109387595382128e-01
8.645291973828932441e-01 3.152394910546020834e-01
8.738189285569639697e-01 3.090577898985346628e-01
8.810435427702384414e-01 3.035869440714523693e-01
8.876188423333952748e-01 2.986748436666376572e-01
1.620793953815468091e-01 6.158920730528499865e-01
1.152850521101083797e-01 5.953811169826166427e-01
5.993521311711592914e-02 5.690626972756636093e-01
1.516005367553513450e-01 6.224554528805378295e-01
1.071997378460208816e-01 6.047427390505496492e-01
5.782869373427311499e-02 5.831945733330546888e-01
6.572787340503581932e-01 4.544039929347096773e-01
6.507965683615046792e-01 4.608324570970144252e-01
6.452473345742291144e-01 4.642701944725250995e-01
6.377237040251485523e-01 4.689198699329069631e-01
6.312175859927070531e-01 4.727761802278457881e-01
6.231923567061180558e-01 4.782981811750498524e-01
6.134436675211017986e-01 4.826164031707684821e-01
6.044436101650495496e-01 4.891842299541662165e-01
5.901748356971080467e-01 4.942287719023431003e-01
-3.739743930754663714e-01 3.651729434731033619e-01
-4.208348299523594904e-01 3.130525599410571846e-01
-4.778411462313626457e-01 2.685489347578410291e-01
-5.351053768326575755e-01 2.369797938668097292e-01
-4.292762169060036492e-01 3.478249287906120535e-01
-4.883921598520042373e-01 3.120399646200061605e-01
-5.312323400405805085e-01 2.731286634902864163e-01
-6.904740152582917734e-01 -8.853059582275139838e-02
-6.968264699910684534e-01 -1.032991987805873396e-01
-7.018966902283300113e-01 -1.145379473718064617e-01
-7.048681836510606313e-01 -1.251049556993107936e-01
-7.045061793246604198e-01 -1.354817149045605684e-01
-7.021113935081609858e-01 -1.483474691878151897e-01
-6.999334373395279529e-01 -1.631571278738521147e-01
-6.987168925991479318e-01 -1.746383129758777852e-01
6.578485869727062063e-01 2.703098101929202746e-01
6.584225776356424920e-01 2.979166953279360208e-01
6.571072496963753506e-01 3.231633942972204632e-01
6.606327420915861781e-01 3.442042241290241278e-01
6.623520716762991700e-01 3.623994666793209363e-01
6.870473520344863028e-01 2.784583898521559298e-01
6.941510505160405353e-01 3.067597689252258286e-01
6.960692444214396923e-01 3.343451231454433459e-01
6.963857674704905243e-01 3.530040193332611431e-01
6.981518157683068715e-01 3.660592171527796146e-01
7.022001064701265394e-01 3.791359424628868435e-01
-6.538008460946678202e-01 -7.848226851776758661e-02
-6.708785272332771221e-01 -9.266888422378330437e-02
-6.861944526723652293e-01 -1.028850909952051113e-01
-7.037485271358118188e-01 -1.123920955981665692e-01
-7.172774627375726464e-01 -1.224893584954717674e-01
-7.265488747153949767e-01 -1.310261131015573732e-01
-7.360247419322667461e-01 -1.382982873187257322e-01
-7.458511970082268849e-01 -1.453979979498535302e-01
3.816581059060873971e-01 5.024747272557811284e-01
3.688190176896958272e-01 5.246307169628600109e-01
3.486286274983015909e-01 5.377917419318948289e-01
3.360287265696184633e-01 5.588321940719677139e-01
3.747324720831102796e-01 5.076293469952936066e-01
3.631033545133869334e-01 5.237056192243496611e-01
3.572979731791541269e-01 5.497299760951542824e-01
3.488371448413529197e-01 5.642848421560560102e-01
3.400897253237237239e-01 5.831656821212679587e-01
4.103881781830179820e-01 5.322600342237944204e-01
3.960301149659666287e-01 5.512577417811205249e-01
3.821053949720221721e-01 5.681542238293976199e-01
3.699800962868646237e-01 5.823076136035485462e-01
3.593209743304126569e-01 5.937076215620213926e-01
7.463465107733270321e-01 -3.985646483051277777e-02
7.075139837636927886e-01 3.248509437130567973e-03
7.421254605285878547e-01 -4.405745087489707640e-02
7.021227120924072862e-01 -2.517115576094858340e-03
7.478122644643753203e-01 -3.475451828658850800e-02
7.162972762544870253e-01 9.739582720632994350e-03
7.512826630579403364e-01 -3.024859841602638849e-02
7.199612507679022944e-01 1.773756674232983624e-02
8.967135250974314076e-01 2.859592587652562967e-01
9.011673628274683434e-01 2.823516748885727123e-01
9.046994362314307869e-01 2.792676449722901744e-01
9.082609098629778055e-01 2.765155030317201224e-01
9.115527924044763974e-01 2.742817852938641554e-01
9.140005022462126538e-01 2.728387025975597124e-01
9.155172364671899654e-01 2.715177046792308091e-01
9.171619870904766936e-01 2.698162139860413311e-01
9.179061354214893553e-01 2.686108088019838469e-01
2.556459530915466960e-01 2.479169798056109764e-01
2.492192375739952226e-01 2.291789606074306207e-01
2.469113698625195197e-01 2.162240089212333349e-01
2.437456389799506074e-01 1.988427316412021417e-01
2.423599080026685448e-01 1.828416250431795231e-01
2.408737389562250197e-01 1.689315046537710474e-01
2.402752190758908057e-01 1.538006488081998246e-01
2.377238293268603420e-01 1.408915794105140284e-01
2.370306482879159515e-01 1.303058475221842427e-01
2.384321974547635725e-01 1.125864688107963280e-01
2.379045696957731992e-01 1.032027909727405435e-01
2.391567640380261595e-01 8.723398666443660243e-02
2.424654262324956733e-01 7.315931349385815241e-02
2.449656019705312993e-01 5.944960593566674112e-02
2.457310628021900922e-01 5.420043638868705244e-02
-4.329840341093652012e-01 1.151977227098747031e-01
-4.749936974128101674e-01 9.231210448711832384e-02
-5.116375486506130610e-01 6.502458861378727917e-02
-5.396675910630985840e-01 3.392989312688301368e-02
-8.709653106569140713e-01 -2.128343814020158542e-01
-8.732271775802525893e-01 -2.143370140557825376e-01
-8.764353846075016996e-01 -2.164439647682094570e-01
-8.795862525106225016e-01 -2.180528844365788033e-01
-8.826219189942674515e-01 -2.196527750948109869e-01
-8.844923395913052433e-01 -2.213689201145912222e-01
-8.860982623610841324e-01 -2.221542070125994139e-01
-8.887552739687467618e-01 -2.231015525772978569e-01
-8.909718253259388820e-01 -2.239264148098920604e-01
-8.926265532809661840e-01 -2.246121280878089210e-01
-8.945316461898785709e-01 -2.248645893361227721e-01
-8.970000566171754119e-01 -2.249085242330687018e-01
-8.987843368650497711e-01 -2.250637162861494345e-01
-9.000837025006164227e-01 -2.255587495059386549e-01
6.428002221135569183e-01 2.395264356539840434e-01
6.327089052384877732e-01 2.729484422287388190e-01
6.220527684580351435e-01 3.025913019633250656e-01
6.146679158491590300e-01 3.324562762452688558e-01
6.400536356559843876e-01 2.422009574151327005e-01
6.341099528541477293e-01 2.779164363771129964e-01
6.244412309984009868e-01 3.060885681164159378e-01
6.107026760233947860e-01 3.340280826752535237e-01
7.652826829223885463e-01 4.086943545501059427e-01
7.705329520001572563e-01 4.034738845438095023e-01
7.764254350612300737e-01 3.974545533653781049e-01
7.832353755883227908e-01 3.902031992931677129e-01
7.914413307008976162e-01 3.823655917912972546e-01
8.010349499093517567e-01 3.743731251523197412e-01
8.098149716061091574e-01 3.667154723781516634e-01
8.205440334076888886e-01 3.581020924543765749e-01
2.680228535799068501e-01 6.264669924487338282e-01
2.444875422131258802e-01 6.165294672821494126e-01
2.137661713889416337e-01 6.010589062363986823e-01
1.771657663488989676e-01 5.799407718407041390e-01
2.649191699943691525e-01 6.355088483060277182e-01
2.406951855225475390e-01 6.261680488547451962e-01
2.127782244338141948e-01 6.122056522074008633e-01
1.741049938400235086e-01 5.938245108477772094e-01
-8.242294922727716466e-01 -1.906741334837654678e-01
-8.290285315306530345e-01 -1.925759025043201900e-01
-8.349308432880498954e-01 -1.945483564161930856e-01
-8.417985283976074928e-01 -1.970901256875599583e-01
-8.479802028473824027e-01 -1.989742171358993839e-01
-8.533791357569087133e-01 -2.005641174293132378e-01
-8.579663538755807339e-01 -2.026921475442337583e-01
-8.611130414422473178e-01 -2.044566287235758950e-01
-8.644571586135075814e-01 -2.064270253299592406e-01
-8.665278214670998347e-01 -2.084150461064955828e-01
-8.701947750727908604e-01 -2.109950564358399894e-01
3.743994688091577538e-01 -1.587975945510589904e-01
3.948266894081873257e-01 -1.798917023748556887e-01
4.180272020577553982e-01 -2.020998208011942909e-01
4.403783393738469054e-01 -2.213297108234017763e-01
4.625959349656814101e-01 -2.389199431126858564e-01
4.848828714871288303e-01 -2.560274853211635393e-01
5.080752072631963268e-01 -2.742008102843189188e-01
7.918246554120985659e-01 -7.307890677608129548e-02
7.904375340347057355e-01 -7.722282099207322670e-02
7.950949380963513446e-01 -7.341152852014534713e-02
7.897704779610682513e-01 -7.282376053935928073e-02
6.119503465386808561e-01 3.638682989392779676e-01
6.073419376420581273e-01 3.846185660926141892e-01
6.053165110780269753e-01 4.088500226952615502e-01
5.995444787589037094e-01 4.246633411438395234e-01
5.900891689413151342e-01 4.434754186412829258e-01
6.084541298206715965e-01 3.624378170825532930e-01
6.057534216744053790e-01 3.915377410871080377e-01
6.018219302448598595e-01 4.125724859081527640e-01
5.926628356624530358e-01 4.298367468708501060e-01
5.847515901713348230e-01 4.454763236285929628e-01
-5.481611424734548210e-01 1.367663221852891825e-02
-5.804767372845824891e-01 -1.121887546267783323e-02
-6.069560225805233911e-01 -2.875862072788780768e-02
-6.253408339013468709e-01 -4.939740738811129739e-02
-6.449176724879845946e-01 -6.853905134575637159e-02
3.641180577124372708e-01 5.258915177433931554e-01
3.607527565332806496e-01 5.486912688471428101e-01
3.557104557551830637e-01 5.681366747327629696e-01
3.516132444852768657e-01 5.846491626133977215e-01
3.474700865139948580e-01 5.975871434766275581e-01
3.423682083590517400e-01 6.114566786817282606e-01
3.390207638614062824e-01 6.227587824915734593e-01
3.443739485049172044e-01 5.308305118148543000e-01
3.341634121143541303e-01 5.495929010022244654e-01
3.253141063127900079e-01 5.621881461910072098e-01
3.157035022298149696e-01 5.705070808881399502e-01
3.074758379993384194e-01 5.790178661150093831e-01
2.982612610781495421e-01 5.841958637990700698e-01
3.192188159218681265e-01 5.064766645095144515e-01
3.107615247846013951e-01 5.187800149989104659e-01
3.032882528639616604e-01 5.376658971650558616e-01
2.956544129297673518e-01 5.524284285845048048e-01
2.888101754283463607e-01 5.629202728430157121e-01
7.684333742704009262e-01 -3.835317878558003324e-01
7.656793536873160999e-01 -3.853909866038559007e-01
7.679824429766822780e-01 -3.861724928620591801e-01
7.689515782982649927e-01 -3.867381431476442089e-01
7.688416501888013510e-01 -3.856558969332394282e-01
7.721062275096115535e-01 -3.879991572847081849e-01
7.725237113560524671e-01 -3.883641842085790996e-01
7.720872114046460899e-01 -3.893567081524142992e-01
7.731527687312296226e-01 -3.897487007502147272e-01
7.722558623925690480e-01 -3.911411474848891512e-01
7.728760259598005389e-01 -3.917293800446881580e-01
7.716721946968589929e-01 -3.912688858294827154e-01
7.721225185408460145e-01 -3.907327375125080327e-01
7.709795315031533480e-01 -3.897435220325519145e-01
7.693178809706359145e-01 -3.903179184724243633e-01
7.691955853615537464e-01 -3.898984357122425859e-01
7.681448790542541039e-01 -3.892655061886111101e-01
7.672529194302273314e-01 -3.891515934476015848e-01
7.663236129277001263e-01 -3.905341561654378513e-01
7.644827292747741199e-01 -3.897336566174317563e-01
7.640199744752617095e-01 -3.900076584500859478e-01
7.639511483884696696e-01 -3.905101286918900017e-01
7.644593705619191493e-01 -3.902345781618733467e-01
7.628604344453910890e-01 -3.910012391977339408e-01
7.632247545719692550e-01 -3.920189863001987129e-01
7.651247952562244548e-01 -3.931748490837324028e-01
7.648038684645905860e-01 -3.924259814941075120e-01
7.669227294149173479e-01 -3.928797998410595849e-01
7.666743781001276181e-01 -3.924394438063349977e-01
7.659521041666399466e-01 -3.915091965316141454e-01
7.664157092698657969e-01 -3.893264419532413978e-01
7.677392136463599970e-01 -3.901541228537583894e-01
7.691891926244910360e-01 -3.919783765134342568e-01
7.689752888972470890e-01 -3.914034963883589735e-01
7.650503933996438688e-01 -3.948251878860514208e-01
7.680746260855209062e-01 -3.934028314312131847e-01
7.659366599815139454e-01 -3.941457535788342459e-01
7.688869781330655018e-01 -3.938751328024036602e-01
7.670068425178006022e-01 -3.965826562252016130e-01
7.685726159604793217e-01 -3.953344816174995113e-01
7.696496307076000631e-01 -3.946589859131550693e-01
7.704104191230135568e-01 -3.944847618640746623e-01
7.697463499813560484e-01 -3.961004567978482771e-01
7.706116655154391371e-01 -3.959500467425203230e-01
7.688889664843951977e-01 -3.966330423875463751e-01
7.668852485711860067e-01 -3.954544493877353850e-01
7.671594937044625695e-01 -3.948005362697822873e-01
7.674916844777125435e-01 -3.949683893470196661e-01
7.653456834976307688e-01 -3.955778056425328093e-01
7.709513009599264777e-01 -3.936788333000686424e-01
7.722318024501616529e-01 -3.940656147094147577e-01
6.746535700379310274e-01 3.866571605606134443e-01
6.783932550368436676e-01 4.033004672515949629e-01
6.806076201720024921e-01 4.155613811136433799e-01
6.801466702316523172e-01 4.223952597021732314e-01
6.762127515963407554e-01 4.302889236205436063e-01
6.732459034737316994e-01 4.359131894477197289e-01
6.678437634319890348e-01 4.402426059729979135e-01
6.635143189575094524e-01 4.479134643581721975e-01
6.592057799899309067e-01 4.531490579332618784e-01
-6.886969581212161184e-01 -3.231882465401716975e-01
-6.868060094354780931e-01 -3.315345433482244641e-01
-6.867227988401299887e-01 -3.387157342889372535e-01
-6.861340882643759409e-01 -3.476235205611925005e-01
-6.871880799696153952e-01 -3.543412205671795379e-01
-6.870417414174281312e-01 -3.615954808611737681e-01
-6.881976853317258724e-01 -3.664146343938641248e-01
-6.922860378153411487e-01 -3.727758658392646418e-01
-6.955323801538729755e-01 -3.764621556151006576e-01
-6.987014017317351167e-01 -3.777028729836686693e-01
-7.032452750943029018e-01 -3.807822209649834311e-01
-7.087398354203919837e-01 -3.824318977957404941e-01
6.229213557484013508e-01 -3.499932708233994272e-01
6.408667059761822271e-01 -3.541749589661766229e-01
6.550131065622516457e-01 -3.578940560240020941e-01
6.682189494618365755e-01 -3.613531646694848609e-01
6.789752862060405292e-01 -3.633551575542822709e-01
6.891408954978709422e-01 -3.657972362871180771e-01
6.968879527128478690e-01 -3.674904239050007515e-01
7.003209335002117397e-01 -3.693766411144925321e-01
7.068936009153530264e-01 -3.709514387015802606e-01
7.129174438155299054e-01 -3.723006254884071442e-01
7.204602399168209548e-01 -3.735538949873056236e-01
7.269177873311227778e-01 -3.754933871328703932e-01
7.311293223131142271e-01 -3.759689925060022975e-01
7.349271431830530776e-01 -3.766456092174989556e-01
7.392408593089009328e-01 -3.778362196733377476e-01
7.411718393966714169e-01 -3.784034744965569796e-01
-7.050108378302072376e-01 -1.725384028406768133e-01
-7.029858136858124773e-01 -1.863239345737393304e-01
-7.018258188820882815e-01 -1.994168842840456368e-01
-7.000135161557062835e-01 -2.101340199577806378e-01
-6.960806433789331615e-01 -2.283806771320541495e-01
-6.926937755683488795e-01 -2.478418472805096751e-01
1.091331191528300670e-03 5.761297397044584656e-01
-6.621797989398509054e-02 5.434387017209576509e-01
-1.326813643614542515e-01 5.059873921230201299e-01
7.301572706747454060e-03 5.906245388734800983e-01
-5.494162952010323703e-02 5.580036029908782558e-01
-1.227420106079231688e-01 5.270726269851461199e-01
-4.204163534056736817e-01 1.256262944551750083e-01
-4.650710521168009981e-01 9.975480233344415082e-02
-4.968760818295198112e-01 7.188368026323381510e-02
-5.260914556957921873e-01 3.630987574220413683e-02
5.814074448675032869e-01 4.564851290686586238e-01
5.697007709026258304e-01 4.744552988945429650e-01
5.550608211565287720e-01 4.915110450108754470e-01
5.415365889159665658e-01 5.045738716105417909e-01
5.246949731418715235e-01 5.192246598702089377e-01
5.791876991685750431e-01 4.624794951776616814e-01
5.657318303965720441e-01 4.779598688410305329e-01
5.526097802202690756e-01 4.983729387069880667e-01
5.358371251163028814e-01 5.121929453460930537e-01
5.234392049471485731e-01 5.291877800590965020e-01
5.967484240712097598e-01 5.154839951430334466e-01
5.830084466104311636e-01 5.256369903711397562e-01
5.676900983002814982e-01 5.356990269948798122e-01
5.529699885095221701e-01 5.461538791351906452e-01
6.648792872027743384e-01 4.072172162712774102e-02
6.338875993339841974e-01 8.832573992703574017e-02
6.569983441596644047e-01 3.700279129044849874e-02
6.280887616582379041e-01 8.599963878946924323e-02
6.818064807723677179e-01 5.042919610138774794e-02
6.618225759064980673e-01 9.817807248081560079e-02
6.910324116279575879e-01 5.916021302280691924e-02
6.732725869661546625e-01 1.092046825852118763e-01
-6.239802468608361963e-01 -3.507780682510052567e-02
-6.436036537478262431e-01 -5.043602775236473434e-02
-6.598834943448661505e-01 -6.233812216258931976e-02
-6.704853179323455592e-01 -7.952179778412268862e-02
-6.789000705446847084e-01 -9.425604926513189707e-02
