-9.744938640731966029e-01 2.127815054556781715e-01
9.225294932259832104e-01 -3.667760872551688589e-01
-9.700750949387501043e-01 2.325232734938907919e-01
-8.711997583429869074e-01 4.858576410628097086e-01
8.565222009921160673e-01 5.110271907629357901e-01
-9.874162376401732777e-01 1.291283102402732696e-01
-9.316028716506662422e-01 3.574576300883561819e-01
6.584445707362477362e-01 7.492640758298731996e-01
6.706225222429121890e-01 7.383544206875718441e-01
7.734491911628146310e-01 6.303936357777613075e-01
7.824418107303545700e-01 6.189803963676956400e-01
-9.251913732165454318e-01 3.737174520306114633e-01
2.907878657979365844e-01 -9.539123132673917871e-01
-8.609086149067569638e-01 5.036391342500265988e-01
-9.479275659263669551e-01 3.103086688176251440e-01
-7.763688599425333514e-01 -6.183970806123191277e-01
8.433569023251626939e-01 4.921995470708865339e-01
1.264220243457916393e-01 -9.896636586143662262e-01
8.672488218754875744e-01 4.923133199016505035e-01
-3.376502050261121629e-02 -9.967938566293672586e-01
7.596941562964493189e-01 6.191464788401369601e-01
-8.494586020957612948e-01 4.842320471468373744e-01
-1.966044507580554934e-01 9.730054625820023784e-01
-5.537059755865113980e-02 -9.956863603154664233e-01
2.587545701629625494e-01 -9.632982084584854610e-01
2.745056024286915419e-01 -9.589580400658552772e-01
1.121728282358525342e-01 -9.914816340641725567e-01
9.769130567644783436e-02 -9.928711088597114154e-01
6.453896047917850876e-01 7.602442331122992725e-01
7.642304860217571383e-01 6.413823322801007754e-01
-9.533422374771303165e-01 2.190880052473710704e-01
-9.126571842728307127e-01 3.592421121386379923e-01
6.455400716309936948e-01 7.335549159985216283e-01
1.122233640533886884e-01 -8.169382540470833121e-01
-4.248427848186291100e-02 -9.753809871746130788e-01
2.683203557822739782e-01 -9.395976871724037727e-01
1.101650405853241560e-01 -9.737655090009192937e-01
-7.750278963046914882e-01 2.978326989771311606e-01
6.273747926164096045e-01 5.358582255145899476e-01
-6.136759978670924993e-03 3.098003589333527940e-03
