8.524456024169921875e+00 1.284015941619873047e+01 -6.650187492370605469e+00
8.781729698181152344e+00 1.706037330627441406e+01 -1.918016552925109863e+00
8.059029579162597656e+00 1.630529022216796875e+01 -2.496146917343139648e+00
2.804149150848388672e+00 1.690555000305175781e+01 -9.548092842102050781e+00
-3.580839037895202637e-01 1.665841484069824219e+01 -8.399158477783203125e+00
3.515317440032958984e+00 1.848318099975585938e+01 -1.401490116119384766e+01
3.519146680831909180e+00 1.820464134216308594e+01 -1.363685989379882812e+01
9.022052764892578125e+00 9.606522560119628906e+00 -1.296182727813720703e+01
1.051897621154785156e+01 8.760872840881347656e+00 -1.277454185485839844e+01
-6.046983242034912109e+00 1.904418945312500000e+01 -1.158885765075683594e+01
-4.998678684234619141e+00 1.510521316528320312e+01 -9.290678977966308594e+00
-5.704142570495605469e+00 1.564041233062744141e+01 -9.055580139160156250e+00
9.195888519287109375e+00 1.419548606872558594e+01 -2.333678007125854492e+00
5.667027950286865234e+00 1.437497138977050781e+01 -1.016785049438476562e+01
1.635745644569396973e+00 1.029261684417724609e+01 -7.911499023437500000e+00
2.741875886917114258e+00 6.890942096710205078e+00 -5.766235351562500000e+00
-2.338560819625854492e+00 1.349251365661621094e+01 -1.156175518035888672e+01
-6.100969791412353516e+00 1.864449310302734375e+01 -1.144321060180664062e+01
1.723227500915527344e+00 1.777619272470474243e-01 -1.496327781677246094e+01
1.188176631927490234e+00 1.869502830505371094e+01 -7.644456863403320312e+00
2.031217515468597412e-01 1.790407371520996094e+01 -9.350500106811523438e+00
5.263998508453369141e-01 1.803711891174316406e+01 -9.511442184448242188e+00
-7.752101421356201172e-01 1.897152137756347656e+01 -9.087852478027343750e+00
-5.771427154541015625e-01 1.730142211914062500e+01 -1.102494430541992188e+01
1.073073387145996094e+01 8.562626838684082031e+00 -3.257620334625244141e+00
-4.740113258361816406e+00 1.325572109222412109e+01 -1.578779983520507812e+01
6.604097843170166016e+00 6.357291698455810547e+00 -1.028491973876953125e+01
8.716295242309570312e+00 6.186614990234375000e+00 -1.147282695770263672e+01
1.897596120834350586e+00 1.092160606384277344e+01 -6.931826591491699219e+00
3.508907079696655273e+00 1.751528358459472656e+01 -1.270657444000244141e+01
5.091264247894287109e+00 4.881699085235595703e+00 -1.120168972015380859e+01
-8.261132836341857910e-01 1.743003082275390625e+01 -1.197375392913818359e+01
1.046989631652832031e+01 9.112305641174316406e+00 -2.531522750854492188e+00
4.069026947021484375e+00 1.594156742095947266e+01 -9.958789825439453125e+00
1.227367210388183594e+01 1.150524425506591797e+01 -1.199915504455566406e+01
1.110160064697265625e+01 7.578220844268798828e+00 -5.449926853179931641e+00
1.091892719268798828e+01 8.024979591369628906e+00 -4.089362621307373047e+00
5.617467403411865234e+00 4.096060752868652344e+00 -9.014385223388671875e+00
6.228924274444580078e+00 5.453006625175476074e-01 -1.399418830871582031e+01
6.496898651123046875e+00 1.074465274810791016e+00 -1.339461517333984375e+01
6.223264217376708984e+00 -2.062202453613281250e+00 -1.010413742065429688e+01
4.826817512512207031e+00 7.614152908325195312e+00 -9.319213867187500000e+00
-5.915706634521484375e+00 2.021227073669433594e+01 -1.207670497894287109e+01
-3.304230451583862305e+00 1.391261196136474609e+01 -1.046824455261230469e+01
4.322445392608642578e+00 4.886177062988281250e+00 -1.189998340606689453e+01
-2.637851953506469727e+00 1.319502639770507812e+01 -1.441200065612792969e+01
-2.298909664154052734e+00 1.366074180603027344e+01 -1.470856571197509766e+01
-2.336658000946044922e+00 1.320668601989746094e+01 -1.250895309448242188e+01
-1.220897674560546875e+00 1.004800701141357422e+01 -1.423841381072998047e+01
6.892982959747314453e+00 -2.665721178054809570e-01 -1.112468433380126953e+01
-6.056970119476318359e+00 1.588315010070800781e+01 -8.930923461914062500e+00
1.724646568298339844e+00 1.767718940973281860e-01 -1.496881675720214844e+01
-1.246287703514099121e+00 1.007907867431640625e+01 -1.416604614257812500e+01
-2.589864730834960938e+00 1.166689777374267578e+01 -1.750427436828613281e+01
-2.654067039489746094e+00 1.174079418182373047e+01 -1.735078620910644531e+01
-3.793679952621459961e+00 1.264869403839111328e+01 -1.498475074768066406e+01
-4.531090736389160156e+00 1.175365161895751953e+01 -1.439817333221435547e+01
-1.777255415916442871e+00 1.489212989807128906e+01 -1.523638343811035156e+01
-1.942166090011596680e+00 -3.258612871170043945e+00 -2.501314735412597656e+01
-2.556395769119262695e+00 -2.352624654769897461e+00 -2.494673347473144531e+01
-2.196567296981811523e+00 -2.882769107818603516e+00 -2.498596572875976562e+01
5.247592449188232422e+00 3.321632146835327148e+00 -8.283184051513671875e+00
1.893364334106445312e+01 5.662148475646972656e+00 -8.681522607803344727e-01
1.915171623229980469e+01 2.177971124649047852e+00 1.560744404792785645e+00
1.866493034362792969e+01 3.523824214935302734e+00 8.539342880249023438e-01
1.856396484375000000e+01 3.913457393646240234e+00 6.011598110198974609e-01
6.549285411834716797e+00 -2.369168043136596680e+00 -1.161713218688964844e+01
9.390192985534667969e+00 -3.704433143138885498e-01 -1.161066341400146484e+01
3.645406007766723633e+00 8.430211067199707031e+00 -5.699322223663330078e+00
5.790016651153564453e+00 5.291696548461914062e+00 -1.035111045837402344e+01
3.313162088394165039e+00 8.004135131835937500e+00 -6.120127677917480469e+00
6.715585708618164062e+00 -5.732046961784362793e-01 -1.098590946197509766e+01
4.343113899230957031e+00 1.076589584350585938e+01 -5.214989662170410156e+00
1.350278282165527344e+01 4.203897953033447266e+00 1.401687383651733398e+00
5.152935504913330078e+00 1.396675300598144531e+01 -6.245314598083496094e+00
1.137151718139648438e+01 4.999671936035156250e+00 -7.268731594085693359e+00
4.697527408599853516e+00 1.258375644683837891e+01 -6.193003654479980469e+00
8.057090759277343750e+00 3.702533245086669922e+00 -6.078133106231689453e+00
3.864072322845458984e+00 1.297656631469726562e+01 -5.141166687011718750e+00
4.856334209442138672e+00 1.493306732177734375e+01 -9.717154502868652344e+00
4.295887947082519531e+00 1.243648719787597656e+01 -7.380051136016845703e+00
8.803614616394042969e+00 8.901515007019042969e+00 -1.597552418708801270e+00
7.132830619812011719e+00 1.653363227844238281e+01 -2.943322658538818359e+00
-4.763800501823425293e-01 1.274175930023193359e+01 -1.010409069061279297e+01
1.305262660980224609e+01 1.298170471191406250e+01 -1.137438964843750000e+01
7.888853549957275391e+00 6.455010414123535156e+00 -8.509657859802246094e+00
1.068383312225341797e+01 1.045009231567382812e+01 -2.146111965179443359e+00
1.014929485321044922e+01 1.278676795959472656e+01 -1.936018109321594238e+00
6.727937221527099609e+00 1.109922027587890625e+01 -6.832633495330810547e+00
8.849876403808593750e+00 1.467512607574462891e+01 -2.483855724334716797e+00
7.106885910034179688e+00 1.251684856414794922e+01 -5.376763343811035156e+00
7.210858821868896484e+00 1.227033996582031250e+01 -5.693852424621582031e+00
8.172755241394042969e+00 1.092909812927246094e+01 -4.614945888519287109e+00
1.129308032989501953e+01 7.636711120605468750e+00 -1.018951988220214844e+01
1.007112598419189453e+01 8.938678741455078125e+00 -1.263866996765136719e+01
9.690497398376464844e+00 4.267323017120361328e+00 -4.223493576049804688e+00
6.789203166961669922e+00 2.333930492401123047e+00 -1.330486202239990234e+01
1.287683963775634766e+01 1.261506175994873047e+01 -1.152104663848876953e+01
1.058395576477050781e+01 8.856941223144531250e+00 -8.413959503173828125e+00
7.587933063507080078e+00 8.219822883605957031e+00 -1.139009475708007812e+01
7.429373264312744141e+00 6.973497867584228516e+00 -1.083804798126220703e+01
1.067836570739746094e+01 7.516814231872558594e+00 -8.692741394042968750e+00
1.061956787109375000e+01 6.771883010864257812e+00 -7.899917125701904297e+00
1.097157955169677734e+01 5.435656547546386719e+00 -7.316685199737548828e+00
9.305047988891601562e+00 3.313026189804077148e+00 -5.621682643890380859e+00
1.672170829772949219e+01 3.939963877201080322e-01 8.843235969543457031e+00
1.379784011840820312e+01 3.354945659637451172e+00 9.131062507629394531e+00
3.174679517745971680e+00 8.284897804260253906e+00 -7.723692893981933594e+00
8.119390487670898438e+00 -8.573377132415771484e-01 -8.105531692504882812e+00
1.498674774169921875e+01 1.404191255569458008e+00 9.143795013427734375e+00
1.270995044708251953e+01 6.075995445251464844e+00 6.603654623031616211e-01
1.447938632965087891e+01 4.157843589782714844e+00 3.594076871871948242e+00
1.470130729675292969e+01 4.224000453948974609e+00 4.184920310974121094e+00
1.821740913391113281e+01 4.976181507110595703e+00 -1.350148618221282959e-01
1.499623584747314453e+01 4.386893749237060547e+00 4.840465545654296875e+00
3.917965888977050781e-01 1.113956737518310547e+01 -5.526906967163085938e+00
9.293968200683593750e+00 5.821992754936218262e-01 -6.463830471038818359e+00
1.174663543701171875e+01 6.684322357177734375e+00 -8.780036568641662598e-01
1.267989540100097656e+01 4.350858688354492188e+00 -2.755847275257110596e-01
1.283099555969238281e+01 4.669838428497314453e+00 1.418629586696624756e-01
1.610855865478515625e+01 2.161412537097930908e-01 -2.463245630264282227e+00
9.560934066772460938e+00 2.600852489471435547e+00 -5.659620285034179688e+00
1.430171489715576172e+01 -4.440749168395996094e+00 -1.161043524742126465e+00
1.541355705261230469e+01 6.311482787132263184e-01 -2.411268949508666992e+00
1.722200965881347656e+01 -8.025494217872619629e-01 -2.711274385452270508e+00
1.959448623657226562e+01 -8.514112472534179688e+00 -1.664731264114379883e+00
1.880002403259277344e+01 -7.884887218475341797e+00 -1.343346118927001953e+00
1.840661048889160156e+01 -7.729318141937255859e+00 -6.304188251495361328e+00
1.840769767761230469e+01 -7.738423824310302734e+00 -6.306299686431884766e+00
2.135048866271972656e+01 -4.390786647796630859e+00 -3.185521841049194336e+00
2.045576286315917969e+01 -3.615301847457885742e+00 -3.648114919662475586e+00
1.961688613891601562e+01 -4.107213973999023438e+00 -3.044296264648437500e+00
1.943382263183593750e+01 -3.878902196884155273e+00 -3.129629850387573242e+00
2.026060485839843750e+01 -8.978442192077636719e+00 -1.902175426483154297e+00
1.552770519256591797e+01 -5.087866783142089844e+00 -1.111143946647644043e+00
1.707079696655273438e+01 -5.612246036529541016e+00 -1.460107207298278809e+00
1.735857963562011719e+01 -6.363223075866699219e+00 -6.665872335433959961e-01
1.768026351928710938e+01 -6.681461811065673828e+00 -7.338936328887939453e-01
1.705129051208496094e+01 5.396052837371826172e+00 -1.649026721715927124e-01
1.745796394348144531e+01 -6.988202095031738281e+00 1.795304894447326660e+00
1.533178806304931641e+01 1.140505909919738770e+00 9.089261054992675781e+00
2.002740097045898438e+01 -3.364181280136108398e+00 1.413686084747314453e+01
1.793813896179199219e+01 -4.851331233978271484e+00 1.284810733795166016e+01
1.799892044067382812e+01 -3.609878063201904297e+00 1.406545066833496094e+01
1.847861671447753906e+01 -3.965627431869506836e+00 1.329373073577880859e+01
1.856733703613281250e+01 -3.821512222290039062e+00 1.427510929107666016e+01
1.829999160766601562e+01 -4.591956615447998047e+00 1.542417812347412109e+01
1.691091156005859375e+01 -5.000745773315429688e+00 1.485453701019287109e+01
1.602940750122070312e+01 -5.565783023834228516e+00 1.520606613159179688e+01
1.650157546997070312e+01 -6.138512492179870605e-01 1.104409027099609375e+01
1.657201004028320312e+01 -1.476016283035278320e+00 1.191059780120849609e+01
1.647115135192871094e+01 -2.671958506107330322e-01 1.063388442993164062e+01
1.721710014343261719e+01 -6.595407485961914062e+00 9.455109238624572754e-01
7.413778305053710938e+00 -6.002597808837890625e+00 -9.591810226440429688e+00
-1.454263091087341309e+00 -1.508723616600036621e+00 -5.964469909667968750e+00
6.242997646331787109e+00 -8.055073738098144531e+00 -5.477840423583984375e+00
6.325184822082519531e+00 -5.186970710754394531e+00 -1.914158582687377930e+00
1.307879447937011719e+01 -3.178949117660522461e+00 -1.127545237541198730e+00
8.467290878295898438e+00 -6.025590419769287109e+00 -2.458895444869995117e+00
5.404919147491455078e+00 -7.730854749679565430e-01 -1.031897830963134766e+01
7.618266582489013672e+00 -5.500256538391113281e+00 -2.021393775939941406e+00
-1.113601922988891602e+00 -6.387016922235488892e-02 -4.688637256622314453e+00
5.558426380157470703e-01 3.723438501358032227e+00 -9.682600021362304688e+00
8.920658111572265625e+00 -6.396080017089843750e+00 -1.570736050605773926e+00
5.608993053436279297e+00 -7.005590438842773438e+00 -5.317828178405761719e+00
5.299176692962646484e+00 -6.308627605438232422e+00 -5.666992187500000000e+00
-2.257933855056762695e+00 -5.666249275207519531e+00 4.599259793758392334e-01
4.379252433776855469e+00 -6.579801559448242188e+00 -3.893279075622558594e+00
4.620275020599365234e+00 -6.625976085662841797e+00 -3.867108345031738281e+00
2.273405313491821289e+00 -7.136862754821777344e+00 -3.455826282501220703e+00
5.572842955589294434e-01 -8.570586204528808594e+00 -4.905291080474853516e+00
6.493825435638427734e+00 -3.856084585189819336e+00 -7.901888847351074219e+00
7.945360660552978516e+00 -2.016813278198242188e+00 -7.804483890533447266e+00
6.753073692321777344e+00 -3.762801885604858398e+00 -8.774810791015625000e+00
7.099263668060302734e+00 -5.052822589874267578e+00 -9.233352661132812500e+00
-7.331900000572204590e-01 -1.265440654754638672e+01 -6.915787220001220703e+00
-2.231171369552612305e+00 -4.059495449066162109e+00 -1.181679844856262207e+00
-2.813683271408081055e+00 -2.005395174026489258e+00 -3.296106338500976562e+00
-1.519443839788436890e-01 -7.065086364746093750e+00 -2.072525024414062500e+00
2.806118965148925781e+00 -6.615549921989440918e-01 -7.568443775177001953e+00
2.815335035324096680e+00 -6.850423216819763184e-01 -7.592085361480712891e+00
4.360221385955810547e+00 -2.629131126403808594e+01 8.085555434226989746e-01
4.052567958831787109e+00 -2.650722312927246094e+01 9.610769152641296387e-01
3.340591669082641602e+00 -2.657741737365722656e+01 8.944715857505798340e-01
2.311555624008178711e+00 -2.518592071533203125e+01 -6.480998396873474121e-01
2.369083881378173828e+00 -2.522505187988281250e+01 -6.015291810035705566e-01
-4.111451625823974609e+00 -1.451648998260498047e+01 -6.069256782531738281e+00
-5.032328367233276367e-01 -2.031431007385253906e+01 -3.985340356826782227e+00
-1.192115116119384766e+01 -8.546710968017578125e+00 -8.264171600341796875e+00
-9.901908874511718750e+00 -1.067545318603515625e+01 -5.437408924102783203e+00
-2.274800062179565430e+00 -2.026517486572265625e+01 -6.493800640106201172e+00
-1.479883432388305664e+00 -1.382411766052246094e+01 -7.692815780639648438e+00
-1.152518463134765625e+01 -8.945549964904785156e+00 -7.360781192779541016e+00
-1.551085352897644043e+00 -1.929198074340820312e+01 -4.455808639526367188e+00
3.252253234386444092e-01 -1.754225730895996094e+01 -6.502757549285888672e+00
6.235939860343933105e-01 -2.059158706665039062e+01 -5.851391315460205078e+00
-1.856349349021911621e+00 -1.548366260528564453e+01 -4.004067420959472656e+00
-1.860730171203613281e+00 -1.875931930541992188e+01 -5.774395465850830078e+00
-2.273433446884155273e+00 -1.826354980468750000e+01 -6.081493377685546875e+00
3.122708797454833984e-01 -2.035601806640625000e+01 -5.573364734649658203e+00
-1.218782424926757812e+01 -1.296926021575927734e+01 2.995329141616821289e+00
-9.107380867004394531e+00 -7.300419330596923828e+00 -3.110693931579589844e+00
-2.657630681991577148e+00 -1.450878238677978516e+01 -4.913503646850585938e+00
-4.028647422790527344e+00 -1.390492343902587891e+01 -3.444871902465820312e+00
-4.296007156372070312e+00 -1.370161533355712891e+01 -3.107491016387939453e+00
-1.439659976959228516e+01 -1.506156349182128906e+01 4.037451744079589844e+00
-4.528679847717285156e+00 -1.605273246765136719e+01 -5.195956707000732422e+00
-4.843620777130126953e+00 -1.630365180969238281e+01 -5.087885856628417969e+00
-2.707060337066650391e+00 -1.735178947448730469e+01 -6.937782764434814453e+00
7.924411296844482422e-01 -1.707619667053222656e+01 -6.438107967376708984e+00
-1.009240388870239258e+00 -1.412698936462402344e+01 -6.524949550628662109e+00
-1.615897864103317261e-01 -1.480427265167236328e+01 -6.348970413208007812e+00
-1.334689712524414062e+01 -1.168607711791992188e+01 2.857583045959472656e+00
-6.774966120719909668e-01 -1.008734416961669922e+01 -3.435332298278808594e+00
-7.404118061065673828e+00 -8.834879875183105469e+00 -2.330959558486938477e+00
-1.470346832275390625e+01 -6.038280010223388672e+00 8.695472717285156250e+00
-1.390747833251953125e+01 -4.712007522583007812e+00 7.299748420715332031e+00
-1.239308452606201172e+01 -1.232653141021728516e+01 5.140413284301757812e+00
-1.433236026763916016e+01 -5.963314056396484375e+00 7.821215152740478516e+00
-1.442491531372070312e+01 -1.151407051086425781e+01 4.903563499450683594e+00
-1.434060764312744141e+01 -8.356576919555664062e+00 6.755291938781738281e+00
-9.494274139404296875e+00 -9.272850990295410156e+00 -3.043122291564941406e+00
-1.785859107971191406e+01 -9.001039505004882812e+00 2.904497623443603516e+00
-1.542653560638427734e+01 -1.159975528717041016e+01 5.349888801574707031e+00
-1.432899761199951172e+01 -7.572824478149414062e+00 -4.744388580322265625e+00
-6.812663078308105469e+00 -6.072485446929931641e+00 2.754289150238037109e+00
-1.542895603179931641e+01 -7.308579444885253906e+00 5.209915161132812500e+00
-1.171558475494384766e+01 -9.604988098144531250e+00 -4.675510883331298828e+00
-1.530111694335937500e+01 -8.324933052062988281e+00 -1.759593725204467773e+00
-6.228178977966308594e+00 -4.602481365203857422e+00 1.861793279647827148e+00
-1.405893611907958984e+01 -7.473312377929687500e+00 2.222075462341308594e-01
-1.465519905090332031e+01 -7.420951843261718750e+00 -3.753663778305053711e+00
-1.412391757965087891e+01 -7.905176162719726562e+00 -5.182768106460571289e-01
-9.980982780456542969e+00 -7.937952041625976562e+00 -1.295041322708129883e+00
-1.610818672180175781e+01 -1.128007984161376953e+01 2.264896780252456665e-01
-1.655767631530761719e+01 -7.915236949920654297e+00 -2.003470659255981445e+00
-1.838195228576660156e+01 -6.992076396942138672e+00 3.352255344390869141e+00
-1.643005371093750000e+01 -8.253484725952148438e+00 6.240923404693603516e+00
-1.583841037750244141e+01 -1.023286819458007812e+01 -1.693587779998779297e+00
-1.547481822967529297e+01 -1.206029224395751953e+01 1.103432103991508484e-01
-1.504818916320800781e+01 -1.289734554290771484e+01 -4.672225415706634521e-01
-1.230645370483398438e+01 -4.676863193511962891e+00 -9.044486999511718750e+00
-1.233297443389892578e+01 -4.456448554992675781e+00 -9.151410102844238281e+00
-1.555854797363281250e+00 -9.194626808166503906e-01 -4.974126338958740234e+00
-2.402253389358520508e+00 1.309231376647949219e+01 8.506534576416015625e+00
-1.142417907714843750e+01 -1.776698112487792969e+00 -3.400392532348632812e+00
-4.348773956298828125e+00 -1.104617595672607422e+00 -3.017027616500854492e+00
-2.918252229690551758e+00 -1.692250370979309082e+00 -3.486756801605224609e+00
2.042368948459625244e-01 -8.474105834960937500e+00 -3.637726068496704102e+00
3.915309011936187744e-01 -7.858978271484375000e+00 -3.115898847579956055e+00
-3.164818525314331055e+00 -4.099238395690917969e+00 6.275144815444946289e-01
-2.779470920562744141e+00 -4.581555843353271484e+00 2.251433581113815308e-01
-5.430571079254150391e+00 -3.591470241546630859e+00 3.376750469207763672e+00
-1.297879314422607422e+01 -1.062263679504394531e+01 8.400902748107910156e+00
-1.416097068786621094e+01 -1.416199779510498047e+01 4.030626296997070312e+00
-1.150934219360351562e+01 -8.930952072143554688e+00 7.419771194458007812e+00
-1.146666145324707031e+01 -3.171562194824218750e+00 1.010886549949645996e+00
-1.250124549865722656e+01 -2.497639179229736328e+00 -2.991092920303344727e+00
-1.418558597564697266e+01 9.027946591377258301e-01 5.497166156768798828e+00
-9.565461158752441406e+00 -9.038730859756469727e-01 -2.196284770965576172e+00
-1.042553424835205078e+01 -9.335565567016601562e+00 -4.953452587127685547e+00
-1.452234363555908203e+01 -3.606963396072387695e+00 1.435420751571655273e+00
-7.208743095397949219e+00 -6.853445053100585938e+00 -6.457231640815734863e-01
-8.061561584472656250e+00 3.411349654197692871e-01 -1.068695545196533203e+00
-6.625854969024658203e+00 9.344464302062988281e+00 8.437762260437011719e+00
-8.936876296997070312e+00 -3.446299314498901367e+00 2.233094692230224609e+00
-1.494946765899658203e+01 -8.776144981384277344e+00 8.080191612243652344e+00
-1.269678497314453125e+01 -9.637325286865234375e+00 7.883202552795410156e+00
-9.073185920715332031e+00 -4.182168245315551758e-01 -1.030734658241271973e+00
-1.293444824218750000e+01 -8.384651184082031250e+00 6.519985198974609375e+00
-1.436382007598876953e+01 -4.070585250854492188e+00 -2.560515880584716797e+00
-8.929899215698242188e+00 -1.033251571655273438e+01 -9.470949769020080566e-01
-9.507863998413085938e+00 -7.015168190002441406e+00 -4.506113529205322266e+00
-8.850430488586425781e+00 -1.093549919128417969e+01 -3.409328162670135498e-01
-8.456321716308593750e+00 1.301197052001953125e+01 1.327037334442138672e+01
-6.170533180236816406e+00 -4.493843555450439453e+00 1.528682112693786621e+00
-1.514664936065673828e+01 -8.124255180358886719e+00 6.128488540649414062e+00
-1.780379104614257812e+01 -7.936648845672607422e+00 3.436731100082397461e+00
-1.275843143463134766e+01 2.136154651641845703e+00 5.796886682510375977e-01
-1.378792762756347656e+01 -3.130611181259155273e+00 1.515619277954101562e+00
-1.352743530273437500e+01 -1.234497451782226562e+01 3.987403392791748047e+00
-9.057787895202636719e+00 -8.815628051757812500e+00 -2.376507520675659180e+00
-1.299018859863281250e+01 -7.473868727684020996e-01 5.490814447402954102e-01
-1.203513908386230469e+01 -1.141169190406799316e+00 1.715769886970520020e+00
-1.207612991333007812e+01 -1.902066588401794434e+00 1.518115758895874023e+00
-1.146350479125976562e+01 1.198780760169029236e-01 1.886816620826721191e+00
-1.064175796508789062e+01 8.412813544273376465e-01 3.388068914413452148e+00
-1.238621139526367188e+01 -1.319325923919677734e+00 3.548557043075561523e+00
-1.016703605651855469e+01 1.047038793563842773e+00 3.303525686264038086e+00
-1.002672863006591797e+01 -8.347163200378417969e+00 -5.162328720092773438e+00
-1.537898445129394531e+01 1.696037292480468750e+00 4.342066764831542969e+00
-1.170769596099853516e+01 1.534840106964111328e+00 1.923487901687622070e+00
-1.447779083251953125e+01 -8.186993598937988281e+00 -1.179379701614379883e+00
-9.834019660949707031e+00 -5.580273866653442383e-01 2.138288915157318115e-01
-1.337958812713623047e+01 -3.264313936233520508e+00 -2.330651998519897461e+00
-8.772115707397460938e+00 1.379913568496704102e+00 3.050909996032714844e+00
-1.239724445343017578e+01 -6.677118778228759766e+00 4.530292510986328125e+00
-1.464455986022949219e+01 -8.924581855535507202e-02 2.711939334869384766e+00
-1.573486995697021484e+01 2.069948673248291016e+00 4.232395648956298828e+00
-1.647798538208007812e+01 2.945415019989013672e+00 3.725837230682373047e+00
-1.339535617828369141e+01 -3.187242746353149414e+00 6.565387725830078125e+00
-7.581655502319335938e+00 1.239076232910156250e+01 9.586041450500488281e+00
-5.607128143310546875e+00 7.776438236236572266e+00 1.297742843627929688e+01
-1.185695648193359375e+01 -1.059955954551696777e+00 5.941274642944335938e+00
-1.251282310485839844e+01 -1.364801049232482910e+00 5.071813583374023438e+00
-7.615112304687500000e+00 1.579001545906066895e+00 2.834013462066650391e+00
-2.639650583267211914e+00 7.777463436126708984e+00 4.690588474273681641e+00
-2.694457769393920898e+00 7.478993415832519531e+00 4.596918106079101562e+00
-2.547930955886840820e+00 1.061793136596679688e+01 1.292748928070068359e+01
-4.973112583160400391e+00 -3.050032615661621094e+00 4.220018386840820312e+00
-6.552867889404296875e+00 1.467035293579101562e+01 6.717001914978027344e+00
-4.774483680725097656e+00 8.526000976562500000e+00 1.484347248077392578e+01
-5.192266941070556641e+00 1.232221508026123047e+01 9.048174858093261719e+00
-5.234906196594238281e+00 1.220972347259521484e+01 8.637451171875000000e+00
-8.320384025573730469e+00 1.301048946380615234e+01 1.321232223510742188e+01
-2.756653308868408203e+00 1.182204723358154297e+01 1.294908428192138672e+01
-5.908267021179199219e+00 1.373627185821533203e+01 6.684544563293457031e+00
-3.147859096527099609e+00 1.357814884185791016e+01 9.483047485351562500e+00
-4.900933265686035156e+00 1.195751380920410156e+01 1.030612277984619141e+01
-2.754481315612792969e+00 1.395210933685302734e+01 1.306696796417236328e+01
-6.155007839202880859e+00 1.016127872467041016e+01 8.849000930786132812e+00
-5.670147895812988281e+00 1.397247028350830078e+01 9.690968513488769531e+00
-2.123520612716674805e+00 1.009319496154785156e+01 1.888300323486328125e+01
-5.408604145050048828e+00 1.319093608856201172e+01 5.855836391448974609e+00
-2.904297590255737305e+00 6.357798576354980469e+00 4.248028755187988281e+00
6.290116310119628906e+00 9.828420639038085938e+00 1.499647808074951172e+01
-1.813924217224121094e+01 3.890381574630737305e+00 6.579904079437255859e+00
-1.836434555053710938e+01 4.064273357391357422e+00 6.842119693756103516e+00
-1.176029205322265625e+00 4.657859802246093750e+00 1.316947269439697266e+01
-3.831343412399291992e+00 4.558125019073486328e+00 1.902331542968750000e+01
-1.886944389343261719e+01 4.460126399993896484e+00 7.427236557006835938e+00
-2.637163877487182617e+00 4.000210285186767578e+00 1.836457443237304688e+01
-2.168756961822509766e+00 3.686784744262695312e+00 1.802248191833496094e+01
-3.342334747314453125e+00 1.331066894531250000e+01 1.292475986480712891e+01
-2.948963880538940430e+00 8.051607131958007812e+00 1.299570941925048828e+01
1.077810116112232208e-02 6.433084964752197266e+00 1.878210067749023438e+01
-5.281568527221679688e+00 1.358059883117675781e+01 1.364667701721191406e+01
-2.648482561111450195e+00 3.198566675186157227e+00 1.948971176147460938e+01
-1.565776824951171875e+00 6.369343280792236328e+00 1.230872249603271484e+01
-1.444444894790649414e+00 6.425144672393798828e+00 1.271830844879150391e+01
-4.945287704467773438e+00 1.351251983642578125e+01 1.340831851959228516e+01
4.005029201507568359e+00 9.721942901611328125e+00 1.464111614227294922e+01
-2.487395524978637695e+00 2.924493551254272461e+00 1.678909492492675781e+01
-2.832402706146240234e+00 1.470750522613525391e+01 9.786306381225585938e+00
-2.083197116851806641e+00 9.883723258972167969e+00 1.877640724182128906e+01
-4.445210933685302734e+00 8.135956764221191406e+00 1.442723751068115234e+01
-6.608168482780456543e-01 7.108192443847656250e+00 1.360927200317382812e+01
-1.752592325210571289e+00 7.140929698944091797e+00 1.708733367919921875e+01
-1.983800530433654785e+00 7.380317687988281250e+00 1.683936500549316406e+01
-2.885751247406005859e+00 7.650943756103515625e+00 1.593498611450195312e+01
5.074455738067626953e+00 9.180473327636718750e+00 1.561793518066406250e+01
5.367389678955078125e+00 7.298903942108154297e+00 1.545346832275390625e+01
-3.445574522018432617e+00 1.046313762664794922e+01 8.738590240478515625e+00
4.871712207794189453e+00 8.314651489257812500e+00 1.796246337890625000e+01
2.150387048721313477e+00 5.195617198944091797e+00 1.872051239013671875e+01
3.135124206542968750e+00 4.373471736907958984e+00 1.873786735534667969e+01
1.298567175865173340e+00 5.566876888275146484e+00 1.876546859741210938e+01
2.228017568588256836e+00 4.487584590911865234e+00 2.058037185668945312e+01
-5.956283807754516602e-01 3.614688873291015625e+00 1.779973793029785156e+01
2.744004487991333008e+00 6.461473464965820312e+00 1.955160140991210938e+01
4.634397506713867188e+00 6.443298816680908203e+00 1.805912780761718750e+01
1.754686594009399414e+00 3.396380662918090820e+00 1.822590255737304688e+01
2.026686429977416992e+00 5.581626415252685547e+00 1.699844741821289062e+01
4.977170944213867188e+00 9.126658439636230469e+00 1.619765663146972656e+01
4.562165260314941406e+00 2.440110683441162109e+00 2.022286415100097656e+01
5.133133888244628906e+00 2.530085325241088867e+00 2.019509506225585938e+01
5.686608314514160156e+00 3.363750934600830078e+00 1.933444595336914062e+01
5.804758071899414062e+00 5.605628967285156250e+00 1.836198234558105469e+01
7.119877338409423828e+00 2.063036680221557617e+00 2.160250473022460938e+01
6.338309288024902344e+00 2.116941452026367188e+00 2.101268959045410156e+01
5.553886413574218750e+00 -6.079773306846618652e-01 1.907781028747558594e+01
5.578611850738525391e+00 -6.534572839736938477e-01 1.906580543518066406e+01
3.559196949005126953e+00 -8.130622863769531250e+00 1.551399230957031250e+01
3.052192687988281250e+00 -9.529010772705078125e+00 1.235349655151367188e+01
3.070441961288452148e+00 -9.374273300170898438e+00 1.372996616363525391e+01
2.904034852981567383e+00 -9.404180526733398438e+00 1.310974216461181641e+01
4.082347869873046875e+00 -9.957702636718750000e+00 1.197318553924560547e+01
3.169880151748657227e+00 -9.187043190002441406e+00 1.508986091613769531e+01
2.573176145553588867e+00 -1.102848052978515625e+01 1.601044464111328125e+01
3.097030639648437500e+00 -1.108410453796386719e+01 1.605972671508789062e+01
1.816220879554748535e+00 -1.205624103546142578e+01 1.540132999420166016e+01
1.568643093109130859e+00 -1.035953330993652344e+01 1.663251113891601562e+01
