-1.715280115604400635e-01 -1.076842308044433594e+01 -3.151419067382812500e+01
-1.069821596145629883e+00 -3.065835380554199219e+01 9.135560035705566406e+00
-2.822003746032714844e+01 1.416251945495605469e+01 7.251781940460205078e+00
-1.901491165161132812e+01 -1.027024936676025391e+01 -1.826674270629882812e+01
-1.175999641418457031e+01 -1.141347980499267578e+01 -2.104817962646484375e+01
-8.334662437438964844e+00 -1.123981285095214844e+01 -1.790075111389160156e+01
-8.379994392395019531e+00 -1.351508331298828125e+01 -1.565416812896728516e+01
-9.002910614013671875e+00 -1.545145034790039062e+01 -1.427368164062500000e+01
-9.781664848327636719e+00 -1.731772804260253906e+01 -1.288451385498046875e+01
-1.048506546020507812e+01 -1.876257324218750000e+01 -1.160838031768798828e+01
-1.121587944030761719e+01 -2.011283302307128906e+01 -1.017236518859863281e+01
-1.198373985290527344e+01 -2.129055595397949219e+01 -8.308090209960937500e+00
-1.263091850280761719e+01 -2.209252548217773438e+01 -6.378965377807617188e+00
-1.303748989105224609e+01 -2.239692878723144531e+01 -4.511017322540283203e+00
-1.326067924499511719e+01 -2.216154479980468750e+01 -2.278602600097656250e+00
-1.312218284606933594e+01 -2.146183586120605469e+01 -8.227500319480895996e-01
-1.268645381927490234e+01 -2.015146827697753906e+01 7.759511470794677734e-01
-1.189531993865966797e+01 -1.840746498107910156e+01 1.755533337593078613e+00
-1.101945972442626953e+01 -1.669803619384765625e+01 2.340735435485839844e+00
-9.440931320190429688e+00 -1.423648643493652344e+01 2.911167383193969727e+00
-8.732003211975097656e+00 -1.384896087646484375e+01 3.436290740966796875e+00
-8.195676803588867188e+00 -1.290859508514404297e+01 3.595297336578369141e+00
-6.720170974731445312e+00 -9.626592636108398438e+00 3.889152050018310547e+00
-6.226545810699462891e+00 -8.996201515197753906e+00 4.255446910858154297e+00
-5.141751289367675781e+00 -7.591576099395751953e+00 5.074166774749755859e+00
-3.877091884613037109e+00 -6.032230854034423828e+00 6.058977603912353516e+00
-2.986428499221801758e+00 -4.671116352081298828e+00 7.424062728881835938e+00
-2.616409063339233398e+00 -3.968304634094238281e+00 8.125896453857421875e+00
-2.291290998458862305e+00 -3.377005815505981445e+00 8.656615257263183594e+00
-2.120649099349975586e+00 -2.495459794998168945e+00 9.698647499084472656e+00
-2.161618709564208984e+00 -2.000471353530883789e+00 1.036422348022460938e+01
-2.308043956756591797e+00 -1.452725648880004883e+00 1.111437416076660156e+01
-2.542719602584838867e+00 -8.642109632492065430e-01 1.191103744506835938e+01
-2.784433364868164062e+00 -3.100582361221313477e-01 1.260654926300048828e+01
-3.001907825469970703e+00 1.844776123762130737e-01 1.319890022277832031e+01
-3.287460803985595703e+00 8.765870928764343262e-01 1.398769474029541016e+01
-3.491787672042846680e+00 1.420266032218933105e+00 1.460186290740966797e+01
-3.679739952087402344e+00 2.001592397689819336e+00 1.526795768737792969e+01
-3.871115207672119141e+00 2.759305000305175781e+00 1.618826484680175781e+01
-3.924034833908081055e+00 3.111327886581420898e+00 1.667471122741699219e+01
-3.935672044754028320e+00 3.684959888458251953e+00 1.761311531066894531e+01
-3.874502182006835938e+00 4.079100131988525391e+00 1.841916465759277344e+01
-3.749563694000244141e+00 4.387265205383300781e+00 1.924050331115722656e+01
-3.544299364089965820e+00 4.616081237792968750e+00 2.014381217956542969e+01
-3.240641117095947266e+00 4.744483947753906250e+00 2.115549087524414062e+01
-3.031939744949340820e+00 4.745091915130615234e+00 2.172257995605468750e+01
-2.410168886184692383e+00 4.491036891937255859e+00 2.304608726501464844e+01
-2.165015935897827148e+00 4.304572105407714844e+00 2.346193313598632812e+01
-1.543918848037719727e+00 3.682797193527221680e+00 2.434005928039550781e+01
-1.059691071510314941e+00 3.072335958480834961e+00 2.489083099365234375e+01
-4.658579826354980469e-01 2.194416761398315430e+00 2.543674278259277344e+01
-2.591569721698760986e-01 1.841561794281005859e+00 2.558549308776855469e+01
1.616065949201583862e-01 9.819527268409729004e-01 2.575856590270996094e+01
5.102244019508361816e-01 1.737748533487319946e-01 2.581984138488769531e+01
9.255968928337097168e-01 -9.695992469787597656e-01 2.574793624877929688e+01
1.060148119926452637e+00 -1.447922229766845703e+00 2.564507484436035156e+01
1.327662587165832520e+00 -2.783390760421752930e+00 2.516518402099609375e+01
1.396639227867126465e+00 -3.359512805938720703e+00 2.489626121520996094e+01
1.454091668128967285e+00 -4.331516742706298828e+00 2.436930274963378906e+01
1.453244566917419434e+00 -5.130282402038574219e+00 2.388937759399414062e+01
1.411575078964233398e+00 -5.888027191162109375e+00 2.340532875061035156e+01
1.325496554374694824e+00 -6.656708717346191406e+00 2.290665817260742188e+01
1.191473126411437988e+00 -7.453784942626953125e+00 2.238791656494140625e+01
1.022379994392395020e+00 -8.214108467102050781e+00 2.189182472229003906e+01
8.234632611274719238e-01 -8.928494453430175781e+00 2.141408729553222656e+01
5.593740940093994141e-01 -9.705116271972656250e+00 2.087262535095214844e+01
2.805865705013275146e-01 -1.039272308349609375e+01 2.037317657470703125e+01
-5.034159123897552490e-02 -1.108951473236083984e+01 1.984115791320800781e+01
-4.288810491561889648e-01 -1.176218318939208984e+01 1.930668830871582031e+01
-8.608581423759460449e-01 -1.239129734039306641e+01 1.877466392517089844e+01
-1.424332618713378906e+00 -1.304025840759277344e+01 1.816422653198242188e+01
-1.960427999496459961e+00 -1.352330589294433594e+01 1.764394950866699219e+01
-2.526442289352416992e+00 -1.391050052642822266e+01 1.714488410949707031e+01
-3.270924091339111328e+00 -1.426459884643554688e+01 1.656330680847167969e+01
-4.016583442687988281e+00 -1.450398731231689453e+01 1.604986381530761719e+01
-4.769634246826171875e+00 -1.463941383361816406e+01 1.557443141937255859e+01
-5.592414379119873047e+00 -1.468979740142822266e+01 1.511491584777832031e+01
-6.546585559844970703e+00 -1.463999652862548828e+01 1.462442207336425781e+01
-7.288352966308593750e+00 -1.452907848358154297e+01 1.426220703125000000e+01
-8.144061088562011719e+00 -1.432809829711914062e+01 1.386284828186035156e+01
-8.933593750000000000e+00 -1.407644844055175781e+01 1.351010417938232422e+01
-9.802531242370605469e+00 -1.372283554077148438e+01 1.313774871826171875e+01
-1.044178104400634766e+01 -1.340320491790771484e+01 1.287331581115722656e+01
-1.135737705230712891e+01 -1.285227108001708984e+01 1.250515747070312500e+01
-1.198431968688964844e+01 -1.241248607635498047e+01 1.225708770751953125e+01
-1.255659675598144531e+01 -1.194983005523681641e+01 1.203378963470458984e+01
-1.345672512054443359e+01 -1.111067199707031250e+01 1.169011306762695312e+01
-1.410682678222656250e+01 -1.042325210571289062e+01 1.145471668243408203e+01
-1.463786315917968750e+01 -9.800025939941406250e+00 1.127731227874755859e+01
-1.511886215209960938e+01 -9.183362960815429688e+00 1.113410186767578125e+01
-1.587902069091796875e+01 -8.118409156799316406e+00 1.095027256011962891e+01
-1.618170547485351562e+01 -7.655146598815917969e+00 1.091154575347900391e+01
-1.671691322326660156e+01 -6.784482955932617188e+00 1.089499950408935547e+01
-1.710842704772949219e+01 -6.079671382904052734e+00 1.095810222625732422e+01
-1.745628356933593750e+01 -5.405010223388671875e+00 1.107014560699462891e+01
-1.823963546752929688e+01 -3.551652908325195312e+00 1.171403026580810547e+01
-1.825449371337890625e+01 -3.418187618255615234e+00 1.180009746551513672e+01
-1.842808532714843750e+01 -2.151075601577758789e+00 1.257925128936767578e+01
-1.846279907226562500e+01 -1.557697057723999023e+00 1.296296501159667969e+01
-1.843992424011230469e+01 -8.034482002258300781e-01 1.346979427337646484e+01
-1.834202575683593750e+01 1.526365578174591064e-01 1.411955070495605469e+01
-1.825414657592773438e+01 6.979699730873107910e-01 1.448914051055908203e+01
-1.809621810913085938e+01 1.420843124389648438e+00 1.497226238250732422e+01
-1.771317863464355469e+01 2.424601078033447266e+00 1.560556316375732422e+01
-1.740870666503906250e+01 3.001492738723754883e+00 1.591527938842773438e+01
-1.711472892761230469e+01 3.529591560363769531e+00 1.618597602844238281e+01
-1.651668357849121094e+01 4.545921802520751953e+00 1.666618347167968750e+01
-1.599343585968017578e+01 5.407152652740478516e+00 1.702519226074218750e+01
-1.545550441741943359e+01 6.289925575256347656e+00 1.734856986999511719e+01
-1.517580795288085938e+01 6.753656387329101562e+00 1.750066757202148438e+01
-1.442931270599365234e+01 8.059602737426757812e+00 1.781443214416503906e+01
-1.394029426574707031e+01 8.932249069213867188e+00 1.798305892944335938e+01
-1.359436702728271484e+01 9.550622940063476562e+00 1.809444046020507812e+01
-1.373808097839355469e+01 9.294141769409179688e+00 1.804977798461914062e+01
-1.192067909240722656e+01 1.437992572784423828e+01 8.895415306091308594e+00
-1.172318744659423828e+01 1.449109840393066406e+01 8.617371559143066406e+00
-1.126544857025146484e+01 1.474245071411132812e+01 7.981796264648437500e+00
-1.046512889862060547e+01 1.515557765960693359e+01 6.929212093353271484e+00
-1.021001720428466797e+01 1.528469848632812500e+01 6.608618736267089844e+00
-9.187151908874511719e+00 1.579767513275146484e+01 5.564481258392333984e+00
-8.847074508666992188e+00 1.597669601440429688e+01 5.249139308929443359e+00
-8.321926116943359375e+00 1.626261901855468750e+01 4.799094676971435547e+00
-7.147986412048339844e+00 1.692848014831542969e+01 3.870609283447265625e+00
-6.407383441925048828e+00 1.738038635253906250e+01 3.329733848571777344e+00
-6.135824680328369141e+00 1.758511161804199219e+01 3.165670633316040039e+00
-4.924080848693847656e+00 1.856357574462890625e+01 2.487230062484741211e+00
-4.648054599761962891e+00 1.880333518981933594e+01 2.343656063079833984e+00
-3.225989580154418945e+00 2.019820594787597656e+01 1.701025009155273438e+00
-2.994833469390869141e+00 2.043156051635742188e+01 1.580514192581176758e+00
-1.702745199203491211e+00 2.211458778381347656e+01 1.255213379859924316e+00
-1.514963269233703613e+00 2.202146530151367188e+01 8.636568784713745117e-01
-1.452809333801269531e+00 2.168049430847167969e+01 4.203048348426818848e-01
-9.347644448280334473e-01 2.136863136291503906e+01 -7.079420685768127441e-01
-5.169594883918762207e-01 2.098023414611816406e+01 -1.731171250343322754e+00
-3.145652115345001221e-01 2.067289161682128906e+01 -2.326467275619506836e+00
-1.578211039304733276e-01 1.975742340087890625e+01 -3.350012779235839844e+00
-1.777168810367584229e-01 1.894158744812011719e+01 -3.963391304016113281e+00
-2.100316584110260010e-01 1.853827285766601562e+01 -4.221434593200683594e+00
-4.825106561183929443e-01 1.758585166931152344e+01 -4.432606220245361328e+00
-8.690814971923828125e-01 1.647351264953613281e+01 -4.515344142913818359e+00
-1.092960238456726074e+00 1.589856243133544922e+01 -4.485883712768554688e+00
-2.142758369445800781e+00 1.372851657867431641e+01 -3.605462789535522461e+00
-2.220818758010864258e+00 1.348949718475341797e+01 -3.552355289459228516e+00
-2.470690965652465820e+00 1.245659446716308594e+01 -3.447335720062255859e+00
-2.583508014678955078e+00 1.111594867706298828e+01 -3.682837724685668945e+00
-2.638009548187255859e+00 1.044458580017089844e+01 -3.826255321502685547e+00
-2.722727537155151367e+00 9.127994537353515625e+00 -4.221045017242431641e+00
-2.747110605239868164e+00 8.689698219299316406e+00 -4.378734588623046875e+00
-2.773456811904907227e+00 7.938950061798095703e+00 -5.021402835845947266e+00
-2.810346841812133789e+00 7.007434844970703125e+00 -5.969690799713134766e+00
-2.832429409027099609e+00 6.672079086303710938e+00 -6.413978099822998047e+00
-2.884407997131347656e+00 6.232905387878417969e+00 -7.255582809448242188e+00
-2.981801748275756836e+00 5.839902877807617188e+00 -8.461793899536132812e+00
-3.035900592803955078e+00 5.728435039520263672e+00 -8.946698188781738281e+00
-3.244301795959472656e+00 5.846588134765625000e+00 -1.052982425689697266e+01
-3.387100458145141602e+00 6.120904445648193359e+00 -1.091056823730468750e+01
-3.682041168212890625e+00 6.683450222015380859e+00 -1.169742774963378906e+01
-3.866927385330200195e+00 7.045333862304687500e+00 -1.213208389282226562e+01
-4.601109504699707031e+00 8.609859466552734375e+00 -1.323296642303466797e+01
-4.634484767913818359e+00 8.680766105651855469e+00 -1.328205680847167969e+01
3.521332144737243652e-01 -1.035864257812500000e+01 -3.150315093994140625e+01
-1.293489217758178711e+00 -3.002655029296875000e+01 9.129148483276367188e+00
-2.829210472106933594e+01 1.385225296020507812e+01 7.644011974334716797e+00
-1.921815109252929688e+01 -1.030152702331542969e+01 -1.806428909301757812e+01
-1.182766914367675781e+01 -1.155035495758056641e+01 -2.098282814025878906e+01
-8.345464706420898438e+00 -1.126693534851074219e+01 -1.789085578918457031e+01
-8.376523017883300781e+00 -1.349630451202392578e+01 -1.566995048522949219e+01
-8.984142303466796875e+00 -1.540329742431640625e+01 -1.430861854553222656e+01
-9.788043975830078125e+00 -1.733241081237792969e+01 -1.287213897705078125e+01
-1.050953197479248047e+01 -1.881045341491699219e+01 -1.156155967712402344e+01
-1.120786476135253906e+01 -2.009816169738769531e+01 -1.019040107727050781e+01
-1.200587177276611328e+01 -2.132142448425292969e+01 -8.257707595825195312e+00
-1.261012649536132812e+01 -2.207715988159179688e+01 -6.469099998474121094e+00
-1.309045124053955078e+01 -2.240931701660156250e+01 -4.182314872741699219e+00
-1.326230049133300781e+01 -2.212178230285644531e+01 -2.135047912597656250e+00
-1.304795074462890625e+01 -2.120401954650878906e+01 -4.335797131061553955e-01
-1.264215469360351562e+01 -2.005147743225097656e+01 8.375947475433349609e-01
-1.178931045532226562e+01 -1.818995475769042969e+01 1.848708748817443848e+00
-1.096094417572021484e+01 -1.658045959472656250e+01 2.369568347930908203e+00
-9.706354141235351562e+00 -1.384605026245117188e+01 2.510392904281616211e+00
-9.125979423522949219e+00 -1.233729076385498047e+01 2.489037036895751953e+00
-8.635699272155761719e+00 -1.199393177032470703e+01 2.828663587570190430e+00
-6.945899009704589844e+00 -9.912297248840332031e+00 3.646650552749633789e+00
-4.742793083190917969e+00 -7.834893703460693359e+00 4.309491157531738281e+00
-4.562288284301757812e+00 -7.493235588073730469e+00 4.624724864959716797e+00
-3.373152256011962891e+00 -5.992811679840087891e+00 5.683505535125732422e+00
-2.165014505386352539e+00 -4.940543174743652344e+00 6.200374603271484375e+00
-1.661862969398498535e+00 -4.621328830718994141e+00 6.214244365692138672e+00
-2.542192041873931885e-01 -3.240986585617065430e+00 6.966490268707275391e+00
1.809529364109039307e-01 -2.907012939453125000e+00 7.031240940093994141e+00
1.278442382812500000e+00 -2.032512187957763672e+00 7.181683063507080078e+00
1.793766379356384277e+00 -1.597641468048095703e+00 7.225358963012695312e+00
2.752832889556884766e+00 -6.961326599121093750e-01 7.289136886596679688e+00
3.280085086822509766e+00 -4.747285693883895874e-02 7.339583873748779297e+00
3.745627641677856445e+00 7.483051419258117676e-01 7.406020641326904297e+00
4.083340644836425781e+00 1.633417248725891113e+00 7.480761051177978516e+00
4.261917114257812500e+00 2.537158250808715820e+00 7.550349712371826172e+00
4.284296512603759766e+00 3.222261428833007812e+00 7.596045970916748047e+00
4.134001255035400391e+00 4.360890865325927734e+00 7.647024154663085938e+00
3.919754028320312500e+00 5.221197128295898438e+00 7.654471874237060547e+00
3.715548276901245117e+00 5.924709320068359375e+00 7.630632400512695312e+00
3.328498363494873047e+00 7.340643882751464844e+00 7.484994411468505859e+00
3.265749692916870117e+00 8.157803535461425781e+00 7.324087619781494141e+00
3.321188688278198242e+00 9.026424407958984375e+00 7.090554237365722656e+00
3.801069021224975586e+00 1.033295345306396484e+01 6.611203670501708984e+00
3.920023202896118164e+00 1.109928607940673828e+01 6.268849372863769531e+00
4.296563148498535156e+00 1.261388587951660156e+01 5.386804580688476562e+00
5.214525222778320312e+00 1.391288948059082031e+01 4.110931396484375000e+00
6.313661098480224609e+00 1.444985389709472656e+01 2.835098505020141602e+00
7.437538146972656250e+00 1.462972164154052734e+01 1.129255414009094238e+00
8.332387924194335938e+00 1.423120498657226562e+01 -6.433701515197753906e-01
9.173488616943359375e+00 1.331712245941162109e+01 -2.275983572006225586e+00
9.734638214111328125e+00 1.206442832946777344e+01 -3.590514183044433594e+00
1.045737838745117188e+01 1.067534828186035156e+01 -4.436137676239013672e+00
1.096334838867187500e+01 9.795769691467285156e+00 -4.784613609313964844e+00
1.137459945678710938e+01 8.794054985046386719e+00 -5.114995479583740234e+00
1.166573047637939453e+01 7.934651374816894531e+00 -5.315401554107666016e+00
1.200027942657470703e+01 6.857213497161865234e+00 -5.429804325103759766e+00
1.226138591766357422e+01 6.000222682952880859e+00 -5.383772373199462891e+00
1.255500030517578125e+01 4.954898834228515625e+00 -5.158422470092773438e+00
1.275520896911621094e+01 4.083366870880126953e+00 -4.821556568145751953e+00
1.288516712188720703e+01 3.224530220031738281e+00 -4.355702400207519531e+00
1.290758705139160156e+01 2.500005960464477539e+00 -3.858520269393920898e+00
1.281693935394287109e+01 1.755080342292785645e+00 -3.251471757888793945e+00
1.261840343475341797e+01 1.062876224517822266e+00 -2.616866827011108398e+00
1.232901096343994141e+01 4.178116619586944580e-01 -1.986204504966735840e+00
1.198215484619140625e+01 -1.709759980440139771e-01 -1.398067712783813477e+00
1.159215736389160156e+01 -7.350481748580932617e-01 -8.504157662391662598e-01
1.113992786407470703e+01 -1.358362317085266113e+00 -2.900781929492950439e-01
1.068921947479248047e+01 -2.014780521392822266e+00 2.371136397123336792e-01
1.031167888641357422e+01 -2.633946418762207031e+00 6.859870553016662598e-01
9.928801536560058594e+00 -3.393947601318359375e+00 1.181929826736450195e+00
9.658608436584472656e+00 -4.130400657653808594e+00 1.617693424224853516e+00
9.489049911499023438e+00 -4.888113975524902344e+00 2.044015645980834961e+00
9.435646057128906250e+00 -5.840165138244628906e+00 2.580550193786621094e+00
9.540834426879882812e+00 -6.556852817535400391e+00 3.016913175582885742e+00
9.827832221984863281e+00 -7.298316478729248047e+00 3.515862703323364258e+00
1.021553516387939453e+01 -7.846255779266357422e+00 3.941633462905883789e+00
1.077525901794433594e+01 -8.347794532775878906e+00 4.408582687377929688e+00
1.166165828704833984e+01 -8.833437919616699219e+00 5.006899833679199219e+00
1.228818225860595703e+01 -9.029881477355957031e+00 5.375710010528564453e+00
1.308527374267578125e+01 -9.127299308776855469e+00 5.798723220825195312e+00
1.400581169128417969e+01 -9.097672462463378906e+00 6.253908634185791016e+00
1.487188529968261719e+01 -8.943671226501464844e+00 6.662445545196533203e+00
1.548407745361328125e+01 -8.743604660034179688e+00 6.941690444946289062e+00
1.625412368774414062e+01 -8.368060111999511719e+00 7.285714149475097656e+00
1.715883255004882812e+01 -7.763109207153320312e+00 7.684753417968750000e+00
1.781252098083496094e+01 -7.204702377319335938e+00 7.973466396331787109e+00
1.845584106445312500e+01 -6.533268928527832031e+00 8.260765075683593750e+00
1.915789794921875000e+01 -5.627446651458740234e+00 8.582458496093750000e+00
1.952989006042480469e+01 -5.052805423736572266e+00 8.759384155273437500e+00
1.991607284545898438e+01 -4.349280357360839844e+00 8.953187942504882812e+00
2.034820175170898438e+01 -3.431679964065551758e+00 9.174357414245605469e+00
2.070365333557128906e+01 -2.483602285385131836e+00 9.359576225280761719e+00
2.092716407775878906e+01 -1.677332639694213867e+00 9.473936080932617188e+00
2.105394935607910156e+01 -9.943067431449890137e-01 9.531360626220703125e+00
2.117537498474121094e+01 2.205706685781478882e-01 9.558695793151855469e+00
2.119619178771972656e+01 9.526116847991943359e-01 9.525524139404296875e+00
2.115736579895019531e+01 2.086027622222900391e+00 9.394447326660156250e+00
2.110949897766113281e+01 2.716187238693237305e+00 9.276031494140625000e+00
2.096660804748535156e+01 4.014603614807128906e+00 8.921394348144531250e+00
2.087417411804199219e+01 4.782037258148193359e+00 8.637793540954589844e+00
2.080197334289550781e+01 5.382753849029541016e+00 8.354269027709960938e+00
2.070421981811523438e+01 6.251207351684570312e+00 7.845631599426269531e+00
2.061991310119628906e+01 7.134334564208984375e+00 7.194216728210449219e+00
2.057962036132812500e+01 7.795409202575683594e+00 6.576825141906738281e+00
2.057579421997070312e+01 8.211446762084960938e+00 6.092043399810791016e+00
2.069912147521972656e+01 9.122139930725097656e+00 4.519864082336425781e+00
2.082177352905273438e+01 9.361872673034667969e+00 3.803568840026855469e+00
2.094628906250000000e+01 9.436726570129394531e+00 3.295491218566894531e+00
2.124496841430664062e+01 9.483278274536132812e+00 2.259748697280883789e+00
2.140052986145019531e+01 9.433215141296386719e+00 1.796844363212585449e+00
2.214044380187988281e+01 8.722561836242675781e+00 8.610637485980987549e-02
2.234145927429199219e+01 8.429994583129882812e+00 -2.958572506904602051e-01
2.269993972778320312e+01 7.839376449584960938e+00 -9.325965046882629395e-01
2.311932182312011719e+01 7.029690265655517578e+00 -1.647162556648254395e+00
2.339371299743652344e+01 6.398041725158691406e+00 -2.122101306915283203e+00
2.370965194702148438e+01 5.579004287719726562e+00 -2.641614675521850586e+00
2.391564559936523438e+01 4.922098159790039062e+00 -3.004449367523193359e+00
2.415394783020019531e+01 3.927156686782836914e+00 -3.498988151550292969e+00
2.429672241210937500e+01 2.959648132324218750e+00 -3.936945915222167969e+00
2.434014320373535156e+01 2.344158172607421875e+00 -4.197125911712646484e+00
2.431731414794921875e+01 1.634877920150756836e+00 -4.473712444305419922e+00
2.422119331359863281e+01 7.527678608894348145e-01 -4.801354885101318359e+00
2.390452766418457031e+01 -6.504588723182678223e-01 -5.293030738830566406e+00
2.370924377441406250e+01 -1.224896311759948730e+00 -5.482531070709228516e+00
2.334941291809082031e+01 -2.064916133880615234e+00 -5.745646476745605469e+00
2.272402763366699219e+01 -3.191544771194458008e+00 -6.074526309967041016e+00
2.253687667846679688e+01 -3.479067087173461914e+00 -6.153621673583984375e+00
2.176428413391113281e+01 -4.485556125640869141e+00 -6.411086559295654297e+00
2.125269699096679688e+01 -5.084360122680664062e+00 -6.554201602935791016e+00
2.031597709655761719e+01 -6.083517074584960938e+00 -6.774318695068359375e+00
1.981793403625488281e+01 -6.576209068298339844e+00 -6.875345706939697266e+00
1.925292587280273438e+01 -7.084692955017089844e+00 -6.965259552001953125e+00
1.882490921020507812e+01 -7.451433181762695312e+00 -7.025069713592529297e+00
1.668644714355468750e+01 -8.988904953002929688e+00 -7.201168060302734375e+00
1.675430488586425781e+01 -9.026864051818847656e+00 -7.330013751983642578e+00
1.605598640441894531e+01 -9.346844673156738281e+00 -7.107040882110595703e+00
1.466426181793212891e+01 -1.009694004058837891e+01 -6.834488868713378906e+00
1.416316604614257812e+01 -1.036018276214599609e+01 -6.718543052673339844e+00
1.283380508422851562e+01 -1.104402923583984375e+01 -6.358098506927490234e+00
1.210995674133300781e+01 -1.142400932312011719e+01 -6.114055156707763672e+00
1.170868015289306641e+01 -1.164037704467773438e+01 -5.957115650177001953e+00
1.104820156097412109e+01 -1.201268863677978516e+01 -5.649024963378906250e+00
9.144186973571777344e+00 -1.330486869812011719e+01 -4.232761383056640625e+00
8.715727806091308594e+00 -1.357062339782714844e+01 -3.904335498809814453e+00
8.357229232788085938e+00 -1.388378047943115234e+01 -3.517987012863159180e+00
8.181800842285156250e+00 -1.487767601013183594e+01 -2.344690561294555664e+00
8.456336975097656250e+00 -1.532129859924316406e+01 -1.848832845687866211e+00
8.694270133972167969e+00 -1.559092807769775391e+01 -1.555986166000366211e+00
9.701964378356933594e+00 -1.699529075622558594e+01 2.568109333515167236e-01
9.945507049560546875e+00 -1.747962760925292969e+01 3.514527678489685059e-01
1.034327220916748047e+01 -1.856748199462890625e+01 -1.315165013074874878e-01
1.034137058258056641e+01 -1.820482635498046875e+01 6.245805621147155762e-01
1.097891044616699219e+01 -1.899674987792968750e+01 1.871075630187988281e+00
1.133952999114990234e+01 -1.946085166931152344e+01 2.532220602035522461e+00
1.159209632873535156e+01 -1.978135299682617188e+01 3.008437871932983398e+00
1.201766872406005859e+01 -2.031742095947265625e+01 3.816122770309448242e+00
1.240780925750732422e+01 -2.080749893188476562e+01 4.557906627655029297e+00
1.257729339599609375e+01 -2.102229690551757812e+01 4.880504608154296875e+00
-2.718213200569152832e-01 -1.010505485534667969e+01 -3.143878555297851562e+01
-1.662150621414184570e+00 -3.053325653076171875e+01 9.397242546081542969e+00
-2.775754737854003906e+01 1.436619949340820312e+01 7.505239486694335938e+00
-1.856535530090332031e+01 -1.020225334167480469e+01 -1.871553611755371094e+01
-1.130574893951416016e+01 -1.051027297973632812e+01 -2.147813987731933594e+01
-7.624150753021240234e+00 -9.432427406311035156e+00 -1.854317855834960938e+01
-6.231049537658691406e+00 -6.859418869018554688e+00 -1.849783325195312500e+01
-5.813654899597167969e+00 -4.389403343200683594e+00 -1.873016357421875000e+01
-6.368724822998046875e+00 -3.104547023773193359e+00 -1.866189384460449219e+01
-6.887814998626708984e+00 -2.198907136917114258e+00 -1.857713890075683594e+01
-7.466750621795654297e+00 -1.425458431243896484e+00 -1.845350074768066406e+01
-8.155188560485839844e+00 -6.526850461959838867e-01 -1.827577972412109375e+01
-8.733492851257324219e+00 -7.158917933702468872e-02 -1.809952926635742188e+01
-9.515148162841796875e+00 6.483315229415893555e-01 -1.781786155700683594e+01
-1.008489799499511719e+01 1.138580322265625000e+00 -1.756796073913574219e+01
-1.086775302886962891e+01 1.776436805725097656e+00 -1.715925216674804688e+01
-1.150519847869873047e+01 2.272584676742553711e+00 -1.675326919555664062e+01
-1.200352478027343750e+01 2.644625902175903320e+00 -1.637076568603515625e+01
-1.283449554443359375e+01 3.229273319244384766e+00 -1.560158061981201172e+01
-1.329371643066406250e+01 3.520102500915527344e+00 -1.509868431091308594e+01
-1.374106502532958984e+01 3.781625270843505859e+00 -1.450505638122558594e+01
-1.434222698211669922e+01 4.082235813140869141e+00 -1.347894096374511719e+01
-1.460746574401855469e+01 4.179393768310546875e+00 -1.284922504425048828e+01
-1.490011310577392578e+01 4.224349021911621094e+00 -1.185791492462158203e+01
-1.507934379577636719e+01 4.171233654022216797e+00 -1.082899379730224609e+01
-1.513171958923339844e+01 4.078392028808593750e+00 -1.012664031982421875e+01
-1.508966064453125000e+01 3.852439641952514648e+00 -9.066698074340820312e+00
-1.499783992767333984e+01 3.668458461761474609e+00 -8.376675605773925781e+00
-1.480029201507568359e+01 3.358216762542724609e+00 -7.388262271881103516e+00
-1.457248210906982422e+01 3.075394868850708008e+00 -6.534947872161865234e+00
-1.434388256072998047e+01 2.828727960586547852e+00 -5.782417774200439453e+00
-1.403745269775390625e+01 2.535223007202148438e+00 -4.837997436523437500e+00
-1.374205017089843750e+01 2.288233280181884766e+00 -3.942381143569946289e+00
-1.346444416046142578e+01 2.092367410659790039e+00 -3.096653461456298828e+00
-1.316299247741699219e+01 1.920261383056640625e+00 -2.152485609054565430e+00
-1.287932777404785156e+01 1.806728720664978027e+00 -1.248732566833496094e+00
-1.263384246826171875e+01 1.755225300788879395e+00 -4.754570126533508301e-01
-1.230975914001464844e+01 1.750704646110534668e+00 5.116245150566101074e-01
-1.199309158325195312e+01 1.808650135993957520e+00 1.423643708229064941e+00
-1.165816402435302734e+01 1.932540535926818848e+00 2.325252771377563477e+00
-1.133202171325683594e+01 2.108246088027954102e+00 3.118169069290161133e+00
-1.095488071441650391e+01 2.363823413848876953e+00 3.924254894256591797e+00
-1.049614810943603516e+01 2.724537611007690430e+00 4.761157512664794922e+00
-9.984044075012207031e+00 3.165956258773803711e+00 5.524850845336914062e+00
-9.460404396057128906e+00 3.627684831619262695e+00 6.145761013031005859e+00
-8.957171440124511719e+00 4.068992614746093750e+00 6.614615917205810547e+00
-8.253294944763183594e+00 4.671645164489746094e+00 7.113094806671142578e+00
-7.730175018310546875e+00 5.090725898742675781e+00 7.382196426391601562e+00
-6.821040153503417969e+00 5.761792659759521484e+00 7.706122875213623047e+00
-6.020115375518798828e+00 6.286837100982666016e+00 7.883072853088378906e+00
-5.360783100128173828e+00 6.682913780212402344e+00 7.968243598937988281e+00
-4.379337310791015625e+00 7.202007770538330078e+00 8.006436347961425781e+00
-3.662904024124145508e+00 7.541496276855468750e+00 7.982853412628173828e+00
-3.047240972518920898e+00 7.810583591461181641e+00 7.921913623809814453e+00
-1.997338056564331055e+00 8.256905555725097656e+00 7.755558967590332031e+00
-1.213570237159729004e+00 8.612636566162109375e+00 7.594352722167968750e+00
-3.592718839645385742e-01 9.081585884094238281e+00 7.375511169433593750e+00
5.056156516075134277e-01 9.713917732238769531e+00 7.090964794158935547e+00
1.221882700920104980e+00 1.035530376434326172e+01 6.793640613555908203e+00
1.848085880279541016e+00 1.106990337371826172e+01 6.456936836242675781e+00
2.702824354171752930e+00 1.185932350158691406e+01 6.020752429962158203e+00
3.698088645935058594e+00 1.279521751403808594e+01 5.372674465179443359e+00
5.026291847229003906e+00 1.393755340576171875e+01 4.203457832336425781e+00
6.461202621459960938e+00 1.451979160308837891e+01 2.632595539093017578e+00
7.427321910858154297e+00 1.461116027832031250e+01 1.129171967506408691e+00
8.357248306274414062e+00 1.414192867279052734e+01 -7.554571628570556641e-01
8.945087432861328125e+00 1.340961265563964844e+01 -2.091292381286621094e+00
9.302618980407714844e+00 1.201944541931152344e+01 -3.765117883682250977e+00
9.146330833435058594e+00 1.092594623565673828e+01 -4.734366416931152344e+00
8.759814262390136719e+00 9.819104194641113281e+00 -5.584006786346435547e+00
8.619554519653320312e+00 9.086765289306640625e+00 -6.018183231353759766e+00
8.507758140563964844e+00 8.080610275268554688e+00 -6.507802486419677734e+00
8.411375045776367188e+00 7.229032516479492188e+00 -6.864363670349121094e+00
8.259094238281250000e+00 6.194850444793701172e+00 -7.252088546752929688e+00
8.068968772888183594e+00 5.259946346282958984e+00 -7.575906276702880859e+00
7.860754966735839844e+00 4.424418449401855469e+00 -7.847679138183593750e+00
7.580888748168945312e+00 3.457466602325439453e+00 -8.127750396728515625e+00
7.318135738372802734e+00 2.581542015075683594e+00 -8.331062316894531250e+00
7.062514781951904297e+00 1.797333359718322754e+00 -8.462092399597167969e+00
6.737941265106201172e+00 8.524479269981384277e-01 -8.527006149291992188e+00
6.425144672393798828e+00 1.953586749732494354e-02 -8.489181518554687500e+00
6.034216880798339844e+00 -8.973265290260314941e-01 -8.337988853454589844e+00
5.655571460723876953e+00 -1.625320672988891602e+00 -8.135957717895507812e+00
5.207692146301269531e+00 -2.338058471679687500e+00 -7.881606578826904297e+00
4.650434970855712891e+00 -3.059627056121826172e+00 -7.569348335266113281e+00
4.026564598083496094e+00 -3.711484432220458984e+00 -7.250744342803955078e+00
3.348105907440185547e+00 -4.277534961700439453e+00 -6.944297790527343750e+00
2.703125715255737305e+00 -4.697160720825195312e+00 -6.697791576385498047e+00
1.858661055564880371e+00 -5.118356227874755859e+00 -6.434343814849853516e+00
9.040399193763732910e-01 -5.475683689117431641e+00 -6.205390930175781250e+00
1.429331153631210327e-01 -5.688281536102294922e+00 -6.070844650268554688e+00
-7.298305630683898926e-01 -5.867188930511474609e+00 -5.966454029083251953e+00
-1.622711420059204102e+00 -6.003074169158935547e+00 -5.901084899902343750e+00
-2.678381204605102539e+00 -6.125752449035644531e+00 -5.863375186920166016e+00
-3.485997676849365234e+00 -6.204414844512939453e+00 -5.858361244201660156e+00
-4.461498737335205078e+00 -6.293854713439941406e+00 -5.871288776397705078e+00
-5.308067798614501953e+00 -6.380166053771972656e+00 -5.887681961059570312e+00
-6.252104282379150391e+00 -6.495512485504150391e+00 -5.902711391448974609e+00
-7.178140640258789062e+00 -6.635454654693603516e+00 -5.905364036560058594e+00
-8.070669174194335938e+00 -6.801662445068359375e+00 -5.888768196105957031e+00
-8.839859962463378906e+00 -6.974677085876464844e+00 -5.851944923400878906e+00
-9.964167594909667969e+00 -7.272176265716552734e+00 -5.756617069244384766e+00
-1.077320098876953125e+01 -7.515795707702636719e+00 -5.646305084228515625e+00
-1.145305347442626953e+01 -7.740511894226074219e+00 -5.518968582153320312e+00
-1.267739105224609375e+01 -8.186684608459472656e+00 -5.206859588623046875e+00
-1.321256065368652344e+01 -8.389772415161132812e+00 -5.038238048553466797e+00
-1.400517082214355469e+01 -8.692583084106445312e+00 -4.751320362091064453e+00
-1.493439960479736328e+01 -9.028946876525878906e+00 -4.374285221099853516e+00
-1.577347946166992188e+01 -9.283593177795410156e+00 -4.001201629638671875e+00
-1.658112907409667969e+01 -9.460019111633300781e+00 -3.634433269500732422e+00
-1.757425689697265625e+01 -9.574797630310058594e+00 -3.162729978561401367e+00
-1.820144844055175781e+01 -9.566757202148437500e+00 -2.863640546798706055e+00
-1.910202407836914062e+01 -9.422672271728515625e+00 -2.425015687942504883e+00
-1.979312705993652344e+01 -9.208153724670410156e+00 -2.085620641708374023e+00
-2.070993232727050781e+01 -8.779464721679687500e+00 -1.638816833496093750e+00
-2.146803092956542969e+01 -8.281063079833984375e+00 -1.273075580596923828e+00
-2.195565795898437500e+01 -7.855246543884277344e+00 -1.038473486900329590e+00
-2.264833259582519531e+01 -7.056526184082031250e+00 -7.056599855422973633e-01
-2.310667610168457031e+01 -6.389675140380859375e+00 -4.903624951839447021e-01
-2.359595680236816406e+01 -5.521366596221923828e+00 -2.724542617797851562e-01
-2.402993965148925781e+01 -4.533292293548583984e+00 -9.047912061214447021e-02
-2.418904685974121094e+01 -4.046312332153320312e+00 -2.910361252725124359e-02
-2.445392799377441406e+01 -2.805461883544921875e+00 5.916772037744522095e-02
-2.456599235534667969e+01 -1.909811139106750488e+00 9.186382591724395752e-02
-2.460778999328613281e+01 -1.045438647270202637e+00 9.938146173954010010e-02
-2.457240676879882812e+01 -3.900482058525085449e-01 8.204811066389083862e-02
-2.431616592407226562e+01 1.165801405906677246e+00 -1.867784559726715088e-02
-2.413094329833984375e+01 1.875728249549865723e+00 -8.790778368711471558e-02
-2.389715957641601562e+01 2.552281618118286133e+00 -1.725715100765228271e-01
-2.343054580688476562e+01 3.631956338882446289e+00 -3.373502790927886963e-01
-2.290995025634765625e+01 4.625737667083740234e+00 -5.221848487854003906e-01
-2.260209274291992188e+01 5.144827842712402344e+00 -6.332253217697143555e-01
-2.215125274658203125e+01 5.834040641784667969e+00 -7.976797819137573242e-01
-2.154554748535156250e+01 6.676906585693359375e+00 -1.025381207466125488e+00
-2.082974052429199219e+01 7.608151912689208984e+00 -1.305253386497497559e+00
-2.039183998107910156e+01 8.149779319763183594e+00 -1.485074043273925781e+00
-1.997578430175781250e+01 8.643499374389648438e+00 -1.662463784217834473e+00
-1.917471504211425781e+01 9.553038597106933594e+00 -2.023323059082031250e+00
-1.874332237243652344e+01 1.003597831726074219e+01 -2.231004953384399414e+00
-1.814118576049804688e+01 1.069944763183593750e+01 -2.539551734924316406e+00
-1.719407081604003906e+01 1.176266956329345703e+01 -3.086771726608276367e+00
-1.682915496826171875e+01 1.218813991546630859e+01 -3.319528579711914062e+00
-1.626702690124511719e+01 1.286368083953857422e+01 -3.703233242034912109e+00
-1.546902751922607422e+01 1.387270259857177734e+01 -4.287699222564697266e+00
-1.516761684417724609e+01 1.426613712310791016e+01 -4.512173652648925781e+00
-1.475328159332275391e+01 1.482198238372802734e+01 -4.821892738342285156e+00
-1.433085536956787109e+01 1.540642833709716797e+01 -5.141340732574462891e+00
-1.384066677093505859e+01 1.609819221496582031e+01 -5.516111373901367188e+00
-1.276191329956054688e+01 1.766712760925292969e+01 -6.391304492950439453e+00
-1.209830474853515625e+01 1.894687461853027344e+01 -6.864501476287841797e+00
-1.167041492462158203e+01 1.833708381652832031e+01 -7.604117870330810547e+00
-1.192679119110107422e+01 1.831820678710937500e+01 -7.278574943542480469e+00
-1.176561641693115234e+01 2.043234062194824219e+01 -6.875969409942626953e+00
-1.171162128448486328e+01 2.074202537536621094e+01 -6.857181549072265625e+00
-1.130476570129394531e+01 2.276552391052246094e+01 -6.858057975769042969e+00
-1.100974178314208984e+01 2.366056251525878906e+01 -6.954710483551025391e+00
-1.021443843841552734e+01 2.428731536865234375e+01 -7.600153923034667969e+00
-1.085778903961181641e+01 2.392270660400390625e+01 -7.046435356140136719e+00
-1.174660873413085938e+01 2.525433540344238281e+01 -5.890501022338867188e+00
-1.180484199523925781e+01 2.529263496398925781e+01 -5.825772762298583984e+00
-7.490361575037240982e-03 -1.046100997924804688e+01 -3.092467308044433594e+01
-1.483159542083740234e+00 -3.055344963073730469e+01 8.690337181091308594e+00
-2.806527709960937500e+01 1.476674079895019531e+01 7.695695877075195312e+00
-1.829192924499511719e+01 -1.016167068481445312e+01 -1.898679161071777344e+01
-1.115473651885986328e+01 -1.022999858856201172e+01 -2.159652137756347656e+01
-7.544960975646972656e+00 -9.251543998718261719e+00 -1.858836174011230469e+01
-6.199412822723388672e+00 -6.782070636749267578e+00 -1.851105690002441406e+01
-5.337218761444091797e+00 -4.434200286865234375e+00 -1.888059997558593750e+01
-4.418060779571533203e+00 -3.196191072463989258e+00 -1.929758262634277344e+01
-3.752901077270507812e+00 -2.510878801345825195e+00 -1.960570526123046875e+01
-3.088947772979736328e+00 -1.888281106948852539e+00 -1.992733573913574219e+01
-2.411513566970825195e+00 -1.245120525360107422e+00 -2.027553176879882812e+01
-1.761043190956115723e+00 -5.700185298919677734e-01 -2.063757133483886719e+01
-1.298185348510742188e+00 -7.995492778718471527e-04 -2.091443824768066406e+01
-7.288319468498229980e-01 8.371215462684631348e-01 -2.128154182434082031e+01
-3.553408980369567871e-01 1.524881005287170410e+00 -2.153397178649902344e+01
2.431880682706832886e-02 2.434979677200317383e+00 -2.179575538635253906e+01
3.020397722721099854e-01 3.321047067642211914e+00 -2.197774696350097656e+01
4.672138392925262451e-01 4.024749755859375000e+00 -2.206973266601562500e+01
6.563302278518676758e-01 5.215486049652099609e+00 -2.211920356750488281e+01
7.311629056930541992e-01 5.869144439697265625e+00 -2.209160232543945312e+01
8.264554142951965332e-01 7.307477951049804688e+00 -2.186678123474121094e+01
8.580375313758850098e-01 7.809227943420410156e+00 -2.172787857055664062e+01
9.499726891517639160e-01 9.140031814575195312e+00 -2.124872970581054688e+01
1.032071828842163086e+00 9.847460746765136719e+00 -2.092767715454101562e+01
1.096682429313659668e+00 1.029101562500000000e+01 -2.070981407165527344e+01
1.282748460769653320e+00 1.114426040649414062e+01 -2.022134590148925781e+01
1.504362106323242188e+00 1.188863945007324219e+01 -1.976242828369140625e+01
1.872556209564208984e+00 1.282907104492187500e+01 -1.914008522033691406e+01
2.258247375488281250e+00 1.358260822296142578e+01 -1.859365653991699219e+01
2.675435543060302734e+00 1.417644023895263672e+01 -1.810734939575195312e+01
2.907464504241943359e+00 1.442962741851806641e+01 -1.787605476379394531e+01
4.958025932312011719e+00 1.535934352874755859e+01 -1.652676010131835938e+01
5.343137264251708984e+00 1.538341903686523438e+01 -1.636636161804199219e+01
6.243484497070312500e+00 1.536547756195068359e+01 -1.603508186340332031e+01
6.847901344299316406e+00 1.526155662536621094e+01 -1.588425064086914062e+01
7.805735111236572266e+00 1.504913616180419922e+01 -1.567924118041992188e+01
8.913017272949218750e+00 1.469814968109130859e+01 -1.551559066772460938e+01
9.810602188110351562e+00 1.435237312316894531e+01 -1.542911624908447266e+01
1.052761077880859375e+01 1.401104259490966797e+01 -1.538811588287353516e+01
1.107330799102783203e+01 1.367943191528320312e+01 -1.538529777526855469e+01
1.216614055633544922e+01 1.287024974822998047e+01 -1.545772266387939453e+01
1.267466354370117188e+01 1.240752983093261719e+01 -1.553251266479492188e+01
1.354567813873291016e+01 1.146073341369628906e+01 -1.573012733459472656e+01
1.396516418457031250e+01 1.089810848236083984e+01 -1.586585807800292969e+01
1.443017292022705078e+01 1.014278984069824219e+01 -1.606476211547851562e+01
1.484002017974853516e+01 9.320058822631835938e+00 -1.629896926879882812e+01
1.517308807373046875e+01 8.439518928527832031e+00 -1.656851768493652344e+01
1.540864086151123047e+01 7.511776447296142578e+00 -1.687384223937988281e+01
1.550722312927246094e+01 6.733475208282470703e+00 -1.714650154113769531e+01
1.550377082824707031e+01 5.800736427307128906e+00 -1.748958015441894531e+01
1.538131809234619141e+01 4.930419445037841797e+00 -1.781933212280273438e+01
1.511109256744384766e+01 3.985009431838989258e+00 -1.818295860290527344e+01
1.480775070190429688e+01 3.281060457229614258e+00 -1.844607925415039062e+01
1.435460376739501953e+01 2.485536098480224609e+00 -1.872361183166503906e+01
1.375402069091796875e+01 1.653230309486389160e+00 -1.898537063598632812e+01
1.318893527984619141e+01 9.942402839660644531e-01 -1.914855194091796875e+01
1.254759407043457031e+01 3.371649086475372314e-01 -1.925301551818847656e+01
1.189564323425292969e+01 -2.666425108909606934e-01 -1.927132797241210938e+01
1.119735622406005859e+01 -8.739177584648132324e-01 -1.920630264282226562e+01
1.057799148559570312e+01 -1.414129376411437988e+00 -1.907893753051757812e+01
9.932910919189453125e+00 -1.996167182922363281e+00 -1.887220382690429688e+01
9.145342826843261719e+00 -2.741253376007080078e+00 -1.853855895996093750e+01
8.566644668579101562e+00 -3.335023641586303711e+00 -1.824639701843261719e+01
8.121776580810546875e+00 -3.837866306304931641e+00 -1.798680305480957031e+01
7.479222774505615234e+00 -4.648655414581298828e+00 -1.756099700927734375e+01
7.199179172515869141e+00 -5.062563896179199219e+00 -1.734818458557128906e+01
6.543544769287109375e+00 -6.217483520507812500e+00 -1.675069999694824219e+01
6.251867771148681641e+00 -6.805597305297851562e+00 -1.644758033752441406e+01
5.950127124786376953e+00 -7.484642028808593750e+00 -1.609904098510742188e+01
5.578763484954833984e+00 -8.426537513732910156e+00 -1.562675571441650391e+01
5.264627933502197266e+00 -9.323324203491210938e+00 -1.520158195495605469e+01
4.961076736450195312e+00 -1.032741165161132812e+01 -1.476208209991455078e+01
4.779171466827392578e+00 -1.100362491607666016e+01 -1.448427963256835938e+01
4.584163665771484375e+00 -1.177552509307861328e+01 -1.418186473846435547e+01
4.442150592803955078e+00 -1.238943099975585938e+01 -1.395453357696533203e+01
4.306497573852539062e+00 -1.301490402221679688e+01 -1.373219490051269531e+01
4.047854423522949219e+00 -1.426765632629394531e+01 -1.329643058776855469e+01
3.870911121368408203e+00 -1.504187583923339844e+01 -1.299566936492919922e+01
3.620970726013183594e+00 -1.602215957641601562e+01 -1.257036304473876953e+01
3.416038513183593750e+00 -1.671828460693359375e+01 -1.221348094940185547e+01
3.058468580245971680e+00 -1.773125457763671875e+01 -1.157251739501953125e+01
2.797888278961181641e+00 -1.833415031433105469e+01 -1.109294509887695312e+01
2.525334596633911133e+00 -1.887663650512695312e+01 -1.057136344909667969e+01
2.068720340728759766e+00 -1.961413383483886719e+01 -9.649625778198242188e+00
1.805770277976989746e+00 -1.997797775268554688e+01 -9.077741622924804688e+00
1.644097924232482910e+00 -2.014805984497070312e+01 -8.691582679748535156e+00
1.229888677597045898e+00 -2.047564697265625000e+01 -7.597175121307373047e+00
8.466750979423522949e-01 -2.067144584655761719e+01 -6.476644992828369141e+00
5.863407254219055176e-01 -2.073224830627441406e+01 -5.620640754699707031e+00
4.312011897563934326e-01 -2.070684432983398438e+01 -5.037652492523193359e+00
1.597973555326461792e-01 -2.052885437011718750e+01 -3.827216625213623047e+00
3.899041563272476196e-02 -2.037569808959960938e+01 -3.157850265502929688e+00
-1.177804172039031982e-01 -2.001745033264160156e+01 -1.985668182373046875e+00
-1.835611909627914429e-01 -1.971360778808593750e+01 -1.157603740692138672e+00
-2.096231281757354736e-01 -1.916003799438476562e+01 1.954175233840942383e-01
-2.251642495393753052e-01 -1.907199478149414062e+01 4.293432831764221191e-01
2.928612381219863892e-02 -1.835744476318359375e+01 1.797978281974792480e+00
9.927147626876831055e-02 -1.820546150207519531e+01 2.074229478836059570e+00
3.710095882415771484e-01 -1.768604087829589844e+01 2.999972820281982422e+00
6.875233650207519531e-01 -1.719917488098144531e+01 3.818152189254760742e+00
1.142462253570556641e+00 -1.661990737915039062e+01 4.775342941284179688e+00
1.338380932807922363e+00 -1.639342689514160156e+01 5.150006294250488281e+00
1.897324085235595703e+00 -1.582351589202880859e+01 6.091615676879882812e+00
2.346044778823852539e+00 -1.543391132354736328e+01 6.769751071929931641e+00
3.268884181976318359e+00 -1.471328735351562500e+01 8.078333854675292969e+00
3.616937160491943359e+00 -1.509475708007812500e+01 8.636039733886718750e+00
3.878939628601074219e+00 -1.404240036010742188e+01 8.882246971130371094e+00
4.019483089447021484e+00 -1.381927967071533203e+01 9.052012443542480469e+00
4.458095073699951172e+00 -1.312192058563232422e+01 9.631155014038085938e+00
5.128732681274414062e+00 -1.209107780456542969e+01 1.054252147674560547e+01
5.428991317749023438e+00 -1.158286952972412109e+01 1.096236419677734375e+01
5.834455966949462891e+00 -1.085909271240234375e+01 1.154778289794921875e+01
6.045221328735351562e+00 -1.040800571441650391e+01 1.185884571075439453e+01
6.379605770111083984e+00 -9.591711044311523438e+00 1.236059379577636719e+01
6.858373641967773438e+00 -8.347018241882324219e+00 1.310314178466796875e+01
7.043224334716796875e+00 -7.817336082458496094e+00 1.339794635772705078e+01
7.282160282135009766e+00 -7.100331306457519531e+00 1.378195476531982422e+01
7.526425838470458984e+00 -6.324236392974853516e+00 1.416926860809326172e+01
7.657596588134765625e+00 -5.903953552246093750e+00 1.437390708923339844e+01
3.150185346603393555e+00 1.245470523834228516e+01 1.893218994140625000e+01
3.274964570999145508e+00 1.320287990570068359e+01 1.839635276794433594e+01
3.306925296783447266e+00 1.350133323669433594e+01 1.819367218017578125e+01
3.359462738037109375e+00 1.421403789520263672e+01 1.772472953796386719e+01
3.616344451904296875e+00 1.643986320495605469e+01 1.620875167846679688e+01
3.614235877990722656e+00 1.646541595458984375e+01 1.619521713256835938e+01
3.640779733657836914e+00 1.752936935424804688e+01 1.547624111175537109e+01
3.654650688171386719e+00 1.801929092407226562e+01 1.514385128021240234e+01
3.674177646636962891e+00 1.924799537658691406e+01 1.431750488281250000e+01
3.714480876922607422e+00 2.026195144653320312e+01 1.362057685852050781e+01
3.733253240585327148e+00 2.067756271362304688e+01 1.333501434326171875e+01
3.756292104721069336e+00 2.095390701293945312e+01 1.313667774200439453e+01
9.037027359008789062e+00 1.571771240234375000e+01 1.359079170227050781e+01
9.048954010009765625e+00 1.537423801422119141e+01 1.376498699188232422e+01
9.061707496643066406e+00 1.429256629943847656e+01 1.432345294952392578e+01
9.045510292053222656e+00 1.386710834503173828e+01 1.455306243896484375e+01
8.553924560546875000e+00 1.187165260314941406e+01 1.597402000427246094e+01
8.898470878601074219e+00 1.236194515228271484e+01 1.541566848754882812e+01
9.476704597473144531e+00 1.141084003448486328e+01 1.531082820892333984e+01
8.401036262512207031e+00 1.137981128692626953e+01 1.635127067565917969e+01
8.026997566223144531e+00 1.110192775726318359e+01 1.682975387573242188e+01
8.758418083190917969e+00 7.470934867858886719e+00 1.853786659240722656e+01
8.937025070190429688e+00 6.908459186553955078e+00 1.869689369201660156e+01
9.102034568786621094e+00 6.415307998657226562e+00 1.883116722106933594e+01
9.595708847045898438e+00 5.021967411041259766e+00 1.920410919189453125e+01
9.985802650451660156e+00 4.217679500579833984e+00 2.003514671325683594e+01
9.920218467712402344e+00 4.068952083587646484e+00 1.920266723632812500e+01
1.013341712951660156e+01 3.452753067016601562e+00 1.920930671691894531e+01
1.118225097656250000e+01 2.930935621261596680e-01 1.846557998657226562e+01
1.123296928405761719e+01 -1.542321592569351196e-01 1.830843162536621094e+01
1.089528942108154297e+01 -7.300081849098205566e-01 1.775435829162597656e+01
1.160413646697998047e+01 -1.028544425964355469e+00 1.824647521972656250e+01
1.214602088928222656e+01 -1.654842734336853027e+00 1.845014381408691406e+01
1.359967327117919922e+01 -3.746366739273071289e+00 1.885835456848144531e+01
1.404617500305175781e+01 -4.385960102081298828e+00 1.900064468383789062e+01
1.457547187805175781e+01 -5.145846843719482422e+00 1.917366218566894531e+01
1.508235073089599609e+01 -5.873361587524414062e+00 1.934715843200683594e+01
1.538224697113037109e+01 -6.303058624267578125e+00 1.945400428771972656e+01
1.590278053283691406e+01 -7.045836448669433594e+00 1.966240882873535156e+01
1.624484062194824219e+01 -7.536499023437500000e+00 1.980132102966308594e+01
