8.921065999101123190e-01 -3.941577062234438156e-01
-4.382245194105853225e-01 7.639667314848217483e-01
9.454424984857038305e-01 3.921652304613154616e-02
7.659518781337290028e-01 -6.325603274778158758e-01
-9.175808895472393756e-01 3.368842210013079375e-01
-8.089853442837013908e-01 5.567831882063702942e-01
5.569326446004660980e-01 -8.251405428492649685e-01
3.723680607404902254e-01 7.497772390875889759e-01
-9.369597157600654258e-01 3.038541985983636007e-01
-9.771371177440096867e-01 1.410647812994579309e-01
-7.899243444272526782e-01 -5.858770348375325066e-01
-9.002975236632677625e-01 4.125563892665805033e-01
-8.713259486356399464e-01 4.529786303700564232e-01
7.818453633381144963e-01 2.223626941431057769e-01
-8.370860658555613343e-01 5.072622484720353819e-01
8.747530360203332744e-01 -4.204800549511703567e-01
-8.202915085555697594e-01 -2.837839328634060299e-01
8.799969373123086580e-01 -4.523514748438325905e-01
-8.681113298385271237e-01 4.737686159869914926e-01
-7.452510505158727039e-01 6.255293512667772227e-01
9.256807145119398950e-01 -3.461513174100619983e-01
1.323006139888418219e-02 -7.512999209446372673e-01
-9.187163679640378833e-01 3.665639595336351864e-01
9.485064012401306366e-01 -3.226512463204438824e-02
-9.458501976027037239e-01 2.715935480032382610e-01
-8.450131599944897820e-01 4.861935479594161613e-01
9.100604366363032049e-01 -2.496243967389732976e-01
-8.284473898274034021e-01 5.345654358754787783e-01
-8.864858940469073634e-01 -7.600010294314354931e-02
-9.607580826312863698e-01 -2.571498021732624428e-01
-9.675469905547831040e-01 2.235927045875116814e-01
-7.717238171280564885e-01 5.862004494543904265e-01
7.050020757180968101e-01 7.020559278943602211e-01
8.130983846361191647e-01 4.286899177090867652e-01
-2.385621978828540157e-01 9.257594501023251876e-01
-7.697090774643685629e-01 5.296063765065539553e-01
8.703530453303585102e-01 -4.750255429832014875e-01
-8.789551539313079642e-01 4.387295567995780354e-01
7.790977547708293205e-01 -5.590914767563796017e-01
-6.379101512232187021e-01 7.599393852162261709e-01
