-7.722706442498917800e-01 -3.914702528889857369e-01 -4.207335397809456312e-01
-6.539110126199281225e-01 -9.068758120418526913e-02 -6.570413453721537511e-01
-8.206561926737162560e-01 -3.846392037937087505e-01 -3.116838889806601287e-01
-8.272449504431883538e-01 -2.394751962862441130e-01 -4.561900918423564821e-01
-8.984507923392917039e-01 -2.059144750279563174e-01 -2.517709253345196685e-01
6.383918007256569327e-01 -6.646640043150507937e-01 1.922113083644299558e-01
9.267647400824838844e-01 -3.578893154990848285e-02 1.581495551925510626e-02
3.883812258785995786e-01 4.921212632811929888e-01 2.996270673459838774e-01
8.622346873844397019e-02 -8.522540986194721002e-01 3.254193012294900322e-01
3.301420954663789042e-01 -8.575661211597213063e-01 5.510700017338227702e-02
5.839780378013199602e-01 -6.882355681346739029e-01 -1.782648710379578227e-01
-1.261416830696948099e-01 -4.776189803804913869e-01 -8.212411368325182037e-01
8.105430721392521687e-02 -3.240343541536513938e-01 -8.142107133585305689e-01
-5.499748217579509407e-02 -7.385602361129458560e-01 -5.905027454011603227e-01
-5.893397507384592338e-01 -4.983608780202992139e-01 -5.759721374854099851e-01
-5.569603692082877311e-01 -6.236585575482358479e-01 -4.074968494977809219e-01
-5.123316383472928948e-01 -5.804899657677411451e-01 -5.666485334564307363e-01
-4.799674625214949142e-01 -5.126891729208513659e-01 -6.501590307676849978e-01
-4.069003843702488354e-01 -4.622971956831237184e-01 -7.419131717954425831e-01
-4.923701409720359079e-01 -4.455165503233605717e-01 -6.946742051103519389e-01
-6.321243423852336285e-01 -3.233452579687634554e-01 -6.417053599116929741e-01
-2.012080572408651014e-01 -3.545938504102691402e-01 -8.569770390331523657e-01
-5.382732576234094957e-01 -1.052426434604941397e-01 -7.521136736627991315e-01
-5.502575423152004097e-01 -2.323919592921450394e-01 -7.287706824461788191e-01
-4.763606237760164008e-01 1.005473013501259616e-01 -7.152861484521678692e-01
-3.218123013372777841e-01 -4.036037709149949970e-01 -8.084780175595436269e-01
-5.288890255503204685e-01 -3.426098400441006664e-01 -7.183905927764299149e-01
-2.384593747129938879e-01 -6.174826997075680834e-01 -6.947244744006390027e-01
-3.150511006211311194e-01 -5.272245100553007990e-01 -7.295361172038101749e-01
-2.391577042958619448e-01 -5.045971730496053853e-01 -7.826640488044913635e-01
1.362570362825295429e-02 -5.564796287756960114e-01 -7.433246588448131353e-01
-2.114646925476453554e-01 -7.803101928257976105e-01 -4.109156672606036897e-01
-4.396621111809928539e-01 -3.556862247865096860e-01 -7.792471393068318708e-01
-2.778456053797237479e-01 -7.368636606458982274e-02 -8.660648577029176343e-01
-5.623776352045936067e-01 -4.040676492088507432e-01 -6.584996537663769800e-01
-3.684204531605614896e-01 -5.781612107084185270e-01 -6.440882388877229303e-01
-2.816805483198722149e-01 -2.414812716768826861e-01 -8.401447716364347507e-01
-1.247164488746166644e-01 1.553925668982816810e-01 -7.823975044230787601e-01
-4.254959043131097407e-01 -2.227227236538164568e-01 -8.027365201877147971e-01
-3.796148817931713770e-01 -6.711839810419474306e-01 -5.147421004121836008e-01
-9.470790784026740239e-01 -4.378048392904339975e-02 -2.652904275246539822e-01
-9.124971661037588611e-01 -8.141478720004578784e-02 -3.581249351898361799e-01
-9.128649039869355386e-01 -3.173029655829992524e-02 -3.832696740389176515e-01
-8.937078159473725858e-01 -2.043207586708111964e-02 -4.146793511510881158e-01
-9.231619193054668715e-01 -1.966586893114401560e-02 -3.405826224714602057e-01
-9.365410033134317080e-01 5.649045825825132344e-02 -2.665464928285306567e-01
-8.860280532258898445e-01 1.595691304989701464e-01 -3.836635987249131796e-01
-8.869882046220051164e-01 5.264971747991587653e-02 -4.182971373083148037e-01
-9.156989649155319322e-01 9.680585744064650403e-03 -3.793747312904972024e-01
-9.190474175212260954e-01 5.023821994800153901e-02 -3.584926131272625494e-01
7.198672738820057759e-01 -3.325912511007369510e-01 5.754259280110118890e-01
7.660163091686136294e-01 -2.651952680254776595e-01 5.502692554750866494e-01
8.154416589384145819e-01 -1.833264698160306239e-01 5.114227864672753476e-01
7.592119254996760880e-01 2.105651957072920966e-01 1.077394307772121113e-01
4.789111683496163341e-01 1.477901903571111064e-01 7.274185721872375998e-01
5.167717375662232993e-01 -3.643670261278095790e-01 7.219621412473909983e-01
6.621823831083496481e-01 -9.583407970919059771e-02 6.934935467762149974e-01
7.276769920261478841e-01 -1.686564644083993481e-01 6.380606872215284220e-01
8.019126528513592644e-01 -5.600466443839748759e-02 5.433559308370301544e-01
6.465926396357852823e-01 -2.292903759895911775e-01 6.978728407346781459e-01
8.431716458649132218e-01 -3.475043479624459475e-01 3.738092246353679760e-01
8.778187896502829268e-01 -3.236804918308172629e-01 3.258739559263525987e-01
8.939289641734792236e-01 -2.655850494827521890e-01 3.023055488305871896e-01
8.158462921548035318e-01 -4.445698382804750826e-01 2.851511830681798809e-01
8.835890693099276438e-01 -3.553470566709909240e-01 2.426737093550484781e-01
9.442319511443458824e-01 -1.175352827596898991e-01 1.568245714410202440e-01
9.178125129453668096e-01 -1.918898228078762536e-01 2.821881915203772184e-01
8.079115198354852589e-01 -5.147418750223536899e-01 1.383205687166484676e-01
9.160769011873207690e-01 -3.203740069571918148e-01 6.641144978365143281e-02
-8.852001711067919443e-01 3.744086340209644148e-01 -2.185749891536460376e-01
-8.319798330560544963e-01 4.600594702211538989e-01 -2.659972220087381545e-01
-8.570092732177136963e-01 4.527876026266491327e-01 -2.058770840666896973e-01
-8.565077875346178704e-01 4.338274774618361418e-01 -2.382295749198329038e-01
-8.657281863294749025e-01 4.534562044870935615e-01 -1.575123810721027195e-01
-8.399798525025978790e-01 4.920471289043681362e-01 -1.845393674111281135e-01
-8.117493408798915899e-01 5.194504037694959164e-01 -2.249663065500967229e-01
1.554542017347616545e-01 5.067563888363380009e-01 7.212961267570132673e-01
7.074005233370658230e-01 -2.592601458675535819e-01 -5.449572691297773774e-01
-2.976786639890223185e-01 6.272866138487350751e-01 -3.031823178273162500e-01
6.405633280986819944e-01 -6.227635643558815381e-01 -2.521137683481995961e-01
3.565374199363484653e-01 -4.735644042835686074e-01 -7.255806173671711656e-01
-6.766275805309278357e-02 -4.458786389444360232e-01 -8.055304811384906838e-01
5.151160790391434707e-01 -5.655268946746727643e-01 -5.097744432974342654e-01
3.883829888423147580e-01 -6.783187020549481527e-01 -4.756386892840285263e-01
5.135229555959158754e-01 -3.994542796777987292e-01 -6.392379650722664897e-01
1.552244261920784907e-01 -4.241830450805802455e-01 -8.050013692229509576e-01
1.118832207488717617e-01 -8.230562739765245883e-01 -2.888479343339812044e-01
2.592644129970206879e-01 -2.199209360852114048e-01 -8.187200901165466727e-01
1.968119173738337446e-01 -6.016076299812392891e-01 -6.854446285555425566e-01
-2.694062301205296661e-02 -6.129437436563596187e-01 -7.106869766445952363e-01
1.152636952525443181e-01 -7.590612901254594203e-01 -4.816323541687986265e-01
-4.278505738905993838e-02 -7.429015756343105847e-01 -5.609256371345713310e-01
5.093886126529080238e-01 1.854442341963352670e-02 -6.961350035251167023e-01
4.519567970091165066e-01 -7.605449040073087863e-01 -2.105080803454497940e-01
4.544772056470841592e-01 5.171416260886056993e-01 -2.736188457572398813e-01
4.803824692535661051e-02 2.532636166748898909e-01 -8.141953963984739362e-01
-4.131645777183383383e-03 -9.077458222600001125e-01 2.835840761816324843e-02
-3.179783001762938044e-01 -7.721408240422084068e-01 -3.994979526845563456e-01
7.384812193242342726e-01 -1.286847850445521635e-01 6.337693202190926023e-01
7.815514633038329606e-01 -8.665745108054666301e-02 5.877348606458296931e-01
6.525239823577978493e-01 3.432091447922307470e-01 5.502711244491443887e-01
6.120417807594864534e-01 1.179172339151370874e-01 7.222416535524267545e-01
6.802985832051972048e-01 -1.365592685533566220e-02 6.873007112387763407e-01
7.361905421262712190e-01 2.264475937825677701e-02 6.383573719621813414e-01
6.899519452254737617e-01 -1.368580851934437237e-01 6.883635178649653019e-01
8.465388589358688876e-01 3.857709346845299841e-02 4.641628360348918902e-01
7.996848642461794610e-01 -6.728960877363574997e-03 5.552916940549668112e-01
8.234620104123441253e-01 -6.960748864829419125e-02 5.207253419786862514e-01
6.159128251323939818e-01 -2.167239254967159579e-01 7.353841545180535011e-01
4.929823470518662765e-01 -1.976768573322283118e-01 8.208773366364611190e-01
5.626549949163849318e-01 -2.018427240047503124e-01 7.806713229931665499e-01
5.414212439979860791e-01 -1.762832280955631825e-01 8.020326533889521325e-01
5.809965196880557681e-01 -1.585347642902092957e-01 7.753464226566529893e-01
5.844369721232701709e-01 -1.056272264665884808e-01 7.844625140794571072e-01
5.065535948900944385e-01 -1.088779800619163463e-01 8.282702946855069470e-01
5.271635604242751461e-01 9.516620293443274828e-03 8.115437081269468722e-01
6.512269947576957430e-01 -1.420884633353886872e-01 7.090837362508980446e-01
5.467809502892192475e-01 -2.976475400029546803e-01 7.527967875203410708e-01
8.976116756421809173e-01 -4.267840146300399401e-02 -3.562938671993396977e-01
8.665897923683211213e-01 8.165715293673526942e-02 -4.328147978951799035e-01
8.493925739141737763e-01 -1.692559208494090472e-01 4.540519844114655479e-01
8.997966253719026364e-01 -1.008455867811100248e-01 3.548781070570568574e-01
8.445707405400831869e-01 -2.646575553120644742e-01 4.480566923124671974e-01
9.030499407889897023e-01 -2.228858210881653479e-01 3.303997389534370499e-01
9.064544127785528760e-01 -7.275194381354624373e-02 2.764321653280140678e-01
8.208925802682566220e-01 -3.581544959640693970e-01 4.031081456846052902e-01
8.197162138627622774e-01 -2.237187339397649632e-01 5.047157765560615905e-01
7.199744423293256146e-01 -3.707125336079908351e-01 5.289543731434706020e-01
8.393448019973295260e-01 -1.144404876896383122e-01 4.970005703391969787e-01
8.718656218348617148e-01 -2.588651329782026278e-01 3.937688855183597569e-01
7.792544759784392205e-01 -3.836599727649510627e-01 4.674452477505993131e-01
8.665061058506338121e-01 -3.123027735988567755e-01 3.487637954387471928e-01
7.861460016772838788e-01 -3.066626356294030464e-01 5.088371809663353451e-01
8.109084110956206182e-01 -3.143710942394226660e-01 4.610221164276936401e-01
8.537178359718543552e-01 -2.119717674987426914e-01 4.519283523897442145e-01
7.530910231247994746e-01 -2.636522178590632315e-01 5.575250050960270931e-01
-1.839585349287606308e-01 4.400147587028225282e-01 6.010313811988964305e-01
1.205751687214113655e-03 -9.188771093766896492e-01 -5.373732605966478199e-02
-3.890224210748975953e-01 -8.395626516475575007e-01 1.810312796018252388e-02
-5.413927411926553468e-01 5.357794194511844577e-01 -1.083564940366132795e-01
-1.471418447821478681e-01 -7.969104381648797197e-01 3.727169684189273746e-01
-4.139062877039588195e-01 -2.746797237950241999e-01 6.505731320576506604e-01
-6.322028013106840705e-01 -6.236857120605654448e-01 8.979939183830312754e-02
-1.350994009752790603e-01 -7.679861217626191561e-01 -4.565551422819033589e-01
-8.484765850885483962e-01 -6.195025258312519129e-02 2.684842374522943276e-01
-6.348395959205577199e-01 -6.194892031271792554e-01 -2.138923547621286170e-01
-4.585243397341104976e-01 -6.544085318429857523e-01 -4.674696949640977928e-01
9.183396110148492886e-01 -2.063952218574090502e-01 3.047854643773951211e-01
9.473990202599590349e-01 -7.960249319444698268e-02 1.576396617535313904e-01
8.293695588991538692e-01 -3.791599363494860819e-01 3.818631526755778549e-01
7.906849759354416252e-01 -3.851725222627904177e-01 4.451874043088959176e-01
8.670488335733090857e-01 -3.436483743045277151e-01 3.284293933903440488e-01
7.063783355456513258e-01 -5.637332013724548618e-01 3.261664010086519627e-01
8.838142323977797865e-01 -2.744197768271017246e-01 3.460356691491173753e-01
7.309706413769513356e-01 -3.982481974470539754e-01 5.119987305732609517e-01
7.743770164372909548e-01 -4.509625102826479437e-01 3.883912255887341236e-01
8.237671731848740242e-01 -4.453225373195980330e-01 2.912358064362152721e-01
7.678575697068589223e-01 -5.373257079875966014e-01 1.779903782057362660e-01
-7.669669441749955574e-01 -5.371599824815834756e-01 7.892071955726596977e-02
-8.885369262403310930e-01 -2.162098361317714157e-01 2.390458062801776445e-02
-9.192227316213653632e-01 2.563656820132023326e-02 -4.031767615785957631e-02
-8.479825671112820595e-01 -4.515542343476333098e-01 -1.911458399167426936e-01
-9.083222046184271647e-01 -1.524837569660791314e-01 -3.142276503955921951e-01
-8.504087715247520274e-01 -3.407097440613410799e-01 -3.016694213941363278e-01
-8.955181902846253150e-01 -2.598538218287449464e-01 -2.825881495474540928e-01
-9.170696354951575202e-01 -1.771350887233770488e-01 -2.393877870024264110e-01
-7.960806095230890111e-01 -1.633472411941818206e-02 -4.959515525720321616e-01
-7.908384177185280306e-01 -4.224490749082457364e-01 -3.205545972187726633e-01
-8.798059199797735319e-01 -3.243876416740303914e-01 -2.317452804295303537e-01
-8.214447267871434200e-01 -2.827566087956056573e-01 -4.329206402840908297e-01
-9.116533273224540768e-01 -2.457174289484503893e-01 -1.507509492545400231e-01
-8.674352015200227362e-01 -2.809270588438735339e-01 -3.526557066935029905e-01
-7.442943111093699438e-01 -5.555961049702877741e-01 -2.423989668188368807e-01
-7.774766629414517904e-01 -3.732609794275268955e-01 -4.106187004513990324e-01
-8.868824444105214422e-01 -2.095050122730295616e-01 -3.508831900825680195e-01
-8.437160705028010632e-01 -1.652334715151595468e-01 -4.448882633303808953e-01
-7.702926613931747601e-01 -2.911534916692207764e-01 -4.890645985190796852e-01
-9.380509580706023476e-01 -4.224628916137186663e-02 -2.329873168374760883e-01
3.217952004470537863e-01 4.217647843041825162e-01 7.009956178838965268e-01
-1.875823596462512510e-01 -5.638620809965223801e-02 8.548591501311647578e-01
4.212610462367905040e-01 -4.361308054616939711e-01 7.171249820080077830e-01
-1.038103254888757543e-01 6.149541513679001037e-01 -3.115990416630312065e-01
8.195275422842611401e-02 -7.788310115290949520e-01 4.661350017750723884e-01
7.029986970830752468e-02 -4.783923597163624586e-01 7.771332378994251222e-01
4.054840850847081235e-01 -1.548785439793102792e-01 8.193590871341797088e-01
-9.061451168405911805e-01 -2.420902606288687919e-01 -2.598463363522547920e-01
-8.533918819194722394e-01 -1.554716054064106956e-01 -4.617144603137866010e-01
-9.115854772333080724e-01 -1.426250146356612125e-01 -3.096136506735855942e-01
-8.265782602712312688e-01 -2.579162750283987005e-01 -4.487299762417015780e-01
-8.847579886439574937e-01 -1.953078836095755166e-01 -3.739186735887508606e-01
-8.690771679560133078e-01 -2.431099013882370152e-01 -3.761000198827937901e-01
8.882974392710044631e-01 -2.260252625777762203e-01 3.685411701609794255e-01
8.749253025737177003e-01 -2.843644452055902883e-01 3.641605315320239344e-01
8.369207521980724929e-01 -2.185563724912397698e-01 4.747319561524234732e-01
7.813809418364310311e-01 -3.355536621798879682e-01 5.025639456019489471e-01
8.511057936767902898e-01 -2.633592349476385763e-01 4.281866381486591489e-01
8.346151938843106022e-01 -3.327259695302576259e-01 4.081082978026734365e-01
9.334586652261743778e-01 -1.888151575515407687e-01 1.899555625906464984e-01
8.991528389066755222e-01 -3.409554048090646106e-01 1.599203804019427300e-01
8.702260844215774505e-01 -4.242012854138201283e-01 3.372831266555300495e-02
9.142597469483211281e-01 -2.892856658948778081e-01 -1.202807471980505555e-02
9.317808359655199713e-01 -8.379872045701630690e-02 3.015911738257039121e-02
8.238534854703474242e-01 -5.063871892868883062e-01 1.542834127207182993e-01
8.161656622144813911e-01 -4.587088975585293382e-01 2.937632994665714814e-01
-7.623162272197944178e-01 -2.511263389287920478e-01 -5.572874361074108274e-01
-6.969910775815008064e-01 -2.079807866972724351e-01 -6.297310926991441793e-01
-8.460393851105431073e-01 -1.208094260513070950e-01 -4.850959703552497615e-01
-7.632085490594066046e-01 -1.134630676590692444e-01 -5.890658798739071278e-01
-2.561606170742833366e-01 -8.424239890114331164e-01 3.764978949043367162e-01
2.049726854626507735e-02 2.610360536825249989e-02 9.054972232135088950e-01
-2.162940991305717653e-01 6.649596771252967997e-01 3.697535309251949731e-01
5.121384288986224886e-01 5.932716821603032376e-01 -2.813904964439143397e-01
-4.861731285024509797e-01 -2.378749508479841013e-01 7.427813074108754465e-01
-5.943584547619843450e-01 -6.765521044965006059e-01 2.281067952921685404e-01
-4.397247941267495852e-01 3.894735036715182841e-01 -6.469658626284960912e-01
-8.246443347075176344e-01 -1.883306084443328032e-01 2.873371996846226795e-01
-8.919237149224698014e-01 3.103812609371524589e-01 2.269002445571808857e-01
7.552125101282070041e-01 -2.055193601682247240e-01 5.978423200415075023e-01
8.007632968632723003e-01 -1.824545169807016698e-01 5.409674287579253615e-01
7.755880074110105271e-01 -2.607444528352866331e-01 5.497139664936101511e-01
8.173570749572761640e-01 -8.777025693891758740e-02 5.287919187790438569e-01
6.763382657494746431e-01 -1.593925098330920831e-01 6.851169779682174665e-01
7.707173080361641448e-02 -5.511203003180673576e-01 -7.370053694241748277e-01
-3.040730125361693070e-01 -4.500359074709480156e-01 -7.823110846517103978e-01
-4.105236326339673503e-01 -3.469741557627633033e-01 -8.058211945794286901e-01
-4.299889929783024534e-01 -5.869996155400677429e-01 -6.339435191548331572e-01
-1.332409164151982794e-01 -6.469694368096055026e-01 -6.616436713427246152e-01
-6.041054962826546415e-01 1.412425179678058196e-01 -6.550218286012472468e-01
-4.281473277549033840e-01 -7.625839141678987521e-02 -7.926618654834509670e-01
-2.688763545106135355e-01 -3.346307510827713494e-01 -8.437550106365896418e-01
-3.001357071733497528e-01 -5.645933712822637229e-01 -7.194351071105957729e-01
-2.688349735332895563e-01 -6.944335303125853676e-01 -5.539940303830838131e-01
-5.022564375633916667e-01 -3.822119908854687553e-01 -7.506950890992798442e-01
-6.178529876558621625e-01 -3.116422398214300227e-01 -6.861306442286233542e-01
-1.965981675265761619e-01 4.767969680110803465e-01 -6.019535472247086183e-01
-1.698001035734248987e-01 -5.162153833165836758e-01 -7.557721937215335917e-01
-2.671763689375513673e-01 -1.846685888520988583e-01 -8.775940557246791895e-01
-4.132081335994893245e-01 -4.695399815333972660e-01 -7.342808686532648066e-01
-5.446607741946301040e-01 -3.058640133426425156e-01 -7.427158005103187133e-01
-1.389836727234138591e-01 -3.965209505019112179e-01 -8.415789356577321190e-01
-1.631839025232613982e-01 1.128847139898506158e-01 -8.281339835443382036e-01
-5.151019183264211598e-01 -4.571379905065616756e-01 -6.535897730666249128e-01
-4.183989738085563403e-01 -2.057657100400075434e-01 -8.174179776185165336e-01
-5.868902519390978290e-01 -4.534559604317096593e-01 -5.406886088054956296e-01
-5.193530089864369925e-01 -5.861928575652138873e-01 -4.743853166654314890e-01
4.071314511935222175e-02 -3.072621614384984379e-01 -8.191001354318037109e-01
-5.921599476682477547e-01 -1.589548970321205956e-01 -7.051784511848536718e-01
6.134526478324715537e-01 -3.269028757556564635e-01 7.006495405444018720e-01
5.629631966559912604e-01 -4.212751871241019463e-01 6.833862369714492901e-01
6.451940332142984680e-01 -3.985312536353664004e-01 6.225891655892600296e-01
6.907429673744178711e-01 -2.069028412386425542e-01 6.681799347415550150e-01
7.338288426528105646e-01 -2.796376131922244657e-01 5.935946200794595118e-01
6.963553495729173370e-01 -3.347176352175779690e-01 6.098385388841663923e-01
7.237802130738012485e-01 -3.800907633381914730e-01 5.368340413754681961e-01
6.554928921964834343e-01 -2.815005203457395244e-01 6.812359309514747219e-01
5.516560611261041025e-01 -2.606901402471340501e-01 7.529362218205752910e-01
7.285918071254372519e-01 -4.048188746850626685e-01 5.153458118141047706e-01
7.780853708508528310e-01 -4.045054491281726561e-01 4.313060750940367893e-01
7.687840028808491377e-01 2.179962006787395379e-01 3.180093963508852650e-01
9.188306260855929608e-01 -1.032450334677799397e-01 2.299200104148464707e-01
7.379271629165256030e-01 -5.449719650919125913e-01 2.710129934283923570e-01
6.700596890750605272e-01 -5.420467827567413410e-01 4.441429244079350136e-01
5.281311014105287693e-01 -4.846450020287202398e-01 6.409507320999944247e-01
-3.997774616318767738e-01 -6.429623250361253817e-01 -4.580130601786984168e-01
-8.125015617111089883e-01 1.801013302193386900e-01 1.686145821198920536e-01
-6.761471983495400684e-01 -5.580421735878763334e-01 -3.946169427339599189e-01
-5.080118768884951397e-01 -1.890219002882772836e-01 -7.701076592088507144e-01
-5.577943863424442705e-01 -6.735192908670952772e-01 -2.489384948378866591e-01
-7.346085001613351650e-01 -4.318479082543216219e-01 -4.387357656269457729e-01
-7.650608398831880708e-01 -3.068521815131646235e-01 -5.033985562271879877e-01
-5.237924264525609663e-01 -4.505024185272136217e-01 -6.156446868139876516e-01
-5.824049375475298662e-01 -3.783754862891235971e-01 -6.300728557141780373e-01
-5.786886747291195565e-01 -5.048254829186740178e-01 -5.407808847450465972e-01
-6.673590795542421183e-01 -4.184751875507396468e-01 -5.427644951026345810e-01
-6.184389532029933578e-01 -2.679292845998818007e-01 -6.574312720540880228e-01
-6.873694827701206655e-01 -3.335904912214624485e-01 -5.685610927821378446e-01
-6.076946639905633774e-01 1.337833707407126184e-02 -6.406552101724622972e-01
-4.462329945896474359e-01 2.594518504873492004e-01 -6.067779273591559219e-01
-6.866199830390941061e-01 -1.913626668356108174e-01 -6.273297055038991044e-01
-7.665433477421639274e-01 -8.613985390534235898e-02 -5.718375079551268891e-01
-7.599368521636584717e-01 -5.436372369379633973e-01 -8.200993962957148220e-02
-8.316869387350078746e-01 1.514681029346930385e-01 -3.516050537981222357e-01
-7.681895623938850282e-01 -4.416318086801416243e-01 -3.163319841269291999e-01
-8.995875948505840380e-01 -1.039892702241088235e-01 -8.536789764707601591e-02
9.027847264091880541e-01 -2.756671282088278829e-01 2.829735323096612687e-01
8.738956676207669805e-01 -3.055631306185430107e-01 3.404721651956117978e-01
8.226042369895807393e-01 -4.403254068516519459e-01 3.123186803182954607e-01
8.620078911625844720e-01 -3.842064288701626529e-01 2.796204561857309479e-01
8.491848692252650377e-01 -3.596649875223996151e-01 3.564019342143390223e-01
8.209755617810423622e-01 -4.844389232958519198e-01 2.242325936986708512e-01
9.178654570714295247e-01 -1.236889464071972977e-01 1.524927734232520427e-01
8.013146823971866173e-01 -3.962824258784591325e-01 4.156780007427974821e-01
5.776702689415572634e-01 -5.263130718004862540e-01 5.685732552953851604e-01
2.952985045546053233e-01 4.926152735829579174e-03 9.158180241749224182e-01
3.215266862578985974e-01 -3.895381687606190302e-01 8.237847708213279496e-01
5.181354325143741058e-01 -2.854590313029146120e-01 7.583535478230328808e-01
1.267160180503613953e-01 -8.167723894612327618e-01 4.006392683695778056e-01
5.627757641719537407e-01 -7.008383198340142339e-01 -5.558557664134355925e-02
4.720918843201301618e-01 4.453077337376122879e-01 -3.927139034918357696e-01
-5.799688690313054007e-02 -4.132233543075208293e-01 7.862659280880640589e-01
5.323911560948281219e-01 -6.896436502175439243e-01 3.947272167910370055e-01
4.079235302660307316e-01 -5.580895770425541302e-01 6.400835192171574484e-01
-9.910970586692426088e-02 4.062320350352480181e-01 7.120794367353955323e-01
9.112201770834984504e-01 2.437673852533345786e-01 -2.749933278744425835e-01
9.340048468080477395e-01 1.626867170747034186e-01 -2.449091198572121431e-01
8.944728322630439710e-01 1.875419340529310142e-01 -3.579998480138471550e-01
7.609302915333506778e-01 1.338044455288116552e-01 5.720560826380629571e-01
7.673130570576321974e-01 1.247290678990561341e-01 5.686870490171662684e-01
9.244069932094187703e-01 -1.148840721338611204e-01 2.069172875455123073e-01
8.997207111864026219e-01 -2.507672477975030345e-01 2.996110299194498783e-01
8.594037238571881065e-01 2.185497637400622417e-01 6.353156681400380645e-02
8.127305950046260774e-01 -4.869067528441239356e-01 2.047623997970384468e-01
8.030700069613699865e-01 -4.895001887977043498e-01 3.059563010370200398e-02
9.271216919706389836e-01 -2.351225938031119289e-01 7.940657181966535860e-02
-8.194586838185254907e-01 5.232669662331748128e-01 -1.783682525752416370e-01
-8.098093225732952982e-01 5.560614209984605649e-01 -1.161182369370729606e-01
-7.876625241480067485e-01 5.631418653237326710e-01 -2.119447378758069489e-01
3.823471593158639936e-01 -1.352265726740694007e-01 -8.435421901490308683e-01
-9.058298480028087463e-02 1.256356428567682315e-01 -8.824483878119208091e-01
-5.212760262419658952e-01 1.934105925204578635e-01 -7.221742997370607098e-01
8.627513803106470203e-01 -3.253475922565660650e-01 -2.031949281456280065e-01
7.034991587142809255e-01 -4.043541535752990246e-01 -4.785693133804639343e-01
9.319013501501386409e-01 -9.574341707773548205e-02 1.128696510895962068e-01
7.014691526905829644e-01 -6.155267128448520531e-01 2.170363188693902878e-01
8.459737782068398326e-01 -3.845623322051274773e-01 -7.447338963006067125e-02
9.063296410205321507e-01 -2.312204371794799318e-01 2.938718172722969979e-01
8.181034735981884687e-01 -4.734293636806958805e-01 2.111229670704550809e-01
6.808956758130200182e-01 -6.664571363240389124e-01 -3.474486866313122174e-02
7.526420119307462020e-01 -3.400062714578344636e-01 5.365936734052951795e-01
6.395753273555168095e-01 1.083873326691444788e-01 -4.364440701350684182e-01
7.580698108240029320e-01 -4.935847739815053536e-01 3.666890263131837857e-01
5.853187310250720365e-01 3.379308487797750837e-01 2.688433606491189565e-01
6.215392113656160733e-01 -5.932260175193712071e-01 4.214191834471682219e-01
8.925017083308807164e-01 2.806748451961108004e-02 3.408042855489408773e-01
4.596388906936157981e-01 -4.905027390723063485e-01 6.453211232117808116e-01
6.415036951140947741e-01 -4.463429837679237511e-01 5.716734311496756149e-01
5.231616721459003694e-01 -1.336673469072051090e-01 7.306871374737031744e-01
-9.547980052685092200e-01 2.032576512262644283e-02 -1.954771506348146615e-01
-9.284166006457558185e-01 -1.056901742887301626e-01 -3.087801825305579451e-01
-8.744260388700613174e-01 -1.723379188396515216e-01 -4.130601414929603865e-01
-8.485280997945393588e-01 -1.357378806108658631e-01 -4.668442567407966592e-01
-8.157718792709127698e-01 -9.543850802718971404e-02 -5.072010918129735701e-01
-8.429279179805428956e-01 -1.885237266227653974e-01 -4.530111911952008352e-01
-9.038820419368480685e-01 -1.986460210631371959e-01 -3.330472831734948014e-01
-8.961319612227397480e-01 -1.732188471132881380e-01 -3.766459676509735233e-01
-9.182045892123914532e-01 -1.692826192197052215e-01 -2.550839959661133638e-01
-8.611686548212941217e-01 -2.522019546739623919e-01 -3.680704178252142689e-01
-8.470061411350868763e-01 -6.591523274343711117e-03 -4.716051549389855824e-01
-8.990104082113209438e-01 4.217239385931191575e-02 -3.586225104796103014e-01
-8.926969162448559203e-01 -1.175387138839305151e-01 -4.032597358735939830e-01
-8.752845248313330107e-01 -1.327278023574282040e-01 -4.283631068725469726e-01
-8.978864753422299838e-01 -8.916808062721191808e-02 -4.073649563605263313e-01
-9.025992996018521453e-01 -1.331643257979458206e-01 -3.752106305457439395e-01
-8.806318878625716273e-01 -7.724703264228514887e-02 -4.404575327011911456e-01
-8.858876742599138820e-01 -2.468423852680936420e-02 -4.093797589998201536e-01
-9.111901676402764938e-01 -9.856259893417051998e-02 -3.681740651991108337e-01
-9.237095450121687312e-01 -6.014924177889566931e-02 -3.334581697259497712e-01
-9.101845097072249757e-01 -1.400174917300486266e-01 -3.364675971510810437e-01
8.001946552380621025e-01 -3.776058368440972091e-01 4.420297691033728826e-01
8.800828558000156621e-01 -2.955925057759495322e-01 3.340145602435101724e-01
9.084042661802189667e-01 -6.543360510137917474e-02 2.653051737862106574e-01
8.218154227956635527e-01 -2.335599243577671236e-01 4.987029898339864764e-01
8.985305363444979765e-01 -1.980817546887826686e-01 3.544861825831485680e-01
8.361536218624971983e-01 -3.551876104256894151e-01 3.875706316904013460e-01
7.787502263371728350e-01 -2.541113438745195574e-01 5.436840051553158970e-01
8.707395472464644071e-01 -2.531857901520790377e-01 3.940228349882697878e-01
8.577610664592667522e-01 -2.180860959313301595e-01 4.381927868281310645e-01
8.432317366019521643e-01 -1.932681337164214586e-01 4.822536000811211698e-01
8.431158452677015580e-01 -3.027269863326630950e-01 4.216166830956769584e-01
8.157425693894658769e-01 -3.223856148519837483e-01 4.600629851319635311e-01
8.387840326665415569e-01 -2.618474925191627833e-01 4.494186579681809235e-01
8.070461085772280274e-01 -2.842883380291817419e-01 4.881470584704583615e-01
8.142633885553792750e-01 -1.176428101109028429e-01 5.153439710226406234e-01
7.641593755572189117e-01 -3.077087104518364535e-01 5.320667253869769686e-01
7.406851607880128308e-01 -3.687354133678660273e-01 5.180325236277925072e-01
-9.100076353340241786e-01 -2.240099580112491218e-01 -1.331329321828563228e-01
-9.223201320762554056e-01 -8.657879924250251602e-02 3.007484462911397260e-02
-8.193921489753752674e-01 -4.244045021535927109e-01 -2.552090351410850610e-01
-8.628868929733309878e-01 -3.730450698707519219e-01 1.271155983242528986e-01
9.680200314293647690e-01 1.144258145469315147e-01 9.990042146769448350e-02
9.163191225338258583e-01 2.950636972079269671e-01 1.366971094240460594e-01
9.395979086533640112e-01 1.688686182630977917e-01 2.255121882617434348e-01
