-7.902413546454304383e-01 -3.125710576477354619e-01 -3.828366092938704224e-01
4.636852892200424847e-01 -6.742524748250237066e-01 1.542909561693362741e-01
-3.761466795268069707e-01 -4.825465548449696662e-01 -6.433050294415133541e-01
-8.957445165392310393e-01 -5.952176454192688315e-02 -3.870428536658613305e-01
6.853347337793087579e-01 -2.358392936836805343e-01 5.846428064145394732e-01
8.514493125785136396e-01 -3.136825292011000688e-01 2.730261142174278399e-01
-8.332073928171028765e-01 4.685232338045384748e-01 -2.115199670422720502e-01
2.080355121198905477e-01 -5.992903538044296319e-01 -4.819814755377007653e-01
7.208254861967222649e-01 -5.353171895528407997e-02 6.009391720391117353e-01
5.321529038353083330e-01 -1.312701793066779754e-01 7.781943135463924577e-01
8.825643073229376689e-01 2.838368413987839289e-02 -3.755039246532131947e-01
8.582612709927293082e-01 -1.528925144139824943e-01 4.007683194114626257e-01
7.720041648668722889e-01 -3.246192402491733242e-01 4.404279757507301718e-01
-3.301525437913123695e-01 -6.839550939683457509e-01 -1.285799057520718158e-01
7.736002217967103967e-01 -3.921040032375724960e-01 3.590298770119848548e-01
-8.269431646689074933e-01 -2.732446875900882421e-01 -2.956278856505489827e-01
1.910689395763790488e-01 -5.565489978137116989e-01 5.842125721145982054e-01
-8.462327928327082471e-01 -2.157489647599913352e-01 -4.036653771553593284e-01
8.333904384179907643e-01 -2.746326800801248691e-01 3.934719391983855785e-01
8.345926726991357292e-01 -3.821737950450151411e-01 1.676522608540983450e-01
-7.798688624102572131e-01 -1.909690642636251157e-01 -5.221936907428530450e-01
-4.234495816777333332e-01 -4.695380923034596088e-01 3.379913210041334826e-01
7.567753314741962889e-01 -1.818342798223396006e-01 5.600208384475567902e-01
-3.819658325136549570e-01 -3.822251790730848975e-01 -6.987279838526622155e-01
6.486030313662966007e-01 -3.176960888007837602e-01 6.184204998166686895e-01
6.898025680886762379e-01 -4.312945469973198387e-01 4.389469529692007765e-01
-6.397957064627973756e-01 -3.990707448142309932e-01 -4.614300208335320730e-01
8.246797723468276553e-01 -3.730484114032991405e-01 3.081970474433106122e-01
3.490422390352740933e-01 -6.152976449384698343e-01 4.545101153552986162e-01
9.094878033508062565e-01 1.866675405387394071e-01 -2.902689241906634687e-01
7.605279585043261958e-01 1.244054629501955833e-01 5.782703565356135389e-01
8.594660252446724158e-01 -2.643418808838245981e-01 1.847691506355962632e-01
-7.857629684350178056e-01 5.593114543650933301e-01 -1.635105611336438169e-01
-5.399821346311950432e-02 -1.528211108646435334e-01 -8.280688091052659239e-01
7.796137045024439383e-01 -3.743655951637434032e-01 -3.040545877368603933e-01
6.674097947962527311e-01 -4.605306302517297445e-01 3.444677304267688145e-01
-8.710901743939487574e-01 -1.530661864828870566e-01 -3.902592138380147069e-01
7.923128803542907050e-01 -2.688970340720908681e-01 4.426390385037850539e-01
-8.321022757639489065e-01 -3.281188427237187732e-01 -1.042328255591614544e-01
9.376270167065676731e-01 1.668499433813490362e-01 1.584833418172543751e-01
