8.424319267429872804e-01 -5.162588487561224904e-01
8.120155969625423298e-01 -5.567836596553753514e-01
8.564705693031438027e-01 -4.927309071577829491e-01
8.986465669661685141e-01 -4.241977022892528537e-01
9.350602146555716532e-01 -3.112356199382079192e-01
-4.500940643884138725e-01 8.490697619576165200e-01
-6.865214041114655608e-01 7.079844611379622066e-01
-1.462859539180945134e-01 9.255669186966377637e-01
-5.600432571461536613e-01 8.018270212815369336e-01
2.272366871028806135e-01 9.026216813532333960e-01
2.973424798116600792e-02 9.400162281424658817e-01
3.575464085911561063e-01 -8.664197095163556073e-01
8.106929926440868961e-01 4.858141948735332782e-01
9.833935229429833225e-01 -1.221002787336835232e-01
9.667110774824841934e-01 -1.991717910911795786e-01
9.370834998229800039e-01 -2.800673642111214390e-01
7.807080320123710448e-01 5.630419344561240491e-01
9.663443905889782526e-01 -1.714671565553780863e-01
9.869314779208242516e-01 1.084270676499182653e-03
9.856771710031283495e-01 4.206398204087537229e-02
9.555742931629482850e-01 -2.373605794675775205e-01
8.954477529696732718e-01 3.791418836075161614e-01
9.485918943928216551e-01 2.391708210081406327e-01
9.810944337476610322e-01 -6.913339687371097830e-02
5.307446319785368294e-01 -7.302830725786224608e-01
9.658929558600720666e-01 1.739431151429743638e-01
9.792004229642193858e-01 -9.142385250512420625e-02
9.858566741458737459e-01 7.461911541397857339e-02
9.763065637625293336e-01 9.822215678864047728e-02
9.758302084842660484e-01 1.428804742293603713e-01
6.480348541377447535e-01 6.810943602076711123e-01
6.165539878934429563e-01 -6.965710601515544553e-01
9.882231594762149740e-01 -2.317301045408038176e-02
9.279681917387463397e-01 2.902985599821011342e-01
9.851940755533530325e-01 -4.850095321130498682e-02
9.667468694360362713e-01 1.173263688145565337e-01
9.428552980470409350e-01 2.056358970916858653e-01
9.028012246150783904e-01 3.243368191510777043e-01
9.820277596734561243e-01 2.101211669098972459e-02
9.668561435928908487e-01 -1.433426246319121078e-01
7.132131347834407276e-01 -6.937532478207493192e-01
7.886056893792877664e-01 -6.091155089535733591e-01
7.451164034110763223e-01 -6.634233712461946597e-01
7.514347946914448073e-01 -6.549011792014607369e-01
7.573898510556560382e-01 -6.473445316915942271e-01
7.983661593911135501e-01 -5.943869686008459441e-01
7.749338572769329803e-01 -6.277603753382681173e-01
7.802145332404140099e-01 -6.202889846005746888e-01
7.647661990666144716e-01 -6.418899720852776491e-01
8.105721629740397782e-01 -5.807200604780571318e-01
-9.796341651231993408e-01 -5.022542448807960219e-02
-9.138415389345815321e-01 3.870996675047940760e-01
-9.847607324430022180e-01 6.363689201035727105e-02
-9.321240296304096340e-01 3.327747778064505946e-01
-9.567425326521120654e-01 2.564295505592724123e-01
-9.815733807351925133e-01 1.266810700132355583e-01
-9.790470820307414224e-01 9.784762035177227424e-02
-8.659273438023291636e-01 4.908762155077985301e-01
-9.832256069989980807e-01 1.718520998512448189e-02
-7.013105176491503112e-01 6.916879866046431458e-01
-8.277556131447276755e-01 5.514510704028983135e-01
-5.724694351050906294e-01 8.067278352981976930e-01
-7.802344910295495595e-01 6.127191568940055788e-01
-4.993059199832013406e-01 8.243092521078354551e-01
-8.056224879810516271e-01 5.829030576417479903e-01
-6.101781704314727106e-01 7.770751527134548420e-01
-9.112973167119591267e-01 3.980699504795864319e-01
-9.759052387738550438e-01 3.705374923921445074e-02
-7.226590655441481603e-01 6.793618177079173703e-01
5.465906060086253015e-01 -8.344082075117396080e-01
5.640225277586925490e-01 -8.232946189909494672e-01
5.936690863288586195e-01 -8.022629064314483749e-01
5.784799741260752137e-01 -8.134696064671350646e-01
5.714932927165246035e-01 -8.186167109264487207e-01
5.864068156109302210e-01 -8.080631391700955346e-01
5.266382316283254594e-01 -8.468320875332968622e-01
-1.439632024092085960e-01 9.802298750917639580e-01
8.988955963904823321e-01 3.449566275534008963e-01
2.527475789682852025e-01 9.363121593061846104e-01
-5.106781713614575446e-01 8.185724259082297616e-01
7.626235312394148425e-01 5.947132221734202639e-01
7.081906014947568773e-01 6.602095045199068979e-01
3.330295760058213372e-01 9.013569359104204315e-01
1.243989186005514946e-01 9.452471670440358853e-01
7.879683302256973443e-01 5.267871313223786434e-01
6.325090336256602441e-01 7.304275362484514700e-01
6.473246796097266165e-01 6.673779395042879203e-01
5.218712865249583999e-01 8.029713536384194272e-01
4.787747345896440354e-01 8.415126641174798250e-01
5.871345132664735900e-01 7.786776396935503053e-01
4.020791973344622350e-01 8.634397778865390283e-01
9.443253406045547527e-01 -7.701593047429972083e-02
6.235057630780670157e-02 9.561036537097837851e-01
-2.976952179420748190e-01 9.030453925053852915e-01
1.842999034440348238e-01 9.358750873264009007e-01
2.815768914614915075e-01 -8.433184526884269783e-01
-3.863101346344416376e-01 8.882821710135201387e-01
-2.578583111407071332e-02 9.755574353689097089e-01
-9.836515065446005401e-01 1.183935455488189653e-01
-9.853145217151981772e-01 4.369167166434544808e-02
-5.549074336384038908e-01 8.000074302467833354e-01
-9.517069350948760276e-01 2.903640757679770146e-01
-9.437829331034689462e-01 3.122192133176847628e-01
-9.393030695989946777e-01 3.290449135224515764e-01
-9.746636971025778307e-01 2.049347275006544455e-01
-9.755296761313355658e-01 1.817036760924118921e-01
-9.610746316655752741e-01 2.513316953728078063e-01
-9.840264003867319476e-01 8.365262180496974009e-02
-9.803507998425140535e-01 1.729284744594274947e-01
-9.869677369692471114e-01 1.323149218964393692e-01
-9.850180297246914352e-01 1.470737969050101845e-01
-9.892720528347613840e-01 1.051036253362417766e-01
-9.824160298849543560e-01 1.574356640353663794e-01
-9.789578679203263523e-01 1.862180631130340713e-01
-9.907878678307002751e-01 8.620779961365503119e-02
-9.650234626692558715e-01 2.455525943566657099e-01
-9.851446514174799773e-01 1.180300286756006123e-01
-9.903738876592117490e-01 4.620848193897431760e-02
-7.059685919214931937e-01 -6.784004711289973732e-01
-7.747378947462723042e-01 -6.136640561705347663e-01
-7.184410359178828864e-01 6.750193950941462129e-01
-9.016887790954613013e-01 4.229864488812680734e-01
-9.118079360340389794e-01 4.039556506315922779e-01
-5.841235914842074495e-01 7.910736109750515777e-01
-8.794768211026179339e-01 4.666822783077649861e-01
-8.611605082168756198e-01 4.953275205793086222e-01
-9.816647381825730490e-01 9.656958699222427389e-02
-8.958599960660122985e-01 4.274402570345249286e-01
-9.852409404415690686e-01 3.427735142666446522e-02
-8.073032759437054340e-01 5.832242713422721714e-01
-9.701585210165162287e-01 1.944279991274651398e-01
-8.286688914623920876e-01 5.492343578154511574e-01
-9.165279376282297052e-01 3.868455301452848327e-01
-8.898264949798376788e-01 4.442925866705071392e-01
-9.302237207646407713e-01 3.568768389836185495e-01
-9.346732741654302234e-01 3.243865882463446981e-01
2.987878327278119528e-01 8.962727274138396760e-01
9.365945079515200500e-02 9.470385898503573818e-01
6.045125568534591709e-01 7.349013234145366225e-01
4.562381923525397620e-01 -7.950884855224764625e-01
-5.537186848769417580e-01 -6.979286365378245538e-01
-1.701222813826879510e-01 -8.577879591150892047e-01
9.203989362625150106e-01 2.302876704166202937e-01
7.389289581232537651e-01 5.903308668373068446e-01
9.632325403284927035e-01 -1.460168490985868928e-01
9.475018851330739844e-01 1.276826573275354204e-01
9.006776926435157149e-01 3.442381482813235971e-01
-8.975034636863087334e-01 4.369144146957499864e-01
-7.810742908516964400e-01 6.179540718368962127e-01
-9.807014226932048162e-01 5.397704979793613300e-02
-8.637572386434237970e-01 -3.893632535486289403e-01
-5.781342966485615298e-01 7.963324520344770008e-01
-7.293943141621376247e-01 6.620538092304216748e-01
-9.497205819882034161e-01 2.953965148587491818e-01
-1.020569706846782415e-01 9.244621851463935558e-01
-6.948754678097437409e-01 6.922165661221901800e-01
-9.118569859935909960e-01 3.945093054535502297e-01
-8.045460224726861398e-01 5.769890971151179215e-01
9.361191650433349221e-01 -3.252046488921568335e-01
9.521844833762779237e-01 -2.060952755124551561e-01
9.660112639141541502e-01 -1.438953149648329877e-01
8.351954969492381142e-01 -5.416537938447048006e-01
4.303144777011057576e-01 -8.629275313746652687e-01
8.149214324022031608e-01 -5.526483409609749264e-01
9.120987826658225606e-01 -3.852656535437023466e-01
7.256903139340934450e-01 -6.613502594441272864e-01
8.529681222076486158e-01 -5.025325504995820092e-01
8.945026733969045907e-01 -4.122966266927060586e-01
9.446695738220671767e-01 -2.706640243902275200e-01
8.878918376863059736e-01 -4.385886558695302195e-01
7.418911117386636223e-01 -6.391433555191549098e-01
4.991739093259833782e-01 -8.266003500187493191e-01
6.914725663055680815e-01 -7.017238684861792919e-01
8.592484762819712074e-01 -4.820847964159414301e-01
9.409837396527720443e-01 -3.024731008386009057e-01
8.448346023930226600e-01 -5.177375283362776193e-01
7.977955923584544307e-01 -5.791667819962970087e-01
6.517156584086213345e-01 -7.397503726421102987e-01
-9.432935896351922755e-01 -2.590610605845422021e-01
-9.715805032908918504e-01 -1.324150875664638349e-01
-9.740395960481421644e-01 1.372138308439975127e-02
-7.979974081131180341e-01 -5.408374960167777745e-01
-4.260404706737437319e-01 -8.176030448144199214e-01
-8.673230120682040578e-01 -4.086734703411497582e-01
-6.482604193334899900e-01 -6.676706253092884458e-01
9.376843535008040353e-01 -3.172647805397125209e-01
8.816504683696679834e-01 -4.651267127793599077e-01
8.421893505535074098e-01 -5.245542499830441185e-01
8.950681208638867625e-01 -4.304511994871770830e-01
8.593789690191289132e-01 -4.997072282730455894e-01
8.666550332427770398e-01 -4.860177253576610235e-01
-8.076413115925505926e-01 5.825107029626396260e-01
-8.825398053927647757e-01 4.642801413802434829e-01
-7.251416834788031451e-01 6.744225291724565974e-01
-8.605844018717972999e-01 5.033312264107890899e-01
-9.708453322696181109e-01 1.903930831425689751e-01
-8.963933504895014170e-01 4.335381373734495947e-01
-9.108310181567810249e-01 3.974022863655262139e-01
-4.635789211069822335e-01 8.530011952622978955e-01
-5.546807126390214115e-01 8.108232855314908560e-01
-5.949821418196438172e-01 7.815382096579389648e-01
-7.062460277027299282e-01 6.884202096677022320e-01
-7.441865643272397302e-01 6.580115114539618615e-01
-9.584808246207113802e-01 2.534781816895314566e-01
9.475661337661811512e-01 -2.990444882997666531e-01
9.362435506788704398e-01 -3.260547206574894719e-01
8.555750464824001256e-01 -5.077394114410859194e-01
9.243413022649847877e-01 -3.666338383771024501e-01
-2.513341527615174931e-01 -9.467664972340903429e-01
-4.522721046071376816e-01 -8.494973506598963997e-01
5.732275489537068669e-01 -7.509106671071185124e-01
-8.063636147800540277e-01 -5.163994991405125301e-01
2.336626905694302314e-01 -9.395972787500797008e-01
4.189223148157413257e-01 -8.675804376784491678e-01
9.234091223874971721e-01 2.716068603759071443e-01
3.911225135328518648e-02 -9.486814382229078468e-01
-6.369434277695440461e-01 -7.612580055005276902e-01
-9.297399810849760193e-01 3.586200711033851185e-01
-9.362497843849586499e-01 3.379187922135010180e-01
-7.181562499970488567e-01 6.791497015162244466e-01
-9.176410694417163061e-01 3.875259931624076559e-01
-9.520200943713781339e-01 2.889658005119580819e-01
9.750925077983618738e-01 1.400260588172221043e-01
9.847791293404549728e-01 -2.347322917389425140e-02
9.900853189373688412e-01 2.477034238395735624e-02
8.890766573335676659e-01 4.106791188141795113e-01
9.775144690833854622e-01 -1.231339797576648937e-01
9.312444985115128082e-01 3.033363526619053951e-01
9.764794060096246842e-01 -5.170042737764631718e-02
9.827149507467582978e-01 5.585307923550298509e-02
5.289869622976280938e-01 -7.741045497273449927e-01
7.860452503021938542e-01 5.362209482664201943e-01
9.818749417768545262e-01 -1.559628875361100675e-01
9.587938946514137362e-01 -2.524382486582327778e-01
6.560892468527009802e-01 6.685286719974390390e-01
9.806713533886858292e-01 -7.230102797792694724e-04
9.801914691572920502e-01 8.241368181268234061e-02
9.694939650001612730e-01 -1.769932458492739225e-01
9.678899951588777473e-01 -2.100029724742488169e-01
9.792918940981584219e-01 -9.990001800943426602e-02
9.319175621320950897e-01 2.608741412749206456e-01
9.763747299667565605e-01 1.061407265442380482e-01
9.533057456557170184e-01 2.189668342583037386e-01
9.539912750973060795e-01 1.592023253079578593e-01
9.564087666112562891e-01 1.870214002605533055e-01
8.920002412882563902e-01 3.430258145843031459e-01
9.806552544812434657e-01 -7.659592122194554265e-02
-9.789541094092218954e-01 1.858598564508507633e-01
-9.898633447514291195e-01 9.115420622729542011e-02
-9.872080340456829139e-01 1.046005219491225047e-02
-9.414108910695723198e-01 3.244077248644972600e-01
-9.876688669719393410e-01 5.560591002931999927e-02
-9.718994942694606509e-01 2.049067851672945750e-01
-9.138732749876004036e-01 3.864634530452227268e-01
-9.815517966938981376e-01 1.661627513268163769e-01
-9.841458383383682174e-01 1.235242376703148404e-01
-7.986040851961239140e-01 5.892835205843842683e-01
-5.744462807831134388e-01 7.795515899136351567e-01
-8.592029432781195242e-01 4.974560624235777606e-01
-9.112245009160846454e-01 3.972754086319554845e-01
-7.132245922749974598e-01 6.732302273505627044e-01
-9.741329460500419701e-01 7.549518990517894990e-02
-9.760006989779349551e-01 -3.857604332738748254e-02
9.588769697952570503e-01 -1.233129820092959267e-01
9.116722350575506839e-01 -3.811693491202760020e-01
9.742641748678396718e-01 1.016374628082857556e-01
9.538215641346088347e-01 1.907879955473223699e-01
9.254615781570467714e-01 -3.254301146287807978e-01
9.793559499039704574e-01 -5.466839049330055045e-02
6.377153347317421339e-01 -7.273039663490602491e-01
9.591916312252375398e-01 -1.770552863848240399e-01
9.648125511265935872e-01 -1.557494049456244201e-01
9.545289160719535593e-01 -2.255923073088820785e-01
7.188250018632208471e-01 -6.446471077658847415e-01
6.732430342213312491e-01 -6.764271230774732135e-01
9.739427102037364614e-01 -6.022510498021326451e-03
9.280419730778564080e-01 -3.020080152431237064e-01
9.376437581414388545e-01 -2.804673801385706433e-01
9.644919747891051998e-01 -2.054665242054962149e-01
5.568927888453309993e-01 -7.920011621471721996e-01
9.826460842471316237e-01 -9.373120491476966132e-02
8.490781358909412768e-01 -5.019368573599933825e-01
8.193179485021263586e-01 -5.281042713017277679e-01
9.513500038826744332e-01 -2.639697610882565937e-01
-9.594139017732880026e-01 2.541595951378051166e-01
-9.112928267279930550e-01 3.975717543621987704e-01
-7.832388857926774195e-01 6.113715843170990372e-01
-8.047217564064175210e-01 5.833744310791383336e-01
-1.185114433963717767e-01 9.437469709555033059e-01
-8.294471628988431267e-01 5.509899311667304511e-01
-7.239850121495225999e-01 6.695144540133141087e-01
-5.805192809364723150e-01 7.913215698273889931e-01
-6.265617450241056652e-01 7.454174593908319268e-01
-9.927731580658986088e-01 6.167169386452280716e-02
-6.205189669417831011e-01 -7.434386671909168909e-01
-9.516970311761535628e-01 -2.375472362326289111e-01
-7.233935530790721602e-01 -6.143671546460180988e-01
-8.881437709965874783e-01 -3.731915023020878075e-01
-9.783602212483093474e-01 -7.997032007004013787e-02
-8.295060009315728955e-01 -4.846704646231125291e-01
-3.882564452523317167e-01 -8.359575578284195174e-01
-9.560108259875726988e-01 -1.565847872089976278e-01
-9.861675509984985100e-01 -2.355725371911313298e-03
-9.592187320027617536e-01 -2.710319558598201506e-01
-9.656799361003460813e-01 -2.401799149852378856e-01
-9.501302518829009003e-01 -2.994145282937118457e-01
-9.690185905788311072e-01 2.225139331043858026e-01
-9.686189266683672416e-01 2.250781649800457918e-01
-7.213304721082270943e-01 6.711688962675330661e-01
-8.004704748032156481e-01 5.887087047738639445e-01
-9.756361033388679660e-01 4.094567798739690012e-02
-8.316090339336826287e-02 9.286660204064518531e-01
-4.853648923730590758e-01 8.328955026457559585e-01
-5.824582744777527799e-01 7.876425310815106107e-01
6.990443626825666446e-01 7.115428343553655832e-01
6.814481283089138808e-01 7.284017206674473499e-01
7.181330587772422058e-01 6.933705785747148465e-01
5.940155533044259029e-01 7.733003369419640949e-01
7.880739976689773441e-01 5.549612507737911038e-01
9.485567812821750211e-01 2.308319808744194734e-01
-1.913790783112713154e-02 9.492294616129757223e-01
-1.759552798163340759e-01 9.582614481165894205e-01
-7.999778696232445752e-01 5.856434392540037503e-01
-4.802584441896903811e-01 8.443194994783048690e-01
-5.619125751015158210e-01 7.981069605346825524e-01
9.694608716692275363e-02 9.548218120584430757e-01
-9.671310603407261564e-01 -3.801436900151011072e-02
-5.545262357133749070e-02 9.627089826051214994e-01
-9.744155257218597432e-01 1.863228649878780063e-01
-5.003202844519648584e-01 -7.192574594345023664e-01
-1.801749042883372121e-01 9.379372391909908124e-01
-6.671204207779738438e-01 6.996928595630800274e-01
-7.088448977339331103e-01 6.836222495806025812e-01
-9.828706227295754827e-01 6.416016976006462535e-02
-7.327371748620277181e-01 6.567141276867533017e-01
-9.114676072833811649e-01 3.901618236612309221e-01
-9.481472608962271398e-01 2.531130731024751057e-01
8.934878973715866257e-01 -4.430062092455374634e-01
8.470470849133698854e-01 -5.261630067031155544e-01
8.489513948592406489e-01 -5.194794427115753122e-01
8.250746521957325053e-01 -5.535027208849294666e-01
8.695214731774597583e-01 -4.828980013460262843e-01
8.589567028363777057e-01 -5.017231819779114366e-01
8.991593087073912471e-01 -4.257827227194749264e-01
8.387259062871775805e-01 -5.382316022124966626e-01
8.763648947561664126e-01 -4.706552751404058377e-01
8.659274680422544002e-01 -4.880241836824597002e-01
8.813111386305267914e-01 -4.621180927876719080e-01
9.119052037225350293e-01 -3.906836104209776006e-01
8.632954182485661487e-01 -4.980864184393062888e-01
8.418157551310302411e-01 -5.310637942989967497e-01
8.576774589174271934e-01 -5.100781815153242471e-01
8.531296843407659702e-01 -5.151825192198296044e-01
7.416507480597271940e-01 -6.572812720758244298e-01
8.155200197720962052e-01 -5.666127770504527650e-01
8.057124578175106633e-01 -5.831685906473227377e-01
7.595465291248820749e-01 -6.374832478157965721e-01
8.307743575826863625e-01 -5.456586912787012578e-01
-9.852361925939572274e-01 6.914760105313326466e-02
-8.128607519917797619e-01 5.729575537259852247e-01
-8.957832689115934333e-01 4.335033607973504677e-01
-8.706589548592361671e-01 -3.811050241816145712e-01
-7.227841064926583403e-01 6.784782781834541865e-01
-8.681371436750449089e-01 4.880402011540976304e-01
-9.552610124545219961e-01 2.579597021610532948e-01
-5.826815897857302584e-01 7.848835425167041135e-01
-9.707120625271403735e-01 1.931265053365382178e-01
-9.213147911321023509e-01 3.808737021657888633e-01
-8.566975629641346845e-01 5.076653665235898449e-01
-9.140786757928689443e-01 3.956504568896521690e-01
-8.850072168909945969e-01 4.538181694046684589e-01
-9.061808622558523707e-01 4.063542640565762643e-01
-9.739463441707962854e-01 1.333774407543312883e-02
-9.708526968017919812e-01 1.150456190541258583e-01
-7.792486353410391642e-01 6.074893568947389300e-01
6.746957524494201497e-01 -7.055966302354554909e-01
8.210677781977810952e-01 -5.427475359956976941e-01
7.250365396206767121e-01 -6.632187846347659121e-01
9.651780686361688399e-01 -1.900643539102786772e-01
-6.275305095062770899e-01 7.738287103267351696e-01
-6.638344520869138288e-01 7.430486016003122751e-01
-6.064323027167271007e-01 7.899963986189535436e-01
