-4.856120343772640791e-02 7.606194928972962940e-03
-4.787472177198502654e-02 4.361988825266142553e-03
-4.766757064351839768e-02 2.123555610840406095e-03
-4.950679182352304974e-02 4.863613481381594446e-03
-4.587712898296159025e-02 2.782114470369070544e-03
-5.153988129521845651e-02 4.048585281602564562e-03
-5.144649847205172433e-02 4.077378291232164678e-03
-5.205578304858296534e-02 7.987217833445128465e-03
-5.017234086983387437e-02 7.748600750140706948e-03
-4.992906796968349381e-02 3.236734548864461485e-03
-4.824678541546451038e-02 2.791126613500716051e-03
-4.926186890856326661e-02 3.005891675806476437e-03
-5.116974897131594535e-02 4.602319967161521558e-03
-4.990481570733232980e-02 6.503646638770709150e-03
-4.242313621895237724e-02 1.064707981446005002e-03
-4.547706431923034809e-02 3.740806662683166320e-03
-4.871477892422086675e-02 2.754346254991922073e-03
-4.953512168772537111e-02 3.125658692000920884e-03
-3.993256058135465775e-02 -1.338300287501101868e-03
-4.545259864557905233e-02 3.013082174657850075e-03
-4.732801866643897987e-02 3.182373244748073864e-03
-4.859551776932424794e-02 3.825499013644299666e-03
-4.198823456313718894e-02 7.476961628042824845e-04
-4.834947560740587846e-02 1.292582026986720169e-03
-4.732313495597404579e-02 5.566245747609275749e-03
-4.560794628541545159e-02 -1.795716889484506168e-03
-4.301067632410127128e-02 2.717770675875193047e-03
-5.005986478163740316e-02 6.929750080845812829e-03
-3.786586892198418042e-02 -3.052278993355059082e-03
-4.829855608560507801e-02 3.018495356881349938e-03
-3.776328065688016461e-02 -2.417033946242810958e-03
-4.775665011202426258e-02 1.296786871024994178e-03
-4.790447659702742195e-02 6.548958352566813107e-03
-5.056208363339574630e-02 5.322446149452329626e-03
-5.118223809534627050e-02 8.150455763388034236e-03
-4.726960822669600687e-02 7.715690876504857285e-03
-4.538327775391866326e-02 5.553814473351886133e-03
-3.010451031956355369e-02 -1.225341967906505049e-02
-3.742419719079699558e-02 -3.040658809153345792e-03
-3.490968605823617510e-02 -5.654220287071072375e-03
-2.295336886490764727e-02 -1.911830877384697314e-02
-3.642908396207068800e-02 -4.024744388497526054e-03
-4.430684256932555798e-02 1.270892260466164290e-03
-4.652613708632364481e-02 2.097939608961702299e-03
-4.088742905758427360e-02 -1.931921038672178488e-04
-4.293230402132061641e-02 -2.538628822273089700e-03
-4.170633545627876193e-02 -3.430168232097239797e-03
-4.512766716315032983e-02 3.166835759914473042e-04
-4.393182395926539807e-02 -2.865215760442559132e-03
-3.514884762894384534e-02 -6.137980953899170936e-03
-4.236850985095528405e-02 7.129422366652583734e-05
-3.752822561553997155e-02 -4.077315035144151237e-03
-4.143749770646649316e-02 -2.110811554565754193e-03
-4.273800809407335421e-02 -4.793271162047747606e-03
-4.087845090991201746e-02 -7.037884427777623547e-03
-4.384565194248037784e-02 -3.034614262917836088e-03
-4.589211766503494688e-02 -1.306237869864476263e-03
-4.109893724131977871e-02 -6.187166264003456269e-03
-3.618856096364664321e-02 -9.602220411075852030e-03
-3.714979042167562001e-02 -7.725364768557590155e-03
-3.860912165680224079e-02 -5.811302087630219881e-03
-2.993241027985381678e-02 -1.358660206587087270e-02
-4.518678812199311556e-02 9.823991860418197428e-03
-4.749596066264393651e-02 1.054464607672269544e-02
-4.906428174885684584e-02 1.473951053528601077e-02
-4.926881641314340837e-02 1.605333162214924586e-02
-2.276687073951112403e-02 -1.887635239639423243e-02
-3.941140543978919469e-02 -3.497110945289499885e-04
-4.337307546467960434e-02 2.772524548766771343e-03
-3.782787899986364555e-02 -2.398473268614952688e-03
-4.304029483874997897e-02 2.024606797439137268e-03
-3.331533574335301950e-02 -8.184384477565861266e-03
-4.641883405146746827e-02 5.823144585300083290e-03
-4.729540516320767524e-02 1.314080384785399139e-02
-4.906651993464927058e-02 7.742702378882072162e-03
-4.444541595755739649e-02 5.627872505903385066e-03
-4.494550630305994138e-02 5.744346702131560359e-03
-3.493881698412840131e-02 -6.833097486377463260e-03
-4.379600718936162845e-02 8.807065440654057720e-03
-4.751557514191632331e-02 5.019842584239064300e-03
-4.799036884462061503e-02 4.915304596482181904e-03
-4.216418092176125315e-02 1.856030675325363389e-03
-4.678476035997219257e-02 2.673029087784132337e-03
-4.912294047112659295e-02 5.507050924168479036e-03
-4.931031676792821394e-02 7.246877856426103305e-03
-4.769199400949422629e-02 8.289450204051482599e-03
-4.879480761091987279e-02 6.688088191398264444e-03
-5.089748096641117520e-02 6.670705828093505957e-03
-4.656704497849686181e-02 5.069463829864894432e-03
-5.023297249639489814e-02 5.037094986504106475e-03
-4.627306807835027125e-02 6.177457595701435142e-03
-4.806914278617055447e-02 6.865550413556196878e-03
-4.916905182425464899e-02 7.725212183157223293e-03
-5.108656225918457167e-02 8.319290200214048484e-03
-5.201461244826430241e-02 8.414605279055645259e-03
-4.832240470988870967e-02 7.078878939342235325e-03
-4.031600536861458528e-02 4.671434312288339961e-04
-5.092549905762466800e-02 8.208153064902919127e-03
-5.019988522190373115e-02 7.830291754457149173e-03
-5.097285245094668182e-02 7.688582250031011749e-03
-4.814759644962829377e-02 5.992083956198416932e-03
-4.878512137965409362e-02 7.598769810025283837e-03
-4.813355805592223896e-02 1.025580176672733455e-02
-4.189412886160977234e-02 4.146289928192685957e-03
-4.241657361502518958e-02 4.199745458245571217e-03
-5.546622343420726936e-02 2.735293093049396065e-02
-4.704057358886740842e-02 1.822908556211783396e-02
-3.765765686231462017e-02 -2.888529025692900421e-03
-2.788750690001823296e-02 -1.501761381995528680e-02
-5.093910822198587096e-02 2.124474871957131999e-02
-4.978353027528977653e-02 1.703782540412334193e-02
-4.959506223418767845e-02 1.656237993666462294e-02
-5.092098239749765637e-02 1.956504982198969261e-02
-4.891766896366632478e-02 1.460801849488142616e-02
-4.831338831030266429e-02 1.565911820115361772e-02
-2.847616824668702112e-02 -1.484714279563089864e-02
-3.672573357969143026e-02 -5.909892976498119267e-03
-4.401688684485794562e-02 1.038160555504453325e-02
-3.726477903416800658e-02 2.136031563083786236e-03
-4.504079138242277763e-02 1.204023208668634354e-02
-4.432770210432122188e-02 8.672739671893364352e-03
-3.986394947446866843e-02 2.332901507091386748e-03
-3.340992406433115208e-02 -1.088627253131206445e-02
-4.578430107670851401e-02 1.273881405250118157e-02
-4.550102913095346174e-02 1.496982836973660344e-02
-5.290563948254927568e-02 2.681940788169352025e-02
-5.090033801498261568e-02 2.456672392535164465e-02
-5.352027469453429775e-02 2.742234856255298947e-02
-5.380125035942199402e-02 2.794184078854097461e-02
-5.340734064180039514e-02 2.716416228831229282e-02
-5.317276404405792134e-02 2.735111388733126037e-02
-5.391110870314014258e-02 2.726160231831589384e-02
-5.319728621031570570e-02 2.618861989574892621e-02
-5.329684096431102497e-02 2.557414259441339807e-02
-4.041924231272549933e-02 1.167107888001913535e-02
-5.073498005882028095e-02 2.274530893044176064e-02
-5.252161169215035369e-02 2.436136837058516108e-02
-5.289917923769359848e-02 2.308377561720041660e-02
-4.867685452072409436e-02 1.458164505453364915e-02
-5.347502909500378987e-02 2.145485452187304021e-02
-5.513270805055754675e-02 2.626548822386468029e-02
-6.132507808428551421e-02 5.234519470886363907e-02
-6.406948527917794012e-02 5.855897026383441450e-02
-6.291694476073193820e-02 5.607664162961745191e-02
-6.402480908333620102e-02 5.863923271687635635e-02
-6.223847702709094099e-02 5.449152252553363107e-02
-6.451166667763934270e-02 5.997687460239075480e-02
-6.422360424990887495e-02 5.905287063916984935e-02
-6.341745477758166383e-02 5.709198515249866435e-02
-5.674295281567422883e-02 3.713126760198935672e-02
-5.878016341504056080e-02 4.285290634447203040e-02
-5.369144324039117067e-02 3.115843797826066408e-02
-5.312557583904842923e-02 2.134927939610686831e-02
-1.958992636520881514e-02 -2.120500362700817459e-02
7.941898973224019789e-04 -3.160182982713521938e-02
-1.857184894692228555e-02 -2.218850810651562880e-02
-1.988238266777888827e-02 -2.158727606114045280e-02
-2.866058603867904439e-02 -1.571751184562021619e-02
-1.855020610729710834e-02 -2.186032028682631523e-02
-2.416172606702530687e-02 -1.820233384922611761e-02
-2.400006347023724354e-02 -1.915200947952151386e-02
5.548584037062796043e-03 -3.089745065420210213e-02
-3.131790871956732780e-02 -1.225288030322494934e-02
-2.105090036497752823e-02 -2.033152289749604394e-02
-1.461174256707290300e-02 -2.435361605034550708e-02
-1.880558066131441872e-02 -2.175104069038964402e-02
-5.523312395940740537e-04 -2.910908655347787394e-02
-1.527593489739245518e-02 -2.415326290073615753e-02
-1.504994715103731735e-02 -2.457514567484010704e-02
-8.531477335410691393e-03 -2.801933650513549826e-02
-8.854696215639674961e-03 -2.675925883050202930e-02
-1.957605734870506223e-02 -2.122171441548487830e-02
-2.196097376923537153e-02 -1.940907807891344497e-02
-2.067309608350660632e-02 -2.072067775813083226e-02
-1.560408311797654643e-02 -2.401036068261209327e-02
6.116396482525768979e-03 -2.629725834159965872e-02
2.200851255030493881e-03 -2.888289108090263263e-02
6.437150155802588702e-03 -2.894611813084555299e-02
6.060297034892198585e-03 -2.805542105806467859e-02
-2.095564142842369290e-02 -2.161947428424355888e-02
-1.279710189592718657e-02 -2.724828449170191638e-02
-8.330604025682102412e-03 7.581027447174456700e-04
-8.000768931995862546e-03 5.912071199546469705e-04
-7.297840221209204482e-03 -5.912723198024689032e-04
-8.041192095468066570e-03 -4.785074038908454855e-03
-7.255089851723990103e-03 -1.194955169770890854e-03
6.839069602077137849e-03 -2.394039150723365622e-02
-1.413593262052178362e-02 -2.038197714621381093e-02
2.261115485502511804e-02 -2.204767559265363719e-02
2.677748089531790596e-02 -2.400213993327142414e-02
2.337894575171104133e-04 -2.162350438058311189e-02
5.381775591274278771e-03 -2.369584725742072961e-02
1.703693530340608109e-02 -2.227265969002498874e-02
-4.727996077701985406e-03 -2.262644354246269585e-02
3.063507408335237187e-03 -2.241630216962342895e-02
7.703126587104593484e-03 -2.115830595662207547e-02
9.305887128249167028e-03 -2.143444681022151077e-02
3.665632607025337379e-03 -2.150841691831579389e-02
6.229577107734490631e-03 -2.142202922248126126e-02
2.530894431862541066e-03 -2.185432453316556167e-02
1.085024723818142460e-02 -2.159039097911153587e-02
2.098308638903975329e-02 -2.266824685277314677e-02
6.500874783876260145e-03 -2.276611516464444041e-02
8.586445601650253764e-03 -2.156028178740259163e-02
1.122678124388154335e-02 -2.153877196800800184e-02
1.445829781877102857e-02 -2.219556835367858527e-02
9.416705096989894455e-03 -2.153883150056342885e-02
9.613063931841457979e-03 -2.131476180270635776e-02
4.706079512899047183e-03 -2.233558456642303902e-02
-2.339677842524399986e-04 -2.314948063162950917e-02
1.406609357934594578e-03 -2.440246529396999930e-02
-5.715178180088435929e-03 -2.543541838839872768e-02
1.181979202510617319e-02 -2.161044426867893622e-02
9.379762746138754770e-03 -2.313633873917818329e-02
2.711024910832749574e-02 -2.120108021641760321e-02
3.504989663096570035e-02 -2.244685833348400439e-02
3.185461660974885784e-02 -1.801451283202515699e-02
3.404411736173859615e-02 -2.209181782596491422e-02
3.402181127530751886e-02 -2.268989693414507139e-02
3.382874529492935212e-02 -2.334019905901670369e-02
3.542466031856227743e-02 -2.263999218245195746e-02
2.837946651257373942e-02 -2.258450290560534007e-02
3.157331124701551889e-02 -2.337715244809191600e-02
3.025876502845630325e-02 -2.246968475954334854e-02
2.828627899663790218e-02 -2.336002900817816738e-02
2.887037778223898801e-02 -1.692504642833856168e-02
3.491858807618255373e-02 -2.012255102334463766e-02
2.910889368301964111e-02 -2.378185266797845296e-02
3.014841289531844382e-02 -2.185296571962708559e-02
2.082364037888115305e-02 -1.570306706121046836e-02
3.188933694725498702e-02 -2.228612271224804722e-02
2.721395260608641675e-02 -2.259676974965338717e-02
3.245981403093541745e-02 -2.287275888107898406e-02
2.668216710730714550e-02 -2.087519590699400684e-02
3.229517392359768785e-02 -2.436075412769861392e-02
2.975151673146462020e-02 -2.204403855714476279e-02
2.786056437281525522e-02 -2.150821067510317458e-02
3.450596615449282728e-02 -2.189577435030757094e-02
3.328134025132153256e-02 -2.529182298312453170e-02
3.144416098819450417e-02 -2.391453914539307460e-02
3.199456265799384413e-02 -2.493432931585896906e-02
2.823424650414993811e-02 -1.930303116911776320e-02
2.905960609494811012e-02 -1.668022853624052948e-02
4.127876046078548904e-03 -3.254719441274700475e-02
2.989381183955712451e-02 -2.624301765342454233e-03
1.924932297555275937e-02 -1.788407326462482932e-02
1.250310006772292239e-02 -2.727661837141747911e-02
1.071953603599341831e-02 -2.900222837600305997e-02
1.507360750750741211e-03 -2.706752727662353059e-02
4.729771198075396164e-03 -2.907005626428786627e-02
2.067557150222033152e-02 -1.077667334506169500e-02
1.021191703254808840e-02 -2.715250589131577505e-02
1.803191571745295027e-02 -8.500413508760977857e-03
3.600730638181551951e-02 -2.294096386708087063e-02
1.715687490390116823e-02 -2.299648800143061847e-02
3.646334718446111317e-02 -2.355709624689159704e-02
2.863782737946057172e-02 -1.808969459748872161e-02
1.954317401954600714e-02 -1.986771863066828445e-02
3.424903804381880523e-02 -1.305895783271923509e-02
1.866858375899317635e-02 -1.896496242934100560e-02
2.624075177017765742e-02 -2.203343764814794103e-02
2.935414508125138572e-02 -2.053527729385987502e-02
2.224365785340768481e-02 -1.920927596726536291e-02
2.075453608993370683e-02 -1.555093421291699543e-02
3.374209936605151311e-02 -4.648440877452201386e-03
3.125495897714341414e-02 -1.411459578496673285e-02
3.285380416339667847e-02 -2.245770946678937383e-02
3.648917643622101581e-02 -2.198152907169207554e-02
2.006294415506226780e-02 -1.304036591918663474e-02
3.614394275881235852e-02 -2.258635952735494473e-02
2.968598372492042836e-02 -2.153615918824968584e-02
2.722090111844264332e-02 -1.952489280329726407e-02
2.690673267338236641e-02 -2.213491147972575582e-02
2.635745119479235288e-02 -1.756178362611005711e-02
4.697971309403116413e-02 -3.707424729529273325e-03
2.177031510378133958e-02 -1.451684942057903001e-02
3.616831001307892202e-02 -1.956208178029575709e-02
3.214322119615732609e-02 -1.985974709298057167e-02
3.504073727561708707e-02 -1.505939853791891936e-02
2.939464984796331254e-02 -1.843812292897214697e-02
2.659618771518739919e-02 -2.241182253422054765e-02
2.467170414863875325e-02 -2.179053978902265043e-02
3.419631691686375596e-02 -1.516727444244109213e-02
3.131235694514430956e-02 -1.519432042133514807e-02
3.048767500737304195e-02 -1.645830618499422027e-02
3.138997915017097129e-02 -1.463238904282684709e-02
3.218385217470907250e-02 -1.492601695249622454e-02
3.127760010255067891e-02 -1.726167718223212133e-02
3.295313447188200767e-02 -1.419195823109123053e-02
2.499479629899181710e-02 -2.013822299862963808e-02
3.531353573805012802e-02 -1.490224541289480488e-02
3.452950674086536359e-02 -1.481326192227751075e-02
2.987951427145842109e-02 -2.246992617121337452e-02
2.663643492378463956e-02 -1.164160819713163167e-02
2.763825869499008173e-02 -1.882620799704511072e-02
2.174533595112691786e-02 -1.372915313283837140e-02
3.435686647558990059e-02 -2.095163995745612587e-02
3.152708040000395256e-02 -1.819652774099151868e-02
3.586321893939887345e-02 -1.290225577296686202e-02
3.815712016901270931e-02 -1.179553930108643255e-02
3.389737956808382829e-02 -1.266502276927932401e-02
4.221562977967673741e-02 -2.338273838940493551e-03
4.159766661803902116e-02 -4.773689054339255548e-03
3.646397208964000797e-02 -1.048276206285802224e-02
3.563510272437547810e-02 -1.086017875054548672e-02
2.858859342627747754e-02 -7.971267842354369179e-03
4.306904641672595208e-02 -1.157581527908715631e-03
4.399423343811409426e-02 -2.197089053533488132e-04
4.467884372904089990e-02 1.084274012812903171e-03
3.391686067364560464e-02 3.206143781715342037e-03
5.274192060454312159e-02 5.366923626029571938e-03
5.268694846330576609e-02 5.724598932356336246e-03
4.697680207309606198e-02 1.098685413397208245e-03
5.030899372902233185e-02 2.730333576827909808e-03
4.874721352821923676e-02 3.684968244449022168e-04
4.939322569022724929e-02 2.575922200363495781e-03
4.999442237037264591e-02 2.744600677496674898e-03
4.498319361191955440e-02 5.416210548707842912e-04
4.843238599136767686e-02 1.885503212637279274e-03
5.159646871436396331e-02 2.763210737203334287e-03
4.219087968343988165e-02 -1.014716667617841144e-03
5.139067374564528640e-02 4.871456190491362838e-03
5.696697336015357077e-02 8.638591949774315770e-03
4.724154662555499207e-02 1.370640329903930789e-03
3.741663589060290063e-02 -1.290774659584632529e-03
6.122267497957871452e-02 1.539100351347602591e-02
4.731949262904058817e-02 -9.077497902650059208e-03
4.612556171245640879e-02 -1.066847413860062821e-02
6.896348347844770410e-02 2.200695450554816801e-02
6.291701078183802032e-02 1.254203681170957575e-02
5.043737284921845365e-02 -8.064634544869313942e-03
6.030880547871629582e-02 9.802287413515081357e-03
6.569028265538071065e-02 1.615088207006036211e-02
4.783300955087909506e-02 -2.434479976526268878e-05
5.425244620489975272e-02 6.386523097350412306e-03
6.491172546510433350e-02 1.560189758933531838e-02
5.440564831416539598e-02 6.465500261920795709e-03
6.332064315629339080e-02 1.001761455198945522e-02
6.151053338162396772e-02 1.378112992315450210e-02
6.185422742829702752e-02 1.426102266632077974e-02
5.071361057555866247e-02 2.421194152207483373e-03
6.154279924210968866e-02 1.431435309250678710e-02
6.701850776279508204e-02 1.788168897389733406e-02
5.417059520515220272e-02 7.422163964892806998e-03
6.035756858135798292e-02 1.187276524229029066e-02
5.124458194076843970e-02 3.313084299904263310e-03
5.692797913816192990e-02 1.136721900703306642e-02
6.244706179713431504e-02 1.394423132174628377e-02
6.091818798055386591e-02 1.300713474037074567e-02
5.746756863465575516e-02 9.857268657318868366e-03
5.990855589061078873e-02 1.579737104889962496e-02
6.755629226186969649e-02 2.387225418728486370e-02
4.795402977833983227e-02 5.008015387216542026e-03
6.457063710920814270e-02 1.790611718556714763e-02
6.973917943936729091e-02 2.338181143136412385e-02
7.121423554907357900e-02 2.782863665543641035e-02
6.717142836658902827e-02 1.859427313425384212e-02
7.212171763227769039e-02 2.702421815197996249e-02
6.812648313905628195e-02 2.045506665702549742e-02
7.079249523283986933e-02 2.501643527101068618e-02
6.692777549142925331e-02 2.202270296073318909e-02
7.214180285905073819e-02 2.709065406838417553e-02
6.524524671427409106e-02 1.823650215860714990e-02
6.492991128568643966e-02 1.882817282701175141e-02
7.296101129290884224e-02 3.073454565395452448e-02
6.982618910658053291e-02 2.946507501028419740e-02
6.807109441912990999e-02 2.803665396620617922e-02
5.822687365344480365e-02 1.804751326420093657e-02
6.672272182972217858e-02 2.745598915770399925e-02
6.308189908781715316e-02 2.734619588877817281e-02
7.160048081310875501e-02 3.423188415856772554e-02
7.141214067201329119e-02 3.717786130283789320e-02
7.941653402028292508e-02 6.349685972852983640e-02
8.451153221416356220e-02 7.929469297509164627e-02
8.669792957531967381e-02 8.600788321436819706e-02
8.430384403014740125e-02 7.839190058423299579e-02
8.691343587154214123e-02 8.654017939616717725e-02
8.624442388767904200e-02 8.473929660205972714e-02
8.840452812496744917e-02 9.137010614524644636e-02
8.792026043683227876e-02 9.005625259905186697e-02
8.814555167349268083e-02 9.070417080854327463e-02
8.863510296580418002e-02 9.241682262059475184e-02
