1.051437025859302925e-02 9.824041308935617042e-03 1.375857199591577068e-02
1.270635970366747365e-02 1.113734722443187816e-02 1.591734965017465447e-02
1.574047111322169484e-02 1.311724364781295150e-02 1.864198472871620577e-02
1.816841043899453112e-02 1.511961025663299991e-02 2.005743183751050596e-02
2.058313348341863150e-02 1.733588246983786343e-02 2.053770743575829283e-02
2.240475937431146355e-02 1.880195444608781866e-02 2.016478352546387590e-02
2.381356434328572164e-02 1.957881236632259131e-02 1.931765279897209447e-02
2.477099842890127107e-02 1.913265575914139052e-02 1.830320852362454440e-02
2.550853475844490695e-02 1.861509972078350533e-02 1.712308171843229809e-02
2.610573607091692949e-02 1.791368467581393523e-02 1.585583526554343314e-02
2.668964133335655423e-02 1.671023481054578763e-02 1.434838934528800264e-02
2.721939316537957954e-02 1.536407584568645103e-02 1.251969781748335162e-02
2.763780432432522832e-02 1.427120516982228506e-02 1.083631086693347990e-02
2.824455634395151016e-02 1.324858518786670679e-02 8.877189519611760476e-03
2.887083579210291545e-02 1.227858649526173199e-02 6.740147367572987824e-03
2.954820573029283762e-02 1.142725880433732681e-02 4.479700856092330361e-03
3.029952569747975874e-02 1.068592647955205963e-02 2.133147683440785470e-03
3.111958840080959049e-02 1.004650505339534615e-02 -2.573208070729826190e-04
3.197698900180127868e-02 9.528033867223034692e-03 -2.643269804393621331e-03
3.280023745718992773e-02 9.227343158830204894e-03 -4.986419658263116506e-03
3.364275789512244375e-02 9.248885139834543342e-03 -7.231649579449227032e-03
3.407557837535934303e-02 8.496609889030296014e-03 -9.194398730321179727e-03
3.423487882325746551e-02 7.379365523136545944e-03 -1.126473210393401196e-02
3.438835589778566765e-02 6.167632635218674685e-03 -1.311760859872911772e-02
3.428359634399218148e-02 4.482867138949406423e-03 -1.454474764359789916e-02
3.429926698979805094e-02 2.801540654099333224e-03 -1.579630154767319022e-02
3.425319617839148872e-02 9.139293599103164587e-04 -1.644879716762617447e-02
3.417707192768495994e-02 -1.142222235548413919e-03 -1.713170333589900812e-02
3.389856030214905003e-02 -3.419064089991502402e-03 -1.786050836908896836e-02
3.357757875586120377e-02 -5.636239904764402640e-03 -1.818424596998297407e-02
3.307049035980642870e-02 -7.781835301857734956e-03 -1.811218997618448817e-02
3.252570461360629328e-02 -9.346941939638990851e-03 -1.713261467222661899e-02
3.205986712406021233e-02 -1.022576875174274411e-02 -1.671211806613836365e-02
3.147267659261810541e-02 -1.116271041473694547e-02 -1.549611618707931633e-02
3.090505495198923175e-02 -1.192930672549624878e-02 -1.473158846904028957e-02
3.029411272162469207e-02 -1.267842241229060266e-02 -1.373800970337945605e-02
2.986349364472516005e-02 -1.323957739455676637e-02 -1.305897489203750386e-02
2.925295359708108070e-02 -1.393435152512434612e-02 -1.212213626041972955e-02
2.863390538970908561e-02 -1.457128209286599058e-02 -1.121156252478579772e-02
2.809200448193129376e-02 -1.510696593675477442e-02 -1.042119127819777710e-02
2.747737777621214045e-02 -1.565709881838907649e-02 -9.561651124027218188e-03
2.687938530638623799e-02 -1.616772928944916823e-02 -8.734410482690106378e-03
2.626158743440614937e-02 -1.667448058025428406e-02 -7.887803735310148362e-03
2.564217608932639961e-02 -1.711578503949410038e-02 -7.095983290022346568e-03
2.500234005022201889e-02 -1.760607087406348276e-02 -6.236015660271848615e-03
2.444184814484217858e-02 -1.796326366178889813e-02 -5.553260739348413189e-03
2.385343742601686579e-02 -1.844009493322080334e-02 -4.734471776651606387e-03
2.345615677400249288e-02 -1.872019074567289956e-02 -4.224239319983154849e-03
2.276970887899111909e-02 -1.930692343275904749e-02 -3.234732779356757661e-03
2.201163009839825213e-02 -1.972128813675726872e-02 -2.370981020676228394e-03
2.110639213700500616e-02 -2.013889605528004431e-02 -1.439854350150559549e-03
2.089297658755293052e-02 -2.029777700055430262e-02 -1.164599422563670572e-03
2.031109608228922822e-02 -2.069200134263557769e-02 -4.764457502081172365e-04
1.996397739205802574e-02 -2.104849772239638164e-02 3.531175775392232739e-05
1.940749327085269926e-02 -2.155019332039572952e-02 7.690838629082846984e-04
1.905648471265217192e-02 -2.190141465867993104e-02 1.251513230111320077e-03
1.858107411037700912e-02 -2.238093390234256741e-02 1.897071296159378228e-03
1.815467288641480631e-02 -2.276186469066602755e-02 2.422256481068436190e-03
1.776396315910151041e-02 -2.314688055741932760e-02 2.937760129077370084e-03
1.730057771670329494e-02 -2.351080857628597837e-02 3.466928152291344663e-03
1.697910546388400194e-02 -2.379725319914373707e-02 3.877827443921626378e-03
1.660545924793705580e-02 -2.408658827315125414e-02 4.326429754722121296e-03
1.627795626448725469e-02 -2.435675965908232210e-02 4.758694695323049950e-03
1.595570538017884732e-02 -2.460233905182802883e-02 5.190524097565040428e-03
1.564577079954870831e-02 -2.482318144911629595e-02 5.624383293451151559e-03
1.534290079361723402e-02 -2.501166661982740999e-02 6.056217922591758222e-03
1.505859667926479246e-02 -2.519481918437532081e-02 6.521956558258022903e-03
1.477725527280650958e-02 -2.532645262953336571e-02 6.930962751686353500e-03
1.450665057977098063e-02 -2.550072045699991116e-02 7.445000878744738662e-03
1.421276076719991434e-02 -2.565757921736042807e-02 7.980059582728873252e-03
1.379834379871057795e-02 -2.574829643414753774e-02 8.525103428346555295e-03
1.343338674268097083e-02 -2.578630849952659801e-02 8.958867048273009420e-03
1.312099741777208312e-02 -2.583093423410453421e-02 9.388368360019742551e-03
1.284286101101503839e-02 -2.588130704011225303e-02 9.825603657052007014e-03
1.251916148878425700e-02 -2.591111841799633234e-02 1.029847442475358837e-02
1.222140731313521751e-02 -2.593373402442891371e-02 1.076582365736685788e-02
1.191764870414967724e-02 -2.593781868017855721e-02 1.123279827089958792e-02
1.161687677253062274e-02 -2.592487279526821051e-02 1.169818519481747969e-02
1.132154651531581090e-02 -2.589263808846744425e-02 1.216182814414038839e-02
1.103010541710549262e-02 -2.583862332074596951e-02 1.262852680683684489e-02
1.074515221108886774e-02 -2.576339484101985294e-02 1.309904798917724440e-02
1.046686167823164017e-02 -2.566900351476174985e-02 1.357297755919526817e-02
1.019750257666801434e-02 -2.555999459223049636e-02 1.404995688262914745e-02
9.934289678499281726e-03 -2.543609619621226697e-02 1.451641482460163182e-02
9.689707385569361689e-03 -2.530628248990115028e-02 1.500587773862221280e-02
9.471208487771770948e-03 -2.516999098226522721e-02 1.545534514630717698e-02
9.228094473998558339e-03 -2.498756328381791444e-02 1.593921074822729836e-02
8.925928500325990347e-03 -2.468391863284389101e-02 1.659549093295158151e-02
8.672187064157585099e-03 -2.440272835094483075e-02 1.698345729246764080e-02
8.428156877967182478e-03 -2.408969418424555115e-02 1.740560502138627230e-02
8.239484042062117722e-03 -2.375417773104501404e-02 1.800602558092629160e-02
8.105609743071437445e-03 -2.355189861439955026e-02 1.827929433265341325e-02
7.997808652982864308e-03 -2.327729172964339982e-02 1.895713343758193350e-02
7.973933741340642409e-03 -2.316127970683141621e-02 1.932174588418781105e-02
7.823833165903978579e-03 -2.268525433129482335e-02 2.080428631149348548e-02
7.353719728588059557e-03 -2.185144603062112029e-02 2.209908438494264868e-02
7.408826088015295006e-03 -2.193253634315435463e-02 2.202722741604717233e-02
7.076956344784043028e-03 -2.136585762069370328e-02 2.289027214167865115e-02
6.842570898168880492e-03 -2.093808137540366029e-02 2.387159949790533531e-02
6.736236169151872677e-03 -2.077295335743419707e-02 2.403400282365736329e-02
6.335671307794757748e-03 -2.013541826386631289e-02 2.490615981013288502e-02
6.175785122158673410e-03 -1.988433173631838982e-02 2.543504007336137157e-02
5.918916455244262187e-03 -1.950562188691899040e-02 2.535258782652795653e-02
5.944567483129338178e-03 -1.953795859641306934e-02 2.539565155342507138e-02
6.006466292782073994e-03 -1.963338958780744617e-02 2.597783910567565482e-02
5.863075103985356494e-03 -1.943984702068256298e-02 2.675390571980987633e-02
5.870712485816272780e-03 -1.950127487851303909e-02 2.791816372412076266e-02
5.562387444652979601e-03 -1.909270772913540873e-02 2.923288711790301628e-02
5.164288893011557448e-03 -1.851015539503240992e-02 3.014341329369068720e-02
4.834064374505436974e-03 -1.800973765129220208e-02 3.061505410394670806e-02
4.511901989337277485e-03 -1.751292624926320193e-02 3.095701153463373614e-02
4.253477911096528383e-03 -1.715170431380452776e-02 3.155789653459067923e-02
4.050156182997056813e-03 -1.683826096879292508e-02 3.173735543277332594e-02
4.248363793566930710e-03 -1.711572895057460186e-02 3.130075460221408423e-02
3.455642618863558144e-03 -1.599973092720218329e-02 3.292549198133083027e-02
2.898528358167317461e-03 -1.510340556406447252e-02 3.314481944909768857e-02
2.694709001368366351e-03 -1.476704189855366188e-02 3.316418241040047094e-02
2.450175313362734381e-03 -1.438919930507286116e-02 3.334659206377316165e-02
2.273137057671110670e-03 -1.408112375244022912e-02 3.325257523036007079e-02
2.144151963677249934e-03 -1.388422498950118815e-02 3.335800893111731669e-02
2.279143203168028375e-03 -1.413417830396578034e-02 3.351367300717757874e-02
1.933897241507700083e-03 -1.359103585438292683e-02 3.368762265529667149e-02
1.273259459157873941e-03 -1.254477708642381603e-02 3.394409503887606261e-02
6.004743790795836252e-04 -1.138521541608682880e-02 3.365162170912803369e-02
6.779991886488174720e-04 -1.151194060640774348e-02 3.365693846842119502e-02
2.883617635978500435e-04 -1.079455516353091879e-02 3.326394909449190834e-02
-1.393183762361918155e-04 -9.970533652506635702e-03 3.271418352139273539e-02
-3.850136157294002681e-04 -9.533063848750824437e-03 3.252986135297025738e-02
-6.037871552060889184e-04 -9.083224015597314224e-03 3.218883842090533576e-02
-7.037878330980710953e-04 -8.875985535750179761e-03 3.206504288436168998e-02
-7.931254247942495740e-04 -8.676187375002464980e-03 3.195993979122795092e-02
-6.773844856416019701e-04 -8.961947811124410315e-03 3.214158852520922899e-02
-9.008651946977630541e-04 -8.477845160416035836e-03 3.187450877377947384e-02
-1.152105419935290373e-03 -8.039139339685129684e-03 3.170622633707555899e-02
-1.327583268760177976e-03 -7.859562293501497904e-03 3.152937124518353368e-02
-1.302179934972577755e-03 -7.855208592160855749e-03 3.151714142782069406e-02
-1.227007109174805058e-03 -7.979077164970867914e-03 3.158717388583565794e-02
-1.188259344988218868e-03 -8.042933775396386362e-03 3.163877529435893399e-02
-1.099986468663138092e-03 -8.200013945539512059e-03 3.174444935089317660e-02
-7.044849099442039835e-04 -8.983582152410286153e-03 3.224343539979903500e-02
-5.986235201870268672e-04 -9.191189446646583217e-03 3.245149163886990040e-02
-3.052069780373684645e-04 -9.761176562945804436e-03 3.287228378265049517e-02
-1.197171149448261919e-04 -1.009526781613347135e-02 3.305002534853011126e-02
-3.739502991366391339e-04 -9.647493358646563877e-03 3.284375344417772569e-02
-4.866447911951293217e-04 -9.446684580323203018e-03 3.268787175212355817e-02
-9.792472463534549268e-04 -8.598997208075343998e-03 3.204848425059224348e-02
-1.221566243380038663e-03 -8.151478281533400955e-03 3.160944561312974826e-02
-1.200187231810612501e-03 -8.181373351394610055e-03 3.164201443131487573e-02
-1.252084518691658948e-03 -8.064946730696104238e-03 3.150995045930387456e-02
-1.228922710210561499e-03 -8.057807784791110733e-03 3.142612717505020165e-02
-9.820784891562477862e-04 -8.469776831664721506e-03 3.143921776243029792e-02
-8.780693632382586839e-04 -8.626442124335121850e-03 3.135530916305495630e-02
-4.742516158761300119e-04 -9.292022362523810058e-03 3.146175399318429378e-02
-5.919187202816131961e-04 -9.072644132549280080e-03 3.127941578186469590e-02
-5.514617533299734321e-04 -9.140921303449896923e-03 3.129701510744727078e-02
-4.259206740425540189e-04 -9.362171079831884887e-03 3.141027883063966797e-02
-2.728723271940070353e-04 -9.636517775910272490e-03 3.160275461830833882e-02
-4.768222749040086108e-05 -1.004908247403218241e-02 3.193887513680260248e-02
-1.769683916995937642e-05 -1.015982827556321556e-02 3.231520565564813263e-02
5.266563134428586031e-04 -1.111184197178220062e-02 3.277857391149533589e-02
1.051814718973295357e-02 9.826357612353254015e-03 1.376221244755263667e-02
1.269004635363421736e-02 1.112936231648639467e-02 1.589485326840342841e-02
1.568587375372478693e-02 1.308136201394862093e-02 1.858533392103409870e-02
1.808967420413770330e-02 1.504439765168176860e-02 1.999445441532834988e-02
2.055400048372249544e-02 1.732191695771855694e-02 2.054645208268783205e-02
2.234206997741465528e-02 1.868274650006634605e-02 2.018765818804938231e-02
2.359565628848073887e-02 1.940048674751533239e-02 1.947078209679473440e-02
2.456195732001273391e-02 1.959432976736616774e-02 1.857917340255964972e-02
2.568350317266290816e-02 1.970400045489212673e-02 1.710406059947418636e-02
2.620130598940416042e-02 1.794118049604227424e-02 1.572938319134325330e-02
2.676707691051256194e-02 1.655279911044671773e-02 1.412191605851326019e-02
2.725192791341672985e-02 1.519884212181876922e-02 1.230105505429729754e-02
2.778154062566417018e-02 1.411099394814833465e-02 1.049267049042536259e-02
2.840038485911855135e-02 1.301129625050527483e-02 8.373496849977514825e-03
2.903125486304557190e-02 1.206135574984353379e-02 6.197660219050246493e-03
2.972816951968559884e-02 1.124024347174226897e-02 3.912681453972992329e-03
3.050056040308768077e-02 1.052636077170582621e-02 1.551394221391817633e-03
3.133727026853851821e-02 9.913552394808927692e-03 -8.432275141560847823e-04
3.219756183102133462e-02 9.427006114900174372e-03 -3.224897313816047807e-03
3.300164416113197940e-02 9.102230839870727869e-03 -5.587383939103523697e-03
3.346321648744170207e-02 8.609127644061938603e-03 -7.664923108091183275e-03
3.382101904845707940e-02 7.806237228046967319e-03 -9.737849625439607901e-03
3.403850201434834716e-02 6.762911666700812535e-03 -1.168500126803402074e-02
3.413043063084862661e-02 5.456306407466198979e-03 -1.334755636228466061e-02
3.416739440531554872e-02 3.910042578752745239e-03 -1.473032668932867592e-02
3.420070113907067166e-02 2.231585000944742887e-03 -1.583467253188272639e-02
3.424351032283751151e-02 6.016800031581956551e-04 -1.664497161546769910e-02
3.419167281490480964e-02 -1.023878187688463063e-03 -1.735155839922960380e-02
3.399456768172751109e-02 -2.944292710371339706e-03 -1.805455794304415898e-02
3.339711185184701669e-02 -4.652578178652580672e-03 -1.870508641023370042e-02
3.305950538261570593e-02 -5.941939500825628613e-03 -1.927514609796436573e-02
3.241312931538616049e-02 -6.649234707520457546e-03 -1.998846275876335968e-02
3.131088297239453117e-02 -7.251378187963918899e-03 -2.066694152257423853e-02
3.018430818622669029e-02 -7.024482836554740706e-03 -2.136735275683978794e-02
2.909767316708204363e-02 -7.212381018068196592e-03 -2.189494462744425926e-02
2.826367811340466454e-02 -7.170660847866690626e-03 -2.237411873990606884e-02
2.740351595395240300e-02 -7.187190867296256065e-03 -2.283403948800137237e-02
2.677749731097411531e-02 -7.171155011166202749e-03 -2.324487181600486813e-02
2.607161387600974087e-02 -7.067626302474814756e-03 -2.385655707289643587e-02
2.555329083396225276e-02 -6.795209614477511380e-03 -2.440164606602919506e-02
2.482634295206190278e-02 -6.459561226594984044e-03 -2.501997201220608827e-02
2.321915554288834713e-02 -6.340827303909439550e-03 -2.597036205844887799e-02
2.103166379316295798e-02 -6.594964566890985577e-03 -2.651225155523469212e-02
1.891948438527793139e-02 -7.162872174110154928e-03 -2.677570140282698602e-02
1.685896933666972131e-02 -7.902454319000155880e-03 -2.693356455101019592e-02
1.481070734555350182e-02 -8.769397787347289752e-03 -2.699804744502294976e-02
1.276530769240161178e-02 -9.750176898655902452e-03 -2.696535096011176691e-02
1.094594793726020102e-02 -1.076895372038350583e-02 -2.688774362402707174e-02
9.118691231549874709e-03 -1.198829208847489169e-02 -2.677255545354954511e-02
7.361286975316758650e-03 -1.336309369771441352e-02 -2.660522206413021978e-02
5.675971242144044540e-03 -1.494768313762609956e-02 -2.638533232800767403e-02
4.117476765547425054e-03 -1.665050445595899972e-02 -2.604297581455416663e-02
2.759081064676303843e-03 -1.834931109055755807e-02 -2.561902508540460019e-02
1.493223298177229989e-03 -2.007936058529031023e-02 -2.514159318046659333e-02
2.510722332312540503e-04 -2.175925717969523845e-02 -2.460830150715194800e-02
-9.865398753511206171e-04 -2.332519471519977489e-02 -2.405232050195725904e-02
-2.253135980796666400e-03 -2.481677228628672432e-02 -2.356295906941141202e-02
-3.545115324096938681e-03 -2.620779892487742901e-02 -2.313254365744965221e-02
-4.980210480357333443e-03 -2.752744458092028224e-02 -2.247643749955242562e-02
-6.198985603129029097e-03 -2.837789061197871707e-02 -2.171555668673550918e-02
-7.059210381222628776e-03 -2.890936571180257458e-02 -2.120064210060139398e-02
-7.707753277323921987e-03 -2.934014383028715756e-02 -2.064524529658123136e-02
-8.203724847116511398e-03 -2.971746368373487726e-02 -2.000904020269901259e-02
-8.863798937358439989e-03 -3.002493592669297148e-02 -1.951183642748953451e-02
-8.824215416276797591e-03 -3.028919349838789937e-02 -1.815997974739391035e-02
-9.103615800714344453e-03 -3.041429929812417346e-02 -1.730350537997219287e-02
-9.196226079250377147e-03 -3.049978630768061111e-02 -1.630743101507449444e-02
-9.376648556968091019e-03 -3.056827138817043779e-02 -1.545603433306793999e-02
-9.549784515402759064e-03 -3.060670728428640380e-02 -1.453450340588504502e-02
-9.739992702833428009e-03 -3.062527826282758145e-02 -1.364024491355963695e-02
-9.943254987929034047e-03 -3.061470343079847681e-02 -1.274730578027486252e-02
-1.015988449873386941e-02 -3.057850084313512573e-02 -1.185934201255675786e-02
-1.039011454876807329e-02 -3.051636142480716393e-02 -1.098274956362637819e-02
-1.063334417015563207e-02 -3.042170190700532392e-02 -1.009878885698219445e-02
-1.089710419896926068e-02 -3.029387673046779472e-02 -9.192981973728109671e-03
-1.116960883301194342e-02 -3.014629625966368243e-02 -8.314537199348151150e-03
-1.139490447333442805e-02 -2.996302885194911461e-02 -7.536249749122744812e-03
-1.171245557636587699e-02 -2.982362172000727757e-02 -6.708942956347032673e-03
-1.194619109058434048e-02 -2.965939572775009442e-02 -6.037429182268782071e-03
-1.231878399246511165e-02 -2.945812342487951971e-02 -5.121696789505562723e-03
-1.258088974783710089e-02 -2.931171720852338361e-02 -4.506151522653267794e-03
-1.293351117870914814e-02 -2.906400196537914371e-02 -3.647102941375274330e-03
-1.329876312948543096e-02 -2.892230498414978881e-02 -2.956545699700099603e-03
-1.365595718950278481e-02 -2.868314516967796282e-02 -2.180874833712833760e-03
-1.395141404078473549e-02 -2.852018466582597819e-02 -1.603388070393388896e-03
-1.442614157938318029e-02 -2.840810963381219106e-02 -9.020642865731778957e-04
-1.502114091395736518e-02 -2.811913815064511629e-02 9.144426484135552544e-05
-1.551956589187836362e-02 -2.774644479166327171e-02 9.894497806013388772e-04
-1.589818554153352506e-02 -2.733930422658793075e-02 1.754043442132154291e-03
-1.635015425263177183e-02 -2.681470868418360867e-02 2.649692581517599198e-03
-1.657301291754244288e-02 -2.659477051444867832e-02 3.038199545417020250e-03
-1.693592521642763374e-02 -2.622532779712851911e-02 3.668925405462084011e-03
-1.732275042500483822e-02 -2.599403306823446988e-02 4.168517717823497747e-03
-1.777354646571449245e-02 -2.558734137092673333e-02 4.843663687856195402e-03
-1.815625174079280035e-02 -2.528821413791324316e-02 5.346028498816315574e-03
-1.854447765212808089e-02 -2.492589287548756596e-02 5.871075857788918793e-03
-1.892692737898743829e-02 -2.456581787610522677e-02 6.357350007028709539e-03
-1.930713552971875802e-02 -2.418448770980830345e-02 6.825601671629275349e-03
-1.966758002713937803e-02 -2.377882148467416398e-02 7.272731788989725277e-03
-2.005909481003717923e-02 -2.333354979728852197e-02 7.738312471221573709e-03
-2.038515350475874136e-02 -2.289198059569358054e-02 8.151808088920546244e-03
-2.072685403945531343e-02 -2.244575558157911946e-02 8.564844957330485994e-03
-2.103144606139006889e-02 -2.208637847797967693e-02 8.905935973184153295e-03
-2.135117496713245105e-02 -2.168424043731210712e-02 9.269565946834541770e-03
-2.183351071292098655e-02 -2.121080595638391575e-02 9.736337119747133506e-03
-2.225797058051098148e-02 -2.068223344596402738e-02 1.018227662998716539e-02
-2.264364280877839003e-02 -2.002618259336830936e-02 1.064713601242569217e-02
-2.312544714144444680e-02 -1.917453066230574710e-02 1.121131313433200265e-02
-2.338621671597221341e-02 -1.853691194929636341e-02 1.157908670982692699e-02
-2.355514998337381385e-02 -1.808562736462307821e-02 1.183129815194026470e-02
-2.387239941746370844e-02 -1.769877994396894597e-02 1.212770000782146911e-02
-2.425890797324517512e-02 -1.729435883068862825e-02 1.246411877526670819e-02
-2.483896130452680276e-02 -1.653553934796156422e-02 1.302421951168536950e-02
-2.546003693540495674e-02 -1.576719258185977149e-02 1.359949072602190112e-02
-2.583072412855536015e-02 -1.519371643853920269e-02 1.397949193858839811e-02
-2.632502743153551650e-02 -1.433374675341987127e-02 1.451148639071357313e-02
-2.666773319357365613e-02 -1.372087891813575378e-02 1.488141892614512976e-02
-2.695828323398147958e-02 -1.293982950798029316e-02 1.527442310466734128e-02
-2.726736957499692818e-02 -1.234310601026526039e-02 1.561632963419814883e-02
-2.748502474502641235e-02 -1.170123167003922493e-02 1.592311415778403100e-02
-2.773980870907511234e-02 -1.109547782286403328e-02 1.623726296347902109e-02
-2.789530010520805889e-02 -1.067212969852449587e-02 1.644427306080498141e-02
-2.816877135723102124e-02 -1.012218416526474742e-02 1.675171334009340277e-02
-2.847778099561351292e-02 -9.495602956894642205e-03 1.710098459531308665e-02
-2.868951309316261286e-02 -8.458297199724490456e-03 1.751670416339677280e-02
-2.871888379655709173e-02 -7.695595275793404126e-03 1.775498688263670369e-02
-2.864552573582863915e-02 -7.152623461347066766e-03 1.787339636891045400e-02
-2.865167331004220969e-02 -6.616363803821258792e-03 1.803698791638824045e-02
-2.864867329721251799e-02 -6.285434450336808976e-03 1.813552284438965656e-02
-2.862221238234913950e-02 -5.586592514394637596e-03 1.833686733953892450e-02
-2.853975478448539035e-02 -5.064660727389595947e-03 1.845609097407531138e-02
-2.822215918298412105e-02 -4.217429145562691210e-03 1.855182145065653251e-02
-2.789014748245843486e-02 -3.585971459261901809e-03 1.857691199024281634e-02
-2.776997474986361153e-02 -3.432912063898786639e-03 1.855937232316397581e-02
-2.750987383790284846e-02 -3.018745126378134715e-03 1.855677231881594502e-02
-2.733664393737066448e-02 -2.731693022800229468e-03 1.856243049650233706e-02
-2.718518236199376006e-02 -2.558898823352855501e-03 1.853893430190310318e-02
-2.698677625078655870e-02 -2.286576032302904075e-03 1.852790031357626557e-02
-2.641993033323439266e-02 -1.756574342509875826e-03 1.840759429103531325e-02
-2.585660502011213890e-02 -1.398172946922789355e-03 1.822372465781160050e-02
-2.522762450027188699e-02 -1.035995645327574639e-03 1.801162844862748066e-02
-2.489734481771354105e-02 -8.541182375121508536e-04 1.789777217001120926e-02
-2.467948653939681589e-02 -7.498196248442011045e-04 1.781899258449747697e-02
-2.438633495942266541e-02 -6.190400677730357277e-04 1.770766057820202799e-02
-2.325900179052207972e-02 -3.085935681386166285e-04 1.720376643155121718e-02
-2.232854524896691478e-02 -8.505446828359182411e-05 1.677637634328289079e-02
-2.243586346991752536e-02 -1.161484338651728603e-04 1.682230596670888922e-02
-2.208323742297609027e-02 -3.165193516689459132e-05 1.666159795703478150e-02
-2.218990312199377660e-02 -7.014877578681669732e-05 1.670273883246866514e-02
-2.242421049536711189e-02 -1.414921432880950731e-04 1.680130252896204490e-02
-2.267508124454070337e-02 -2.521756160459347413e-04 1.688921987530252883e-02
-2.271967920604972546e-02 -2.741142105239114529e-04 1.690368478540012209e-02
-2.285185071517142549e-02 -3.115805464310885775e-04 1.696228326038756729e-02
-2.340046489587748607e-02 -5.455960937109110729e-04 1.716850962789651797e-02
-2.338188060350186379e-02 -4.621338591850183671e-04 1.719731101113171345e-02
-2.352607557478290229e-02 -5.046487973217211355e-04 1.726122066377590303e-02
-2.396432936750632001e-02 -6.781615353136578091e-04 1.743774272734941247e-02
-2.428042624404436883e-02 -7.874615411189964413e-04 1.757439197073856069e-02
-2.479309301166246135e-02 -9.731405638308006758e-04 1.778965282822730573e-02
-2.549688613279822019e-02 -1.328048072233728623e-03 1.804529873098785833e-02
1.051887024030436976e-02 9.826800854760555856e-03 1.376291011468740687e-02
1.250757768948400524e-02 1.102151861621478504e-02 1.571027345164102695e-02
1.598286252942250629e-02 1.328991853746012801e-02 1.885108635491737281e-02
1.836335084764998890e-02 1.534752693060485729e-02 2.015927170216293488e-02
2.028706085983482052e-02 1.743126479100351803e-02 2.056756917125835207e-02
2.196737097437375871e-02 1.965380478059092564e-02 2.028359698089975474e-02
2.311385095242828730e-02 2.168254899152471590e-02 1.954913264381645532e-02
2.332549120856820465e-02 2.338947907920935904e-02 1.882704495616862456e-02
2.383286344776085197e-02 2.464772642598380206e-02 1.783004066980764177e-02
2.318354665907409670e-02 2.610477733677639411e-02 1.660035947972137230e-02
2.270062234772369722e-02 2.694729803551439498e-02 1.470074680303918614e-02
2.249698937112349847e-02 2.718440512700669859e-02 1.333021231129332893e-02
2.290709357654891962e-02 2.701328090835454845e-02 1.228877486295010084e-02
2.327701493275547567e-02 2.662259619575941053e-02 1.081935945007512709e-02
2.372837205919515677e-02 2.588354769098514738e-02 9.501440258000844533e-03
2.401050297721693538e-02 2.526057354444110822e-02 8.209403454322134266e-03
2.437076417537699380e-02 2.464882607102926448e-02 7.122230496473063409e-03
2.476952727698142342e-02 2.390443274059260090e-02 5.811391952925432959e-03
2.510197041113653577e-02 2.322518036671317523e-02 4.679190809267722018e-03
2.551114176267232914e-02 2.251185720838242213e-02 3.508920886363466572e-03
2.585670695004013350e-02 2.196801857133458963e-02 2.627532851534124594e-03
2.634331128824569934e-02 2.128375512031688288e-02 1.531476761394310595e-03
2.702382943409043989e-02 2.048882786872927020e-02 2.742089228285225972e-04
2.758302632883213867e-02 1.955035160254924367e-02 -1.105189511535992729e-03
2.802356832636561032e-02 1.868242545201554555e-02 -2.331798718794819616e-03
2.839925333497260451e-02 1.803985176581751615e-02 -3.237466147313851697e-03
2.892764041795771804e-02 1.734627922300498518e-02 -4.230391775381336407e-03
2.949969204843565923e-02 1.660923873184361882e-02 -5.273102684687911400e-03
3.010974196130711267e-02 1.580026797966942523e-02 -6.388716699292130291e-03
3.070951199147505667e-02 1.504811158622223338e-02 -7.393310463092233990e-03
3.130217279257044294e-02 1.428362749567153867e-02 -8.366691981884787771e-03
3.191046188911191017e-02 1.351935359000325070e-02 -9.280314145855573724e-03
3.258679044489982274e-02 1.274906937952348385e-02 -1.010149411439152135e-02
3.310923207181127453e-02 1.200945134048651657e-02 -1.086213086953875459e-02
3.409135865380839847e-02 1.118516155317073046e-02 -1.133560326659899947e-02
3.445239159604096546e-02 1.021541683037619636e-02 -1.231212070307018472e-02
3.464521037413342136e-02 9.082060889584124552e-03 -1.342996295886175577e-02
3.472261506176045620e-02 7.981322792745852365e-03 -1.448177688661976027e-02
3.476358901678840152e-02 6.855639432898572201e-03 -1.546094640569906607e-02
3.469771165793106987e-02 5.671261080745140966e-03 -1.643216434275173929e-02
3.456523455031589726e-02 4.489594535557015799e-03 -1.737902615918018867e-02
3.443615062584302888e-02 3.227134993265144604e-03 -1.815247654998452045e-02
3.408320841459037964e-02 2.092581509847671068e-03 -1.906094305669265784e-02
3.379643480343978018e-02 9.346240438813785672e-04 -1.968198296159552607e-02
3.313687554137866031e-02 1.564330141516233254e-04 -2.043155817346511971e-02
3.292405946682210038e-02 -9.520846121840581804e-04 -2.080425364537231286e-02
3.213594816437329721e-02 -1.632447604403326410e-03 -2.143721504609263570e-02
3.114914268186930180e-02 -1.503870977887038956e-03 -2.201849344105560879e-02
3.008164873190930996e-02 -1.924777070982560886e-03 -2.256756301182923780e-02
2.881891002433296239e-02 -2.184905869368019855e-03 -2.318718954984999234e-02
2.797965678971724504e-02 -2.414039371122238178e-03 -2.353637699125420146e-02
2.719803280372722759e-02 -2.697998288165238262e-03 -2.389944479783723263e-02
2.672359977829111277e-02 -3.006646142760245870e-03 -2.424337839976071010e-02
2.594349534149016992e-02 -3.496481775497879089e-03 -2.467819728272303489e-02
2.543802225290425767e-02 -4.595517521247880280e-03 -2.512178205668752842e-02
2.452188920010927101e-02 -4.963034757862520852e-03 -2.546353043286032902e-02
2.300854302455816736e-02 -5.679903596752198039e-03 -2.614944744043208244e-02
2.082498575142997105e-02 -6.510186985452494184e-03 -2.653616184264270123e-02
1.898936922389811779e-02 -7.128054735824672014e-03 -2.678087780808804941e-02
1.689028597824254047e-02 -7.890615604357886781e-03 -2.693287713063189509e-02
1.487211548507705490e-02 -8.733848651315576778e-03 -2.699248027618744369e-02
1.284285035819013321e-02 -9.734193841209283146e-03 -2.698410390011745513e-02
1.086411364454169422e-02 -1.087528804560195655e-02 -2.691642100098840668e-02
8.856449427400905211e-03 -1.217419142005336796e-02 -2.674303364675357370e-02
7.219917469136691475e-03 -1.339940381089362031e-02 -2.653952344732764951e-02
5.787122573758766639e-03 -1.475997602059208984e-02 -2.636368869917876667e-02
4.354116015305237869e-03 -1.633298242957864632e-02 -2.608502189676329894e-02
3.051866690954488804e-03 -1.794473955565445422e-02 -2.570991386123592376e-02
1.785185145596776069e-03 -1.967261671744564497e-02 -2.525819896959586100e-02
4.997056754148127564e-04 -2.145593357547611810e-02 -2.474752438977681837e-02
-7.873561131961240387e-04 -2.310646626781891200e-02 -2.419907376006487712e-02
-1.931429571338550604e-03 -2.444081174681292379e-02 -2.373571772695999213e-02
-3.100497332562899330e-03 -2.565137945926099922e-02 -2.343383798035993809e-02
-4.547784831589416280e-03 -2.688806775827029538e-02 -2.304120787423316261e-02
-5.892294317624006267e-03 -2.766899584191885586e-02 -2.264030290527380487e-02
-6.951506165589166168e-03 -2.802232871254937280e-02 -2.240754935147856383e-02
-7.769529502066412595e-03 -2.812594611649083323e-02 -2.234167321900290895e-02
-8.583531743489457647e-03 -2.800753731547334785e-02 -2.240087819431800520e-02
-9.408999948941886363e-03 -2.808221095201907450e-02 -2.227632821731496612e-02
-9.992449872169883660e-03 -2.708650387553335204e-02 -2.266696498223053774e-02
-1.052703100410516852e-02 -2.640941268744668308e-02 -2.276869433422298167e-02
-1.096126613437772325e-02 -2.553533525602372234e-02 -2.292248684700902428e-02
-1.135815155199973621e-02 -2.488947126239390503e-02 -2.304013158934979308e-02
-1.176286691763945257e-02 -2.410041251069892226e-02 -2.315385483332782837e-02
-1.214715409087145301e-02 -2.334436439157874799e-02 -2.326478182329940261e-02
-1.251697910336087988e-02 -2.256775397491636234e-02 -2.336198643893219393e-02
-1.287024406045306213e-02 -2.178465784767007890e-02 -2.345025179363345244e-02
-1.320702959668485638e-02 -2.099800900533978568e-02 -2.352756149832864463e-02
-1.353076025889810886e-02 -2.020444087253358070e-02 -2.359503964122287856e-02
-1.384145197338869024e-02 -1.941033941489346548e-02 -2.365084815546797045e-02
-1.414090305967112896e-02 -1.862223883400623142e-02 -2.369380918321864135e-02
-1.443310145212270586e-02 -1.783885201882757371e-02 -2.372113221560064392e-02
-1.472097158337410186e-02 -1.706556833829496120e-02 -2.372998882879144567e-02
-1.501073868415137708e-02 -1.630325633171563621e-02 -2.371831769628938991e-02
-1.529733752623553371e-02 -1.555752703304280095e-02 -2.367699770560749428e-02
-1.560860463663133434e-02 -1.480907043215934013e-02 -2.360992179759966933e-02
-1.590424233233280263e-02 -1.410387103317816554e-02 -2.350409413192830130e-02
-1.623240038185492715e-02 -1.342437450808462752e-02 -2.337923798237585837e-02
-1.651385308254929921e-02 -1.288199974846688210e-02 -2.325358618604114400e-02
-1.693237049002876971e-02 -1.231337285570841857e-02 -2.312606222022040373e-02
-1.729539565897442177e-02 -1.183066047131932537e-02 -2.298278531645310888e-02
-1.785793142435154399e-02 -1.121610994956122494e-02 -2.275912672968216990e-02
-1.836114084462906956e-02 -1.069966059737291302e-02 -2.251254238393870372e-02
-1.881798651601590891e-02 -1.011037433802362655e-02 -2.215649443537143909e-02
-1.929858907384011946e-02 -9.752512713671572867e-03 -2.192123252147937240e-02
-1.963059324758785126e-02 -9.440957244046369740e-03 -2.169757325577750806e-02
-2.026831025259620209e-02 -9.097149148929725010e-03 -2.142734402266017329e-02
-2.089339973379378615e-02 -8.801165706232566902e-03 -2.115018469632402517e-02
-2.163091434138716962e-02 -8.365287209320110620e-03 -2.067532830273234937e-02
-2.219623688180618129e-02 -8.035397921511559446e-03 -2.024491968250739099e-02
-2.268067399160123010e-02 -7.701975482796368649e-03 -1.977999990960880791e-02
-2.307928033456670136e-02 -7.506252552599173601e-03 -1.945557401021449570e-02
-2.348922082810526654e-02 -7.318208722955356696e-03 -1.912539244191854837e-02
-2.405513546448387330e-02 -7.107676387254235027e-03 -1.870935015518938177e-02
-2.457956763898001135e-02 -6.873831710648752903e-03 -1.823719073740661875e-02
-2.501489927182564896e-02 -6.616459793811212825e-03 -1.772653367621664089e-02
-2.543348455553775395e-02 -6.411126579866255337e-03 -1.729076919691425324e-02
-2.581941006850783232e-02 -6.187838416366138808e-03 -1.682927830848593431e-02
-2.627712228339552578e-02 -5.929157522788486116e-03 -1.628891744987924842e-02
-2.657706038816712996e-02 -5.703405821631274235e-03 -1.583613615015775494e-02
-2.702861843592103963e-02 -5.437998037435638234e-03 -1.529127729788723987e-02
-2.726776157471634196e-02 -5.251867484616324841e-03 -1.492726249469258741e-02
-2.776100227362993111e-02 -4.938811570695005558e-03 -1.431714992452824339e-02
-2.802279623326764391e-02 -4.747241359814340783e-03 -1.395681526477880220e-02
-2.842043197584939382e-02 -4.415088319629351804e-03 -1.335169116819802729e-02
-2.867324456247318659e-02 -4.234081153042330327e-03 -1.302770395270694964e-02
-2.905391989606615280e-02 -3.888921550855655839e-03 -1.242672324812603597e-02
-2.930298711477929280e-02 -3.648648589643093028e-03 -1.201661169472645861e-02
-2.948696837155397737e-02 -3.309938630755687814e-03 -1.144134907199563338e-02
-2.962921807889074347e-02 -3.012323990771467817e-03 -1.093791147720664901e-02
-2.973700561520258717e-02 -2.654940091789839782e-03 -1.034280841022851109e-02
-2.967261127772500076e-02 -2.467140401330181372e-03 -1.002306354983640430e-02
-2.966196221223625987e-02 -2.203214559107087231e-03 -9.586687696695078351e-03
-2.971321519917940676e-02 -1.978096679499476585e-03 -9.227256417253837037e-03
-2.968917152690752487e-02 -1.737312028702873816e-03 -8.836618845947439779e-03
-2.959375805933802880e-02 -1.473187387120584654e-03 -8.405682879787046424e-03
-2.954174542041182114e-02 -1.295761758015012395e-03 -8.120248202578214669e-03
-2.946070742580915794e-02 -1.083819377420671944e-03 -7.780070977482618326e-03
-2.937676490283462963e-02 -9.059299509696753811e-04 -7.494261242246163558e-03
-2.915403344576258243e-02 -6.274044343454358375e-04 -7.032056873255770717e-03
-2.858241560401869955e-02 -3.381076533285181642e-04 -6.490133236775721785e-03
-2.823146015014869892e-02 -2.173658070029446025e-04 -6.241389198701844006e-03
-2.754770631665461739e-02 -5.354235964276626831e-05 -5.858482610841958538e-03
-2.687627356096167555e-02 5.369178551366364787e-05 -5.556382591758214813e-03
-2.632219714301041111e-02 1.213458863844516070e-04 -5.334713001621177626e-03
-2.591000689853999867e-02 1.599587467821394387e-04 -5.185059430939725419e-03
-2.544130346693109293e-02 1.957248872920863063e-04 -5.024112611251462489e-03
-2.498135895374100843e-02 2.156037140688725018e-04 -4.886311180457223770e-03
-2.322697432579665447e-02 1.686886190257288782e-04 -4.519945418434276850e-03
-2.076300659053556541e-02 1.487623366484112077e-05 -4.095756612860181750e-03
-2.006302247148625609e-02 -2.376823293192633117e-05 -3.959734672668349317e-03
-2.050581446638343255e-02 2.636459743039106088e-06 -4.043336165173481468e-03
-1.890791919325002582e-02 -1.175918786772555281e-04 -3.772153697754993852e-03
-1.818041374323314113e-02 -1.682643366248727252e-04 -3.635915749867792406e-03
-1.610860992500227906e-02 -3.117992051158971142e-04 -3.220766730205514451e-03
-1.485209451078223740e-02 -3.838858944326850771e-04 -2.923957327176618295e-03
-1.461283048014322926e-02 -3.978407672643751889e-04 -2.865676894248542564e-03
-1.466317669692840213e-02 -3.943458709116525753e-04 -2.877118622473847764e-03
-1.412262819355044642e-02 -4.191114273751997432e-04 -2.732448858187593640e-03
-1.472898853794675500e-02 -3.915873920240141521e-04 -2.894880330047926338e-03
1.051059964826700499e-02 9.821728418579638020e-03 1.375493878027604124e-02
1.284604646167329840e-02 1.121833559480090933e-02 1.606481118311253384e-02
1.604315633700294577e-02 1.334091626126568571e-02 1.888992495219021100e-02
1.867188954311970253e-02 1.572702427028120631e-02 2.026327150889744091e-02
2.072536176919542728e-02 1.821279340090507445e-02 2.055966155246020943e-02
2.219971392218845693e-02 2.084748715363925545e-02 2.012299451023803754e-02
2.271548720263534549e-02 2.243252222283111455e-02 1.949891131201852285e-02
2.305916743269039240e-02 2.392106053370404717e-02 1.864267932676377457e-02
2.303404866918303331e-02 2.537230575304215766e-02 1.769571913232530214e-02
2.233147865181859051e-02 2.672355428517356885e-02 1.647667941972803113e-02
2.118605447400280506e-02 2.753723568695163465e-02 1.534310272745659232e-02
2.044105982510126956e-02 2.788435745103362562e-02 1.470974658444039636e-02
1.942286358387609185e-02 2.814553673683709706e-02 1.482768757665174110e-02
1.823716857756637472e-02 2.824599634989543792e-02 1.490406776770784869e-02
1.666886224207894326e-02 2.819791546947960151e-02 1.553369668418607373e-02
1.560150598162013229e-02 2.816722114910209795e-02 1.580881719763203505e-02
1.431951790891565837e-02 2.805383415872196237e-02 1.622140533608244090e-02
1.319294014373548728e-02 2.792992914506504248e-02 1.657756652854094209e-02
1.207986626845925990e-02 2.777685721079160841e-02 1.693269174871639068e-02
1.093443505530155777e-02 2.755672669725194035e-02 1.727392030078147775e-02
9.639144546724048510e-03 2.723717568198108854e-02 1.762893239484492405e-02
8.147932625841756982e-03 2.670576481481855280e-02 1.793349050979549733e-02
6.835838322829979226e-03 2.609431911865190204e-02 1.811528160345828378e-02
5.656506630670351393e-03 2.559852946669366122e-02 1.834828366353086909e-02
5.400738263964284872e-03 2.551000103506968764e-02 1.841650795896492346e-02
4.889245685777746618e-03 2.527560419811585024e-02 1.851345779400791550e-02
4.200913202543084431e-03 2.515879645781761431e-02 1.878549577617727104e-02
3.309473008494013928e-03 2.512330440118297134e-02 1.919825823400933551e-02
1.357340605784133208e-03 2.451900079791602752e-02 1.967162200251288892e-02
2.738891843144468223e-04 2.403956671633647804e-02 1.980048292068465124e-02
-4.011086731090251784e-04 2.381370251907513960e-02 1.990002293143121326e-02
-1.298666137366069010e-03 2.350301772677519663e-02 2.000928419726981031e-02
-2.613421426725806487e-03 2.303081452976290036e-02 2.011269394588431625e-02
-3.278027896150364617e-03 2.279365777822357775e-02 2.014706165605279278e-02
-3.979677968479236952e-03 2.252829008268224589e-02 2.016798271960411337e-02
-4.344417014627350269e-03 2.252124276088028967e-02 2.021357146808347091e-02
-5.194740461240444918e-03 2.243034630937187565e-02 2.026199032194701127e-02
-6.224119493474725671e-03 2.223731348845404965e-02 2.022533275447827017e-02
-6.856312482800721968e-03 2.205455941151814384e-02 2.014825093875109371e-02
-7.367341704417355516e-03 2.194146537450880619e-02 2.008129834824494420e-02
-7.796560276397646212e-03 2.208092087226249528e-02 2.006404328900953868e-02
-8.454956195390505441e-03 2.212173473116590613e-02 1.998936614845929147e-02
-9.382613314885428213e-03 2.213359767179878812e-02 1.981291102345731150e-02
-1.013589515966956817e-02 2.211519524943085860e-02 1.958147322342168595e-02
-1.071801181039006880e-02 2.208760576400021700e-02 1.935604758494869487e-02
-1.128719053035586589e-02 2.208254726237863716e-02 1.909883282042433572e-02
-1.181083438126340028e-02 2.209528164397844135e-02 1.882398389936068214e-02
-1.238249201535801709e-02 2.214669450950126905e-02 1.847566117127385013e-02
-1.292102490481904405e-02 2.218464058988715501e-02 1.808112191200625732e-02
-1.336149754444003815e-02 2.223176510765829256e-02 1.771811001245015768e-02
-1.384079431207617915e-02 2.230533638694146004e-02 1.728809171878794085e-02
-1.423673064011197857e-02 2.233727942892037299e-02 1.690082301611361970e-02
-1.473212859391766737e-02 2.248037404129470812e-02 1.640224621386150369e-02
-1.513674092123921955e-02 2.254397087360715188e-02 1.593959378442688299e-02
-1.561932959813348842e-02 2.260341095110316237e-02 1.531533879323891852e-02
-1.596583645265416476e-02 2.265924904017107416e-02 1.481853062289898923e-02
-1.633533861749746421e-02 2.265631103482856207e-02 1.421502594568659766e-02
-1.663284615589236473e-02 2.272704762430438272e-02 1.371034397292007073e-02
-1.693695022775047396e-02 2.276585541373651878e-02 1.312888132823836554e-02
-1.722419549896460692e-02 2.284895155259268618e-02 1.253256885002775219e-02
-1.747085771208120933e-02 2.293441544390856235e-02 1.195121717756441639e-02
-1.771295727782374457e-02 2.302384953454491082e-02 1.129299164070911646e-02
-1.796895950452818969e-02 2.313003095131489079e-02 1.039909780015605550e-02
-1.812767204776166707e-02 2.318409022233713923e-02 9.671897602131700883e-03
-1.821301238244138129e-02 2.317546741229540783e-02 9.165615683657386131e-03
-1.835965388428414946e-02 2.335457909180864086e-02 8.514887468570458973e-03
-1.846999356803735726e-02 2.347820760668319073e-02 7.963286311340529722e-03
-1.862553395882446394e-02 2.371188969569711785e-02 7.142368909097704735e-03
-1.873958235100516359e-02 2.395373151672601855e-02 6.516352471451433877e-03
-1.884209929835381492e-02 2.423727401313158225e-02 5.701952243569981607e-03
-1.891977541833628901e-02 2.468252146077637432e-02 4.632595082010557835e-03
-1.878918556739775370e-02 2.497075803268558949e-02 3.022056662488234804e-03
-1.858894977592980349e-02 2.502765636255157439e-02 1.944255781238796296e-03
-1.849629448075690297e-02 2.512728809521089929e-02 1.361784141228948239e-03
-1.844701227108721739e-02 2.522967613905475678e-02 9.468498220838880925e-04
-1.841117730163285837e-02 2.546911948690725597e-02 3.975863635740657220e-04
-1.839454313545132655e-02 2.583006099583358070e-02 -3.288365369994861588e-04
-1.843705259293265328e-02 2.670271020296101708e-02 -1.757869749267932215e-03
-1.841453045475294550e-02 2.757257206769876332e-02 -3.497114797899728445e-03
-1.830146553099954235e-02 2.808378691254100404e-02 -4.863310258111596361e-03
-1.819679922923619214e-02 2.832886943650233386e-02 -5.689207322706247086e-03
-1.798746477442313488e-02 2.868152355089073624e-02 -7.041677744896060291e-03
-1.782736751048945995e-02 2.889972299521192250e-02 -7.957406916987982276e-03
-1.764537380765550389e-02 2.897743507481771383e-02 -8.702174562608269021e-03
-1.756305812151533891e-02 2.918710252413708392e-02 -9.376259230647224913e-03
-1.747541945269161581e-02 2.932529534729863552e-02 -9.938878363118434575e-03
-1.744253763671561180e-02 2.944767930189104085e-02 -1.028765007894770836e-02
-1.736675800469940009e-02 2.997005219834806763e-02 -1.156439993135754615e-02
-1.711796494664438381e-02 3.031602987236150029e-02 -1.303620392603324629e-02
-1.686126930015387909e-02 3.020752050805440569e-02 -1.367883756574121701e-02
-1.673759633022017107e-02 3.063378682464005034e-02 -1.486700866590478023e-02
-1.649529558932052303e-02 2.990408879774004644e-02 -1.436414082429049270e-02
-1.630197251739470138e-02 2.969090764441967983e-02 -1.467053827109681026e-02
-1.597112871699486736e-02 2.904610737244127730e-02 -1.465292430558983935e-02
-1.540237979366025980e-02 2.800397528547164325e-02 -1.460093500112207530e-02
-1.499803104534734415e-02 2.730302574762239268e-02 -1.455105186177899253e-02
-1.482982756412854451e-02 2.702764401755210905e-02 -1.455067712179421158e-02
-1.453470474126778052e-02 2.659937756766567185e-02 -1.472642477290290325e-02
-1.444719481490146576e-02 2.646853053182685045e-02 -1.474507417051357933e-02
-1.419453560432461584e-02 2.619188170295990228e-02 -1.534344818959157940e-02
-1.406057606572254891e-02 2.599923545646624229e-02 -1.546509298456853927e-02
-1.391691445571619466e-02 2.579947666959585967e-02 -1.603065984168989405e-02
-1.399770810726402685e-02 2.585407274227279062e-02 -1.682409708194102654e-02
-1.404292258773741364e-02 2.588125852086589282e-02 -1.710550373361141921e-02
-1.404293524704927978e-02 2.554856053710125030e-02 -1.898539725930739261e-02
-1.348821143910675958e-02 2.448485486699112507e-02 -2.011007875438955081e-02
-1.351667510430024609e-02 2.457083533929316915e-02 -2.026171740042716565e-02
-1.330054386012980566e-02 2.413459546195577399e-02 -2.088394650134507008e-02
-1.324284705124289564e-02 2.388018880372389657e-02 -2.064077708711751016e-02
-1.306590603391072185e-02 2.360960836707711938e-02 -2.135377597793564758e-02
-1.277751483497509971e-02 2.314509169827661667e-02 -2.201775540133497910e-02
-1.260392249756405597e-02 2.297447275448501539e-02 -2.249221115598398421e-02
-1.248170382306767502e-02 2.275034732185935923e-02 -2.263665824409584471e-02
-1.239035271775746835e-02 2.278383295637012931e-02 -2.292860494683513634e-02
-1.238148623928140256e-02 2.353380764789708007e-02 -2.333423020633512701e-02
-1.190144075261229985e-02 2.400053876384254312e-02 -2.398895900124028285e-02
-1.169517306411530996e-02 2.393458936306505982e-02 -2.411064473980948156e-02
-1.158157742730155267e-02 2.402926639900210271e-02 -2.415211581209772418e-02
-1.153469316658558425e-02 2.430751540193802976e-02 -2.408695575786468090e-02
-1.141500844107986266e-02 2.491521648760445726e-02 -2.407896767752855730e-02
-9.996842592035478509e-03 2.456340168863203541e-02 -2.379525436920765236e-02
-9.476253377346352536e-03 2.419725004121460812e-02 -2.321410184355838721e-02
-9.397062202832274710e-03 2.437908284650343316e-02 -2.298680996848262437e-02
-9.022731685440881985e-03 2.320173320270986148e-02 -2.304451576619655911e-02
-8.565883344820947667e-03 2.234096109356722981e-02 -2.260511220846338210e-02
-8.557247081326792987e-03 2.222445154096681919e-02 -2.267110716786051999e-02
-8.513032273508802650e-03 2.222068538730497672e-02 -2.255634077646668720e-02
-8.395683202254275099e-03 2.197442997573232498e-02 -2.252582378848463213e-02
-8.399899749907749347e-03 2.206898328800744463e-02 -2.252806442542713145e-02
-8.364319628230695164e-03 2.207484563855482279e-02 -2.249822985122106045e-02
-8.418834770324127442e-03 2.219961796092797743e-02 -2.268436286896087506e-02
-8.287373873383963030e-03 2.185705799007646097e-02 -2.247116974416833723e-02
-8.466582331203809444e-03 2.241603252226631593e-02 -2.231181973380379560e-02
-8.493888205608719072e-03 2.245764304486330340e-02 -2.233088334837416908e-02
-8.661602582573953504e-03 2.303456358370678872e-02 -2.230981261353841283e-02
-8.833116819265126457e-03 2.354381890272657860e-02 -2.236860235699219754e-02
-9.646283086159715067e-03 2.553405824959741749e-02 -2.228256471233023769e-02
-9.014436762644325099e-03 2.408015209674511936e-02 -2.246083228059246595e-02
-9.050862224312717502e-03 2.418546942530161795e-02 -2.247344826589321720e-02
-9.119917220567784477e-03 2.416059170208736603e-02 -2.269474361884946459e-02
-9.221381855501312869e-03 2.439402303510296646e-02 -2.273173946666380563e-02
-9.189293031126741229e-03 2.404028659529631323e-02 -2.311141133186178989e-02
-9.370123407471587021e-03 2.411728046805964101e-02 -2.328207783561890218e-02
-9.357800130915713485e-03 2.399057319003975591e-02 -2.326788159510608661e-02
-9.481531703563257640e-03 2.400264126885823940e-02 -2.322067651447391051e-02
-9.798295149368871707e-03 2.466630325725088432e-02 -2.293388190495675161e-02
-9.747250121392048161e-03 2.465871533138287372e-02 -2.289954616568055587e-02
-9.924772583372664519e-03 2.492425671377314703e-02 -2.282177683284767472e-02
-1.045314998845152561e-02 2.571474313136653395e-02 -2.272880342739475729e-02
-1.054839899021723683e-02 2.584914589238320598e-02 -2.269875933682795680e-02
-1.073963452018690187e-02 2.590664106807689590e-02 -2.302520674970475259e-02
-1.093744848841971158e-02 2.630929094081178865e-02 -2.269608264495913061e-02
-1.121414568010075004e-02 2.679954404824278630e-02 -2.243856132178727314e-02
-1.258803478077012358e-02 2.853215026158791023e-02 -2.151891731799843513e-02
-1.289543039194984003e-02 2.877616956781251650e-02 -2.013497893593538604e-02
-1.338104044856053970e-02 2.918598921362751744e-02 -1.956304536347718698e-02
-1.319907670936816546e-02 2.901924077615596759e-02 -1.939809048419451412e-02
-1.275124505727864843e-02 2.864458980955204848e-02 -1.949411907355813947e-02
-1.273868856135772915e-02 2.863410644178834841e-02 -1.951643874734792714e-02
-1.270380517414944170e-02 2.861044757996522928e-02 -1.951306558054949000e-02
