2.775441339668585378e-03 8.221118168470896437e-03 7.011210600133691018e-02
2.329526581200160214e-03 8.030113810696948989e-03 7.014755231815451852e-02
-1.184593963501597144e-03 6.541433972674716088e-03 7.031963826979141519e-02
-4.664352197747649066e-03 5.103033188444245326e-03 7.009478331426996500e-02
-8.289784614349014064e-03 3.679800594171755632e-03 6.927947954193880431e-02
-1.309908205724859449e-02 1.953441156409636750e-03 6.767585430479237940e-02
-1.813809783142445245e-02 2.902101401374880410e-04 6.562025047165363778e-02
-2.321517235804976265e-02 -1.329463701605475886e-03 6.316494190737829972e-02
-2.797263266358715125e-02 -2.865397093380719386e-03 6.049412843818733482e-02
-3.616719919294558716e-02 -5.734601456902902426e-03 5.433875625353167677e-02
-3.708795580236846218e-02 -6.076458137731043443e-03 5.362250016072085679e-02
-4.148427300023455749e-02 -7.741614405613697104e-03 4.986890184710598972e-02
-4.975680397586188658e-02 -1.091338037819336408e-02 4.120283953909056884e-02
-5.165226706496765796e-02 -1.171909332075660344e-02 3.700564138562741079e-02
-5.369544770051387639e-02 -1.262783772977248316e-02 3.382019786277866424e-02
-6.161478240205714441e-02 -1.607735520205122448e-02 1.650675794687910328e-02
-6.199504619910248260e-02 -1.626823441004478232e-02 1.223215813587043982e-02
-6.272558136386818806e-02 -1.712106972959321488e-02 8.591756149558217245e-03
-6.450241394287509200e-02 -1.292306490357317435e-02 2.138665498935953414e-04
-6.360554842184756863e-02 -1.566470027486018685e-02 5.871022608542221001e-03
-5.712679201433100429e-02 -2.874679363275201363e-02 -3.899192850962822018e-03
-5.746592219351365216e-02 -1.734621206618509881e-02 -1.080554024528204531e-02
-6.544815958983922488e-02 -5.215101405455190887e-03 -4.026378126748940064e-03
-5.395482176789674622e-02 -2.981898464179591132e-02 -1.054647478953312650e-02
-5.700943954159409799e-02 -1.786216148528550415e-02 -1.126436650576100387e-02
-6.399935779271082037e-02 -1.089806689044519640e-02 -2.817577745964096412e-03
-5.866020658489717876e-02 -1.854320209937227251e-02 -7.914299233548300130e-03
-5.953040916728905702e-02 2.564293338933822889e-03 -1.106275088703943636e-02
-5.876431879009752501e-02 -3.198973667117668319e-03 -1.169107961802025829e-02
-5.856825712027648873e-02 -8.747215187631923858e-05 -1.198314421562659930e-02
-5.944770084040724295e-02 -2.678772057560789739e-03 -1.095559994655470777e-02
-5.903698599062683766e-02 3.860431863167675028e-03 -1.255760349281001033e-02
-6.120536670269624557e-02 -4.274424864597922528e-03 -8.409082701385362998e-03
-5.928283659885841966e-02 8.491435893960599100e-05 -1.086075288218743030e-02
-6.207158051022008266e-02 9.799838455120925274e-03 -1.220723736626390908e-02
-5.950974355681930977e-02 -9.037342728131491157e-03 -1.112924384325989294e-02
-5.863268152328755117e-02 2.256751320086632095e-03 -1.196953959175212079e-02
-6.181069249552104128e-02 1.020851276838512104e-03 -9.010564000597260509e-03
-5.805892625345766139e-02 1.575266277528588471e-02 -1.565554006393681669e-02
-5.654594851187139115e-02 1.940284796044513399e-02 -1.726609918568590071e-02
-5.645442153666138663e-02 1.903736620978123059e-02 -1.715513021719017664e-02
-5.828248834246541055e-02 1.547931214717676238e-02 -1.522445573287015824e-02
-5.352751745385198739e-02 2.466612808330572587e-02 -1.980226919678382616e-02
-5.718411396331542912e-02 1.739489530887737209e-02 -1.676342419252278143e-02
-5.133855556525788316e-02 2.808538229478721449e-02 -2.127251194446345625e-02
-5.174391538895200399e-02 2.748740436496311182e-02 -2.101501642350552673e-02
-4.799543387556031576e-02 3.244690161818598179e-02 -2.309679670686959341e-02
-4.569467643993378736e-02 3.507448582645825846e-02 -2.412230963186296623e-02
-4.310870119424291963e-02 3.770111924120134878e-02 -2.518157819223944618e-02
-4.119195528391126487e-02 3.961086900675363925e-02 -2.598588190520414315e-02
-4.112539023948906525e-02 3.975628263922315747e-02 -2.604577417453765587e-02
-3.831166056130073244e-02 4.269692913605846463e-02 -2.730177659580111313e-02
-3.419523408236817968e-02 4.593860366894362418e-02 -2.868758639242275851e-02
-3.000485185381624592e-02 4.872521661160855028e-02 -2.968415207972572439e-02
-2.892749920092634736e-02 4.935945969802509048e-02 -2.989553496161570859e-02
-2.399639098507058699e-02 5.203964000277361973e-02 -3.070165641209688864e-02
-2.229689093487339721e-02 5.285915622117130785e-02 -3.094010536072866815e-02
-1.912743315512015554e-02 5.462074631149611142e-02 -3.118583821628527139e-02
-1.684300005405552775e-02 5.588752711982451077e-02 -3.128142622956557595e-02
-1.156099018618260074e-02 5.842837343259989213e-02 -3.138591900777162880e-02
-7.297149903968947610e-03 6.018355846204969523e-02 -3.135854782586999095e-02
-3.890557779685164738e-03 6.142004426598421385e-02 -3.140956389666520188e-02
-2.016527917203122210e-03 6.223225643478262625e-02 -3.132425562794934754e-02
5.439373445664505468e-04 6.333143269041770218e-02 -3.123597525808751926e-02
2.045149932644776090e-03 6.420532071668300089e-02 -3.099759210870011925e-02
7.435499375670472956e-03 6.666453248928477793e-02 -3.005745533887379736e-02
1.318847934132551594e-02 6.798801083050447225e-02 -2.868780228356511766e-02
1.605165983489954470e-02 6.843269646320382371e-02 -2.785826815995996047e-02
1.552550857283466028e-02 6.832461289326068055e-02 -2.805016682019369559e-02
1.879531398859989044e-02 6.908620942626261807e-02 -2.672347542987045521e-02
2.058954166691551874e-02 6.959428650848549502e-02 -2.566145621245648212e-02
2.394484988555988653e-02 6.992789293709453236e-02 -2.363163375899204194e-02
2.530915050871873628e-02 7.008798956325704155e-02 -2.258536146727463736e-02
2.603996970398477287e-02 7.016509218731313557e-02 -2.203181375085861218e-02
2.710669668994475368e-02 7.034340749871786924e-02 -2.116913954298261027e-02
2.811333019223768992e-02 7.059392402000776168e-02 -2.020655141473055166e-02
3.073818726463355827e-02 7.108994215718568432e-02 -1.722029538800391377e-02
3.339981649916309858e-02 7.069895018227262407e-02 -1.378460146927019438e-02
3.376190130615574353e-02 7.059097333943578634e-02 -1.333367305060784852e-02
3.496305576098056311e-02 7.023475281906159384e-02 -1.150914325067126792e-02
3.737235617506428492e-02 6.928292015996417863e-02 -7.177366452878102335e-03
3.637865852782166953e-02 6.971363856618932597e-02 -9.022298678995744822e-03
3.757668106475398756e-02 6.919665731309652956e-02 -6.812766449201949556e-03
3.805828864876570350e-02 6.895855102970023520e-02 -5.978443453384273652e-03
3.826442431511874881e-02 6.886493362277135155e-02 -5.584346662985908809e-03
3.863568971129636986e-02 6.902790518916351870e-02 -4.658319761906553648e-03
4.142955158823220796e-02 6.351380757225259799e-02 7.557058063341590831e-03
4.182730690188932177e-02 6.191129144236321574e-02 1.044077859176696654e-02
4.148213260050467865e-02 6.322553075951049817e-02 8.017559571631615797e-03
4.135911691963854719e-02 6.386994928117781245e-02 6.981552283288844883e-03
4.063828903483009125e-02 6.603141589191743877e-02 3.135067938087938554e-03
4.192435027764786215e-02 6.113837537585211507e-02 1.168182766531233006e-02
4.153134144460108451e-02 6.299085872454039670e-02 8.411013739369933503e-03
4.169406845516666210e-02 6.251507001689532439e-02 9.366656076016187382e-03
4.215097972636002582e-02 5.970674155144029688e-02 1.426327946987733866e-02
4.205003652267774034e-02 6.026753474880698624e-02 1.318645380991092728e-02
4.182424229795126541e-02 6.185054275543507701e-02 1.050976130263010268e-02
4.215997345700212007e-02 5.964111005663399329e-02 1.438405547068072159e-02
4.202787798449262452e-02 6.041911319262650154e-02 1.291764479977567520e-02
4.210668831843390747e-02 6.001619772035749617e-02 1.369633347934754754e-02
2.789354500658490759e-03 8.227406801956205912e-03 7.011432897913756623e-02
2.027294540993019277e-03 7.901363871755766322e-03 7.017486602096396908e-02
-1.427582550686594626e-04 6.976245431915839741e-03 7.024986691863269184e-02
-5.182150124497415800e-03 4.894718876529742177e-03 7.004294250028476887e-02
-9.208092639249602224e-03 3.335321794590629003e-03 6.901600962844917087e-02
-1.441222374914340187e-02 1.507691141296658207e-03 6.718924272241644235e-02
-1.983406781979884723e-02 -2.521372156949023028e-04 6.484668539978022395e-02
-2.468719097701752366e-02 -1.799882813960928651e-03 6.238353775166897985e-02
-3.057150574914060254e-02 -3.732639700525304267e-03 5.883186528713995472e-02
-3.364550162047687948e-02 -4.810817720953116002e-03 5.651333373531658433e-02
-3.740076564064731546e-02 -6.196788514784950727e-03 5.327446118123133761e-02
-4.088731043454375824e-02 -7.516047076141375849e-03 5.033755332331790733e-02
-5.167785970821690139e-02 -1.173804314112458259e-02 3.685902636978966029e-02
-5.165222350385603040e-02 -1.171907324211649178e-02 3.700579140207486267e-02
-5.411482664971815904e-02 -1.272255460293369306e-02 3.334219910315124741e-02
-6.086831806872480127e-02 -1.592723582562885834e-02 1.866343112892413295e-02
-6.097106366251987819e-02 -1.598965962673582625e-02 1.566430520464405507e-02
-6.094711706770725157e-02 -1.642022384665580911e-02 1.537545817789814050e-02
-6.247288646482694607e-02 -2.060412232292473805e-02 2.611518510005452105e-03
-5.496051852816364464e-02 -3.096146389468398472e-02 -6.521490645297996040e-03
-2.977126756376996530e-02 -4.804854205541168183e-02 -2.266803743667069465e-02
-5.536666737258872512e-02 -2.428212004939232435e-02 -1.134547029128446863e-02
-5.734703268829444145e-02 -1.808124817874038823e-02 -1.051835569147011040e-02
-5.572525689819069622e-02 -3.015890817109549010e-02 -5.553319369797446274e-03
-5.605626518714571654e-02 -2.182811478222792742e-02 -1.119996385126951870e-02
-2.309987254623916200e-02 -4.974082578395827570e-02 -2.471797268537161488e-02
-5.933629331351813335e-02 -1.435725136423541756e-02 -8.883339235542679624e-03
-5.389917467965334164e-02 -2.859925037033217085e-02 -1.173556718887075294e-02
-9.783587664762252029e-03 -5.297453162131126464e-02 -2.951194919118521956e-02
-2.420426540662000761e-02 -4.830610256397334379e-02 -2.441722869882359537e-02
-1.524806795908154045e-02 -4.842729736230801801e-02 -2.774168961748841103e-02
-2.196722724177826297e-02 -4.940541046961774430e-02 -2.514419773193693475e-02
-1.524912771863495137e-02 -4.844915785332667285e-02 -2.772516497704808486e-02
-1.230527491680306548e-02 -5.037921945942688134e-02 -2.873224975681597237e-02
-1.092563104814104138e-02 -5.247729646291268008e-02 -2.921015030989962055e-02
-5.538490270272338617e-02 -2.303224077780602341e-02 -1.195640294969848270e-02
-2.393919175729929821e-02 -4.910648480125909959e-02 -2.449785485761034332e-02
-5.448549076713951611e-02 -3.123931962098761700e-02 -7.397339817433888978e-03
-1.770321728864921590e-02 -4.784790070851732691e-02 -2.682226519828039349e-02
-2.409426585088126141e-02 -4.895761961496886833e-02 -2.449324215836322025e-02
-5.280604150578525197e-02 -3.474571048448346633e-02 -1.055441751493128334e-02
-3.945773656703578311e-03 -5.357375521853773026e-02 -3.131983644824500035e-02
-1.610743679000464779e-02 -4.785891728222285008e-02 -2.757001948984192166e-02
-5.685779484365122843e-03 -5.320633685365661059e-02 -3.090977908829530690e-02
1.266059684618335394e-02 -5.374169462006782999e-02 -3.421905948413723336e-02
-6.575335287140725120e-03 -5.289425039223203534e-02 -3.075683464564592587e-02
6.660287210050126576e-03 -5.453091501674477148e-02 -3.319814427322063943e-02
1.482148723103986730e-02 -5.334876034142334994e-02 -3.464166108425312945e-02
-1.930111358283563875e-04 -5.424909558837099494e-02 -3.210441143866997471e-02
1.383621107219920945e-02 -5.401051708456840877e-02 -3.393150289324815827e-02
1.687581282472930960e-02 -5.357809560937593085e-02 -3.436370016237033642e-02
2.060680003594303478e-02 -5.332116705046894417e-02 -3.450775976230623099e-02
2.063117350948572362e-02 -5.303069685239360925e-02 -3.482951090193323745e-02
2.256775390184195124e-02 -5.364407432236840967e-02 -3.407135662937429282e-02
2.527598768479118879e-02 -5.289644350038567172e-02 -3.462008246247966908e-02
3.141391059510056927e-02 -5.293393148936298420e-02 -3.339053031270711874e-02
2.661295329007736313e-02 -5.319299836412861443e-02 -3.412788087334621412e-02
3.735603279281310418e-02 -5.156160517809364741e-02 -3.227627738959660403e-02
3.852321042014821700e-02 -5.147393420424645899e-02 -3.167216764691056091e-02
4.309805288064658818e-02 -5.002419847764461025e-02 -3.027966861851964092e-02
4.308754667341122696e-02 -5.002798165371317995e-02 -3.028334483785455680e-02
4.650001279724561704e-02 -4.942778728836071112e-02 -2.830767966174329436e-02
4.740062594985556405e-02 -4.950175159756984439e-02 -2.747751881029933743e-02
5.197666901259540700e-02 -4.823122557831591162e-02 -2.420912335579026090e-02
5.482191198196249143e-02 -4.715667345769729984e-02 -2.166043768777928952e-02
5.504633158144008054e-02 -4.711657125210017005e-02 -2.141217958165200427e-02
5.724435793213936835e-02 -4.630648460189901172e-02 -1.916875589747193270e-02
5.865348262915316691e-02 -4.593105193821005877e-02 -1.747657546136369838e-02
6.102924870639180044e-02 -4.474745988197757762e-02 -1.441242491658710316e-02
6.253759451666565661e-02 -4.374315598362584628e-02 -1.213964893549048657e-02
6.345841398548343615e-02 -4.311523370797491761e-02 -1.064598688365148843e-02
6.475224043002522634e-02 -4.227922824150343734e-02 -8.415747141529542757e-03
6.599893431022567369e-02 -4.120814190014850803e-02 -6.090053675517416096e-03
6.727976656419248913e-02 -3.998397868210012279e-02 -3.546807230248863723e-03
6.799450254232240753e-02 -3.919680085148853632e-02 -2.025781212386984238e-03
6.917514942791096189e-02 -3.778583752785107108e-02 7.756737860601064898e-04
7.002719084332266475e-02 -3.639780446649128892e-02 3.249390765457689425e-03
7.058563679306911753e-02 -3.523365966826220302e-02 5.159433471494312938e-03
7.082150290387383140e-02 -3.469091775912269693e-02 6.148523535448042164e-03
7.120399407609027953e-02 -3.370473564043526687e-02 8.055094183025414759e-03
7.162608283093790940e-02 -3.117049247026055722e-02 1.239541360029501951e-02
7.156416682257432660e-02 -3.187761651471215235e-02 1.127788643933164310e-02
7.168954992313103514e-02 -2.979108187964912141e-02 1.461937932576797168e-02
7.168887548689249767e-02 -2.969101425664544616e-02 1.481200486598707733e-02
7.068163924707518420e-02 -2.442465694288542891e-02 2.237915885790438958e-02
7.135311400251541369e-02 -2.723855554872088580e-02 1.858614814192604756e-02
7.088343088810997172e-02 -2.530589914210420663e-02 2.120620878579011423e-02
7.071766170554304176e-02 -2.454607875656517404e-02 2.221079392123814777e-02
7.032363943011830931e-02 -2.315028014982611210e-02 2.413211398289754131e-02
6.916402766155288484e-02 -2.065336611339024103e-02 2.708693459789256533e-02
7.018534682036453587e-02 -2.275660020259758637e-02 2.465872526685420132e-02
6.625588532692004706e-02 -1.623684523050679743e-02 3.079845115196075053e-02
6.583411188706267403e-02 -1.562896013622602776e-02 3.127604499637090529e-02
6.439751153689189656e-02 -1.345727955449816174e-02 3.310475475486855668e-02
6.542161789733236255e-02 -1.497876652178286791e-02 3.184970157093073434e-02
6.460993988929498999e-02 -1.374835684677785594e-02 3.289091987305660381e-02
6.337948064649601143e-02 -1.190765693662015554e-02 3.443564532152763868e-02
6.357495481403963034e-02 -1.221651426059667221e-02 3.415725270835835020e-02
6.302068808971753033e-02 -1.136489860122852358e-02 3.490044736334622227e-02
6.306554962943153320e-02 -1.143051037049707709e-02 3.484674257071974923e-02
