4.927846789360046387e-02 1.991759426891803741e-02 3.959613665938377380e-02
4.887659102678298950e-02 1.580089144408702850e-02 6.123508512973785400e-02
5.327616631984710693e-02 1.574452593922615051e-02 7.214540988206863403e-02
4.974309355020523071e-02 1.645402982831001282e-02 6.701671332120895386e-02
4.425901174545288086e-02 1.372084673494100571e-02 5.710081383585929871e-02
5.464219301939010620e-02 1.721146330237388611e-02 7.875795662403106689e-02
5.218011513352394104e-02 1.649970747530460358e-02 7.462450861930847168e-02
5.539726465940475464e-02 2.112578600645065308e-02 5.574619024991989136e-02
5.813987925648689270e-02 2.293730899691581726e-02 5.446454882621765137e-02
5.351913720369338989e-02 1.628844812512397766e-02 7.681097835302352905e-02
5.458131060004234314e-02 1.692475937306880951e-02 7.535558193922042847e-02
5.118462815880775452e-02 1.541668642312288284e-02 7.448873668909072876e-02
5.253971740603446960e-02 1.682239398360252380e-02 7.274807244539260864e-02
4.696317389607429504e-02 1.698984019458293915e-02 5.307963117957115173e-02
4.758989810943603516e-02 1.506550982594490051e-02 5.612378567457199097e-02
5.165769904851913452e-02 1.761881262063980103e-02 5.218971520662307739e-02
5.554939433932304382e-02 1.677024364471435547e-02 7.738307863473892212e-02
4.791963472962379456e-02 1.448583975434303284e-02 6.945648044347763062e-02
4.919153824448585510e-02 1.312272343784570694e-02 6.484358012676239014e-02
4.717680811882019043e-02 1.420881692320108414e-02 6.022778898477554321e-02
5.462439358234405518e-02 1.654417440295219421e-02 7.395947724580764771e-02
4.909239336848258972e-02 1.535932533442974091e-02 6.559821963310241699e-02
4.903255775570869446e-02 1.381517201662063599e-02 6.427212059497833252e-02
4.922101274132728577e-02 1.190171204507350922e-02 7.357046008110046387e-02
4.941408336162567139e-02 1.817889325320720673e-02 4.679348319768905640e-02
4.533555731177330017e-02 9.725072421133518219e-03 6.951308250427246094e-02
5.289977043867111206e-02 1.774602010846138000e-02 5.325469374656677246e-02
4.959144815802574158e-02 1.868184097111225128e-02 4.856920242309570312e-02
4.815983027219772339e-02 1.306379865854978561e-02 5.136099085211753845e-02
5.518296360969543457e-02 1.733246631920337677e-02 7.823546975851058960e-02
4.421111568808555603e-02 1.307936478406190872e-02 4.835365340113639832e-02
4.933482035994529724e-02 1.191924978047609329e-02 7.487489283084869385e-02
5.587791278958320618e-02 2.019933424890041351e-02 5.672246962785720825e-02
5.379425361752510071e-02 1.802728697657585144e-02 7.248779386281967163e-02
5.283482000231742859e-02 2.041020244359970093e-02 4.963479191064834595e-02
5.222493037581443787e-02 2.091358602046966553e-02 3.612925484776496887e-02
5.500753223896026611e-02 1.984277367591857910e-02 4.814693331718444824e-02
4.042963311076164246e-02 7.330018095672130585e-03 3.965115174651145935e-02
4.783759638667106628e-02 1.119535975158214569e-02 6.007803231477737427e-02
4.145163297653198242e-02 6.075673736631870270e-03 4.978596046566963196e-02
3.264166414737701416e-02 -1.760901301167905331e-03 3.284772485494613647e-02
4.383205249905586243e-02 9.625499136745929718e-03 5.487394705414772034e-02
4.629886895418167114e-02 1.429225225001573563e-02 5.778131261467933655e-02
5.305176973342895508e-02 1.556713040918111801e-02 7.391840219497680664e-02
4.974363371729850769e-02 1.430169399827718735e-02 6.298583000898361206e-02
4.676228016614913940e-02 7.578268181532621384e-03 7.191829383373260498e-02
4.622115194797515869e-02 7.720808964222669601e-03 7.125204801559448242e-02
4.569978639483451843e-02 1.218675170093774796e-02 6.333895772695541382e-02
4.546945914626121521e-02 8.724582381546497345e-03 6.868044286966323853e-02
4.469562321901321411e-02 9.478169493377208710e-03 5.898185446858406067e-02
5.019057914614677429e-02 1.441415678709745407e-02 7.195202261209487915e-02
4.663147032260894775e-02 1.090627070516347885e-02 6.459567695856094360e-02
5.030586943030357361e-02 1.135249622166156769e-02 6.869477033615112305e-02
4.177789762616157532e-02 2.684926614165306091e-03 6.685364991426467896e-02
4.226059466600418091e-02 2.564229536801576614e-03 6.896069645881652832e-02
4.747863113880157471e-02 6.659067701548337936e-03 7.529808580875396729e-02
4.481501877307891846e-02 9.218704886734485626e-03 6.912530958652496338e-02
4.317766055464744568e-02 3.956751897931098938e-03 6.717693805694580078e-02
4.862029477953910828e-02 8.231612853705883026e-03 5.541897192597389221e-02
4.706962034106254578e-02 5.946180783212184906e-03 5.479198321700096130e-02
5.006980523467063904e-02 9.759321808815002441e-03 5.927301198244094849e-02
3.589775413274765015e-02 4.758163355290889740e-03 1.526663452386856079e-02
5.229555442929267883e-02 2.759697474539279938e-02 -2.479248307645320892e-02
4.779538512229919434e-02 2.323014102876186371e-02 -3.493469674140214920e-03
6.132026389241218567e-02 3.476767241954803467e-02 -5.006276443600654602e-02
6.200047209858894348e-02 3.631844744086265564e-02 -6.181340292096138000e-02
2.644061110913753510e-02 -3.844796679913997650e-03 2.724308706820011139e-02
4.386738315224647522e-02 1.379566360265016556e-02 3.357803076505661011e-02
5.098212137818336487e-02 1.683644764125347137e-02 5.861217901110649109e-02
4.693441838026046753e-02 1.349780987948179245e-02 4.919450357556343079e-02
5.278019234538078308e-02 1.760380528867244720e-02 6.250154227018356323e-02
4.436543583869934082e-02 8.730885572731494904e-03 4.705855995416641235e-02
4.834028333425521851e-02 1.755254156887531281e-02 5.297263339161872864e-02
5.930901691317558289e-02 3.408940136432647705e-02 -5.418437719345092773e-02
5.001753941178321838e-02 1.940337382256984711e-02 4.438158869743347168e-02
5.449979752302169800e-02 2.185743488371372223e-02 3.575267270207405090e-02
5.546663701534271240e-02 2.223939076066017151e-02 3.211988136172294617e-02
4.245976358652114868e-02 1.324055716395378113e-02 3.108946233987808228e-02
4.638201743364334106e-02 2.283025346696376801e-02 -1.689890958368778229e-02
5.719708651304244995e-02 1.950730942189693451e-02 6.901345402002334595e-02
4.604266211390495300e-02 1.505315862596035004e-02 5.645662918686866760e-02
4.374347999691963196e-02 1.392024755477905273e-02 4.931735992431640625e-02
5.208343639969825745e-02 1.560828462243080139e-02 7.058902084827423096e-02
4.910901933908462524e-02 1.682428643107414246e-02 5.827740207314491272e-02
4.919913783669471741e-02 1.843656785786151886e-02 4.794591665267944336e-02
5.003583058714866638e-02 2.138348482549190521e-02 2.831470035016536713e-02
5.149203166365623474e-02 1.992349512875080109e-02 4.779734835028648376e-02
5.058131366968154907e-02 1.792310923337936401e-02 5.948400869965553284e-02
5.012299492955207825e-02 1.649891585111618042e-02 5.570695176720619202e-02
5.339964479207992554e-02 1.645088940858840942e-02 7.060522586107254028e-02
5.132355540990829468e-02 2.038914337754249573e-02 3.827984258532524109e-02
5.545032396912574768e-02 2.168465964496135712e-02 4.571533575654029846e-02
4.883860424160957336e-02 1.929603889584541321e-02 4.345713928341865540e-02
5.679717287421226501e-02 2.231500297784805298e-02 5.374505370855331421e-02
5.702129378914833069e-02 2.222603373229503632e-02 5.711534991860389709e-02
5.099062249064445496e-02 1.953152008354663849e-02 4.817415028810501099e-02
5.054149776697158813e-02 1.586118526756763458e-02 5.145793780684471130e-02
5.975728109478950500e-02 2.327421493828296661e-02 5.726125463843345642e-02
5.288352444767951965e-02 1.993502676486968994e-02 5.507219955325126648e-02
5.714581161737442017e-02 2.207092009484767914e-02 5.453381314873695374e-02
5.546943843364715576e-02 2.129930071532726288e-02 5.117444694042205811e-02
5.548674240708351135e-02 2.184259891510009766e-02 4.834807664155960083e-02
5.437372252345085144e-02 2.537332661449909210e-02 9.362727403640747070e-03
5.071152374148368835e-02 2.007167972624301910e-02 3.649931028485298157e-02
5.262155458331108093e-02 2.086812630295753479e-02 3.281925618648529053e-02
6.520082801580429077e-02 4.550904780626296997e-02 -1.349450051784515381e-01
5.759090557694435120e-02 3.573974221944808960e-02 -9.621755778789520264e-02
4.541598260402679443e-02 1.324607338756322861e-02 5.007280781865119934e-02
3.540148958563804626e-02 2.294452395290136337e-03 2.256782352924346924e-02
6.604412198066711426e-02 4.386046528816223145e-02 -1.211992502212524414e-01
6.152510270476341248e-02 3.894767910242080688e-02 -9.126026928424835205e-02
6.106480211019515991e-02 3.717749938368797302e-02 -7.625812292098999023e-02
6.423410028219223022e-02 4.123720526695251465e-02 -1.026894748210906982e-01
6.249359622597694397e-02 3.583245351910591125e-02 -5.408944562077522278e-02
6.029370054602622986e-02 3.579279035329818726e-02 -6.821028143167495728e-02
3.113400563597679138e-02 1.473327400162816048e-03 1.229375787079334259e-02
4.609064012765884399e-02 1.674538478255271912e-02 9.706780314445495605e-03
5.368075519800186157e-02 2.735901065170764923e-02 -3.822616860270500183e-02
5.254764854907989502e-02 2.363276854157447815e-02 -2.844122983515262604e-02
5.966161936521530151e-02 3.422629460692405701e-02 -6.326274573802947998e-02
5.740787088871002197e-02 2.713997103273868561e-02 -1.244055922143161297e-03
4.967289045453071594e-02 2.225302718579769135e-02 -9.331734851002693176e-03
4.436391219496726990e-02 1.844264008104801178e-02 -3.147926181554794312e-02
5.675946921110153198e-02 3.322067856788635254e-02 -6.300666183233261108e-02
5.821376666426658630e-02 3.389508277177810669e-02 -6.051906198263168335e-02
6.437860429286956787e-02 3.775747865438461304e-02 -6.622455269098281860e-02
6.326404213905334473e-02 3.774692118167877197e-02 -6.707210093736648560e-02
6.351209431886672974e-02 3.789599984884262085e-02 -6.674475967884063721e-02
6.354826688766479492e-02 3.788637742400169373e-02 -6.658767163753509521e-02
6.125968694686889648e-02 3.642675280570983887e-02 -6.196159869432449341e-02
6.219040602445602417e-02 3.667502477765083313e-02 -6.384754180908203125e-02
6.419645249843597412e-02 3.864032030105590820e-02 -6.821629405021667480e-02
6.229287385940551758e-02 3.736494481563568115e-02 -6.577452272176742554e-02
5.921110510826110840e-02 3.544843941926956177e-02 -6.280227005481719971e-02
5.862721800804138184e-02 3.282823041081428528e-02 -5.525916069746017456e-02
6.184697896242141724e-02 3.713453933596611023e-02 -6.572104990482330322e-02
6.383557617664337158e-02 3.879244625568389893e-02 -7.194114476442337036e-02
6.247523427009582520e-02 3.778006136417388916e-02 -6.843701750040054321e-02
5.756093189120292664e-02 3.364809975028038025e-02 -5.652061477303504944e-02
6.266860663890838623e-02 3.967777267098426819e-02 -8.883754163980484009e-02
6.885942071676254272e-02 4.860630631446838379e-02 -1.468499451875686646e-01
6.971693783998489380e-02 5.437634140253067017e-02 -1.909011453390121460e-01
7.103415578603744507e-02 5.641089379787445068e-02 -2.027933597564697266e-01
7.191147655248641968e-02 5.643848329782485962e-02 -1.997565329074859619e-01
7.517036795616149902e-02 5.910726636648178101e-02 -2.094647735357284546e-01
7.335333526134490967e-02 5.785467103123664856e-02 -2.061242610216140747e-01
7.321554422378540039e-02 5.806740373373031616e-02 -2.084036171436309814e-01
7.426460832357406616e-02 5.886463820934295654e-02 -2.110429853200912476e-01
6.983947008848190308e-02 5.483318120241165161e-02 -1.937909424304962158e-01
7.267889380455017090e-02 5.471032857894897461e-02 -1.827813833951950073e-01
7.126116007566452026e-02 5.362572520971298218e-02 -1.783014088869094849e-01
6.814538687467575073e-02 4.844176769256591797e-02 -1.500303745269775391e-01
6.059781834483146667e-02 3.924709558486938477e-02 -9.372732788324356079e-02
1.855012029409408569e-02 -1.155154034495353699e-02 1.959610730409622192e-03
-1.676468923687934875e-02 -2.358322963118553162e-02 8.950235205702483654e-04
1.963013783097267151e-02 -8.811468258500099182e-03 2.874595113098621368e-03
1.912664249539375305e-02 -7.766277529299259186e-03 7.211698684841394424e-03
3.831979259848594666e-02 9.870545938611030579e-03 -2.485728636384010315e-02
1.700127869844436646e-02 -1.341384183615446091e-02 5.916345864534378052e-03
3.100956790149211884e-02 -1.282828859984874725e-03 2.922421321272850037e-02
2.803444303572177887e-02 -2.268142998218536377e-03 9.739630622789263725e-04
-1.362488791346549988e-02 -3.022898361086845398e-02 2.152259927242994308e-03
3.981466963887214661e-02 1.294109039008617401e-02 -3.997765306849032640e-04
1.795257814228534698e-02 -1.043549180030822754e-02 7.334441877901554108e-03
1.390877645462751389e-02 -1.517828740179538727e-02 3.542047226801514626e-03
2.185364812612533569e-02 -8.379977196455001831e-03 7.747293915599584579e-03
-7.639170158654451370e-03 -2.506916038691997528e-02 3.296615905128419399e-04
1.775548607110977173e-02 -1.011213753372430801e-02 6.971142720431089401e-03
1.852141134440898895e-02 -1.155875436961650848e-02 6.116643082350492477e-03
9.756874293088912964e-03 -1.398838590830564499e-02 1.156047917902469635e-02
8.753118105232715607e-03 -1.749817281961441040e-02 9.282493032515048981e-03
2.151983976364135742e-02 -9.922237135469913483e-03 1.006326731294393539e-02
2.389085106551647186e-02 -6.461669690907001495e-03 1.301045250147581100e-02
2.721276879310607910e-02 -6.461412645876407623e-03 1.031666900962591171e-02
1.755489781498908997e-02 -1.210257783532142639e-02 5.677701905369758606e-03
-3.806037362664937973e-03 -3.161748498678207397e-02 7.612591143697500229e-04
-2.109714783728122711e-03 -2.263079956173896790e-02 2.314779558219015598e-04
-2.656396012753248215e-03 -2.526300027966499329e-02 1.141428481787443161e-03
-3.410678589716553688e-03 -2.535855211317539215e-02 2.362949890084564686e-04
2.451460063457489014e-02 -5.892986897379159927e-03 2.092254906892776489e-02
1.656049117445945740e-02 -1.269513648003339767e-02 1.698062010109424591e-02
6.991202943027019501e-03 -4.999771714210510254e-02 3.171078115701675415e-02
7.101268041878938675e-03 -4.919125884771347046e-02 3.203659877181053162e-02
3.089731326326727867e-03 -5.483631417155265808e-02 2.717459760606288910e-02
2.091646194458007812e-03 -5.521948263049125671e-02 2.527276612818241119e-02
8.167487685568630695e-04 -5.655227601528167725e-02 2.386801876127719879e-02
-1.195643283426761627e-02 -4.212895780801773071e-02 2.938897814601659775e-03
6.883324589580297470e-03 -4.349548742175102234e-02 2.503968589007854462e-02
-2.322919853031635284e-02 -7.558075338602066040e-02 -8.961338549852371216e-03
-2.471492998301982880e-02 -7.263712584972381592e-02 -1.417218428105115891e-02
-7.989161647856235504e-03 -5.905992537736892700e-02 8.587097749114036560e-03
-8.548805490136146545e-03 -4.264167696237564087e-02 1.634967047721147537e-04
-2.212465740740299225e-02 -7.549534738063812256e-02 -8.421539328992366791e-03
-4.125335253775119781e-03 -5.473493412137031555e-02 1.302301697432994843e-02
-4.515588749200105667e-03 -4.937323555350303650e-02 9.474950842559337616e-03
-1.382627338171005249e-02 -6.365520507097244263e-02 2.623668988235294819e-04
-1.635455526411533356e-02 -6.794067472219467163e-02 -2.779208356514573097e-03
-9.737216867506504059e-03 -6.008096784353256226e-02 5.628093145787715912e-03
-9.698797017335891724e-03 -5.649183318018913269e-02 4.529774188995361328e-03
-7.937718182802200317e-03 -5.931742489337921143e-02 8.293253369629383087e-03
-1.479342486709356308e-02 -6.030265614390373230e-02 -2.778210211545228958e-03
-2.118898741900920868e-02 -7.063098251819610596e-02 -8.204893209040164948e-03
-1.289747841656208038e-02 -5.732580646872520447e-02 -2.030127361649647355e-04
-1.364081073552370071e-02 -5.990127846598625183e-02 -1.146626542322337627e-03
-1.608124002814292908e-02 -6.480517983436584473e-02 -3.065426601096987724e-03
-1.811732538044452667e-02 -7.082003355026245117e-02 -4.451795481145381927e-03
-1.317069958895444870e-02 -5.919724702835083008e-02 4.041057254653424025e-04
-1.366395503282546997e-02 -5.889621376991271973e-02 -5.894860951229929924e-04
-9.152241051197052002e-03 -5.226565152406692505e-02 2.884627087041735649e-03
-5.695104133337736130e-03 -5.083681643009185791e-02 8.221484720706939697e-03
-4.084082320332527161e-03 -4.184840619564056396e-02 4.146385006606578827e-03
7.868426851928234100e-03 -2.700387872755527496e-02 1.395563688129186630e-02
-1.475480291992425919e-02 -5.449703708291053772e-02 -3.603685414418578148e-03
-1.208030432462692261e-02 -5.089044943451881409e-02 -7.180117536336183548e-04
-2.149015478789806366e-02 -6.398930400609970093e-02 -1.052055507898330688e-02
-3.008099459111690521e-02 -6.868630647659301758e-02 -1.694519445300102234e-02
-3.130225837230682373e-02 -6.523045897483825684e-02 -1.552395615726709366e-02
-2.780259959399700165e-02 -6.292694807052612305e-02 -1.558272168040275574e-02
-3.140558674931526184e-02 -7.263395935297012329e-02 -1.781161874532699585e-02
-2.953189052641391754e-02 -7.924832403659820557e-02 -1.789719983935356140e-02
-3.212645649909973145e-02 -7.661546021699905396e-02 -1.888136193156242371e-02
-2.683258987963199615e-02 -7.740575075149536133e-02 -1.522261556237936020e-02
-2.772577852010726929e-02 -7.810090482234954834e-02 -1.636935956776142120e-02
-2.307426370680332184e-02 -6.928329169750213623e-02 -1.226831134408712387e-02
-2.820839732885360718e-02 -8.331621438264846802e-02 -1.584752462804317474e-02
-2.971154078841209412e-02 -5.882425233721733093e-02 -1.464169751852750778e-02
-2.973734773695468903e-02 -6.674068421125411987e-02 -1.692265272140502930e-02
-2.739183977246284485e-02 -7.958450913429260254e-02 -1.569353416562080383e-02
-2.997931279242038727e-02 -8.159285038709640503e-02 -1.728632114827632904e-02
-3.050861321389675140e-02 -4.941265285015106201e-02 -1.247830316424369812e-02
-2.660134620964527130e-02 -6.988941878080368042e-02 -1.533388439565896988e-02
-2.409649081528186798e-02 -6.906105577945709229e-02 -1.328541897237300873e-02
-2.865070663392543793e-02 -7.494641840457916260e-02 -1.680423505604267120e-02
-2.422473020851612091e-02 -6.350034475326538086e-02 -1.292790006846189499e-02
-2.710163407027721405e-02 -7.620361447334289551e-02 -1.559583004564046860e-02
-2.448512613773345947e-02 -7.073485851287841797e-02 -1.390968356281518936e-02
-2.393757179379463196e-02 -7.122465223073959351e-02 -1.267286203801631927e-02
-2.872785739600658417e-02 -7.222400605678558350e-02 -1.661811955273151398e-02
-2.585930936038494110e-02 -7.271604984998703003e-02 -1.542597170919179916e-02
-2.707108296453952789e-02 -7.558092474937438965e-02 -1.534299086779356003e-02
-2.913530729711055756e-02 -8.089970052242279053e-02 -1.743391156196594238e-02
-2.768933773040771484e-02 -7.207179069519042969e-02 -1.329731009900569916e-02
-3.030994534492492676e-02 -6.087278202176094055e-02 -1.440547779202461243e-02
-2.565165795385837555e-02 -1.993947289884090424e-02 -2.001525601372122765e-03
-3.587063401937484741e-02 -1.118669658899307251e-02 -8.620758540928363800e-03
-2.455820515751838684e-02 -5.703976005315780640e-02 -9.268647991120815277e-03
-1.298505626618862152e-02 -2.992706559598445892e-02 -3.368769073858857155e-03
-2.065046690404415131e-02 -2.590745128691196442e-02 -3.625518875196576118e-03
-1.640022732317447662e-03 -3.472828492522239685e-02 3.913005813956260681e-03
-7.974881678819656372e-03 -3.028848767280578613e-02 1.503866806160658598e-04
-3.287429362535476685e-02 -2.901738882064819336e-02 -1.018165796995162964e-02
-1.848372258245944977e-02 -3.534765914082527161e-02 -5.386473610997200012e-03
-3.041495010256767273e-02 -1.815527863800525665e-02 -5.342025309801101685e-03
-3.264398872852325439e-02 -8.527144044637680054e-02 -2.039510384202003479e-02
-1.978936418890953064e-02 -6.942787766456604004e-02 -7.597054820507764816e-03
-3.375626355409622192e-02 -8.395843952894210815e-02 -2.076078578829765320e-02
-2.441220730543136597e-02 -6.125336140394210815e-02 -1.265069842338562012e-02
-2.089472487568855286e-02 -5.839617922902107239e-02 -7.371766027063131332e-03
-3.316691517829895020e-02 -4.405057430267333984e-02 -1.461352966725826263e-02
-2.033027075231075287e-02 -4.917026683688163757e-02 -7.506655063480138779e-03
-2.612112648785114288e-02 -7.804080843925476074e-02 -1.408816408365964890e-02
-2.349064685404300690e-02 -6.691461801528930664e-02 -1.234860159456729889e-02
-2.121177688241004944e-02 -5.877853557467460632e-02 -9.590015746653079987e-03
-1.747810840606689453e-02 -3.650607541203498840e-02 -5.879228934645652771e-03
-4.622685536742210388e-02 -1.482074894011020660e-02 -1.265644934028387070e-02
-2.971328049898147583e-02 -5.206326767802238464e-02 -1.483854092657566071e-02
-2.946338988840579987e-02 -8.203652501106262207e-02 -1.777586713433265686e-02
-3.299421817064285278e-02 -8.093021810054779053e-02 -2.008644118905067444e-02
-2.795854024589061737e-02 -3.837829455733299255e-02 -9.529592469334602356e-03
-3.213244304060935974e-02 -7.695214450359344482e-02 -1.917084306478500366e-02
-2.591690793633460999e-02 -7.401780784130096436e-02 -1.466066297143697739e-02
-2.399963885545730591e-02 -6.181485205888748169e-02 -1.256737206131219864e-02
-2.514233998954296112e-02 -6.940055638551712036e-02 -1.378695946186780930e-02
-2.758958563208580017e-02 -6.397571414709091187e-02 -1.364240236580371857e-02
-5.488246306777000427e-02 -2.679090015590190887e-03 -1.368032395839691162e-02
-2.700597234070301056e-02 -3.692400455474853516e-02 -1.026691868901252747e-02
-3.136260807514190674e-02 -7.124134898185729980e-02 -1.806346140801906586e-02
-2.698141522705554962e-02 -7.165752351284027100e-02 -1.540718786418437958e-02
-3.344907984137535095e-02 -4.616539925336837769e-02 -1.511854957789182663e-02
-2.678882889449596405e-02 -6.514307856559753418e-02 -1.391398347914218903e-02
-2.563061565160751343e-02 -7.458127290010452271e-02 -1.297117304056882858e-02
-2.525299973785877228e-02 -7.335466891527175903e-02 -1.278461981564760208e-02
-3.265042603015899658e-02 -4.484733566641807556e-02 -1.489441748708486557e-02
-2.958389930427074432e-02 -5.437907576560974121e-02 -1.452911924570798874e-02
-2.908480726182460785e-02 -6.164715066552162170e-02 -1.487211324274539948e-02
-2.990541607141494751e-02 -4.590461775660514832e-02 -1.362593937665224075e-02
-3.098725900053977966e-02 -5.219727754592895508e-02 -1.488994341343641281e-02
-2.846255712211132050e-02 -6.118073314428329468e-02 -1.477463170886039734e-02
-3.368871659040451050e-02 -4.673178121447563171e-02 -1.521229557693004608e-02
-2.409118413925170898e-02 -7.101259380578994751e-02 -1.202538050711154938e-02
-3.473183140158653259e-02 -5.747947841882705688e-02 -1.721027866005897522e-02
-3.428640961647033691e-02 -4.852675274014472961e-02 -1.578963175415992737e-02
-2.372572384774684906e-02 -6.482707709074020386e-02 -1.332834456115961075e-02
-3.192917257547378540e-02 -4.025040566921234131e-02 -1.287693250924348831e-02
-2.626272849738597870e-02 -7.205883413553237915e-02 -1.313068810850381851e-02
-2.690795250236988068e-02 -4.103585332632064819e-02 -1.108290441334247589e-02
-2.980901673436164856e-02 -7.035078853368759155e-02 -1.691491529345512390e-02
-2.813271433115005493e-02 -7.014713436365127563e-02 -1.530129648745059967e-02
-3.978251293301582336e-02 -5.605353787541389465e-02 -1.873440481722354889e-02
-4.167671501636505127e-02 -4.704922065138816833e-02 -1.811118796467781067e-02
-3.488982468843460083e-02 -4.740507155656814575e-02 -1.483788155019283295e-02
-4.997782781720161438e-02 -1.206413493491709232e-03 -1.157934404909610748e-02
-4.607364162802696228e-02 -1.198824867606163025e-02 -1.267260778695344925e-02
-4.459223151206970215e-02 -3.022537752985954285e-02 -1.462932769209146500e-02
-4.018808156251907349e-02 -4.047757014632225037e-02 -1.566600613296031952e-02
-4.196566343307495117e-02 -2.216151356697082520e-02 -1.259260904043912888e-02
-5.261425301432609558e-02 -4.581486340612173080e-03 -1.282850373536348343e-02
-5.111710727214813232e-02 -2.098810859024524689e-03 -1.165018603205680847e-02
-5.673077702522277832e-02 5.674811080098152161e-03 -1.244448032230138779e-02
-4.976516216993331909e-02 4.752147011458873749e-03 -6.094339769333600998e-03
-5.675179883837699890e-02 1.297477353364229202e-02 -1.076529920101165771e-02
-5.603231489658355713e-02 1.364372018724679947e-02 -1.079190522432327271e-02
-5.763526633381843567e-02 4.805097822099924088e-03 -1.282973494380712509e-02
-5.515595152974128723e-02 8.449475280940532684e-03 -1.180214807391166687e-02
-5.401811748743057251e-02 1.528280321508646011e-03 -1.271546818315982819e-02
-5.758732557296752930e-02 1.024313177913427353e-02 -1.178246550261974335e-02
-5.730644986033439636e-02 5.819642450660467148e-03 -1.242392230778932571e-02
-5.080223456025123596e-02 -5.891697364859282970e-04 -1.187328435480594635e-02
-5.527312308549880981e-02 5.819215439260005951e-03 -1.231567561626434326e-02
-5.670180916786193848e-02 8.193983696401119232e-03 -1.223039440810680389e-02
-5.209290236234664917e-02 -1.831898698583245277e-04 -1.224129181355237961e-02
-6.220720335841178894e-02 1.604342833161354065e-02 -1.158159226179122925e-02
-5.940882489085197449e-02 9.670850820839405060e-03 -1.260349433869123459e-02
-4.946607723832130432e-02 7.026101229712367058e-04 -1.087518781423568726e-02
-5.478946864604949951e-02 -1.757972058840095997e-03 -1.164559181779623032e-02
-7.142491638660430908e-02 4.173407703638076782e-02 -5.681535229086875916e-03
-4.922388121485710144e-02 -5.037797614932060242e-02 -2.076424844563007355e-02
-4.453506693243980408e-02 -5.366392061114311218e-02 -1.996687240898609161e-02
-7.290482521057128906e-02 4.666693508625030518e-02 -5.818823818117380142e-03
-6.617632508277893066e-02 2.901928685605525970e-02 -9.456138126552104950e-03
-4.828172549605369568e-02 -4.771191626787185669e-02 -1.985732838511466980e-02
-6.773283332586288452e-02 2.738828770816326141e-02 -1.011088863015174866e-02
-7.444217056035995483e-02 4.348313435912132263e-02 -7.294477429240942001e-03
-5.627361312508583069e-02 2.079791593132540584e-04 -1.336893439292907715e-02
-6.055989116430282593e-02 1.996997557580471039e-02 -1.028601452708244324e-02
-7.007735967636108398e-02 3.263213112950325012e-02 -9.078674949705600739e-03
-6.617774814367294312e-02 2.360937371850013733e-02 -1.067526359111070633e-02
-6.632228940725326538e-02 2.459135092794895172e-02 -1.007229648530483246e-02
-7.384450733661651611e-02 3.939279541373252869e-02 -7.892592810094356537e-03
-7.311775535345077515e-02 3.992367163300514221e-02 -7.736928295344114304e-03
-5.349439382553100586e-02 4.548029974102973938e-03 -1.203664485365152359e-02
-6.910794228315353394e-02 3.772162273526191711e-02 -7.398953661322593689e-03
-7.603123784065246582e-02 4.685010761022567749e-02 -6.793036125600337982e-03
-6.737649440765380859e-02 2.559611201286315918e-02 -1.074955053627490997e-02
-6.314475834369659424e-02 1.542045176029205322e-02 -1.205901429057121277e-02
-5.968775972723960876e-02 6.555776111781597137e-03 -1.321324333548545837e-02
-7.243505865335464478e-02 3.790575638413429260e-02 -7.967536337673664093e-03
-6.869329512119293213e-02 3.093500249087810516e-02 -9.630788117647171021e-03
-6.915161758661270142e-02 3.260751441121101379e-02 -9.003660641610622406e-03
-6.448844075202941895e-02 2.524183131754398346e-02 -9.740190580487251282e-03
-8.065370470285415649e-02 5.297299474477767944e-02 -5.040713585913181305e-03
-8.484737575054168701e-02 7.530261576175689697e-02 2.485826378688216209e-03
-5.307004600763320923e-02 9.074464440345764160e-03 -1.061128824949264526e-02
-7.340593636035919189e-02 4.850371554493904114e-02 -4.677082411944866180e-03
-8.084192872047424316e-02 5.942115560173988342e-02 -3.535210853442549706e-03
-8.274929225444793701e-02 6.793547421693801880e-02 -3.920379385817795992e-04
-6.862955540418624878e-02 3.984849527478218079e-02 -6.637849844992160797e-03
-8.141755312681198120e-02 6.393317878246307373e-02 -1.823414815589785576e-03
-7.688475400209426880e-02 5.080136656761169434e-02 -5.479704588651657104e-03
-8.031889051198959351e-02 6.478529423475265503e-02 -8.682989282533526421e-04
-8.426757901906967163e-02 6.459365040063858032e-02 -1.956516411155462265e-03
-8.057634532451629639e-02 6.077340617775917053e-02 -2.842265879735350609e-03
-7.317602634429931641e-02 4.468892514705657959e-02 -6.518139969557523727e-03
-7.740867137908935547e-02 5.161482095718383789e-02 -4.819213878363370895e-03
-8.388657122850418091e-02 7.505975663661956787e-02 2.349892864003777504e-03
-9.341964125633239746e-02 8.779659122228622437e-02 5.022696219384670258e-03
-8.952915668487548828e-02 8.285894989967346191e-02 4.361900035291910172e-03
-7.925032824277877808e-02 6.121927499771118164e-02 1.226470922119915485e-04
-9.252350777387619019e-02 8.937560021877288818e-02 6.422921549528837204e-03
-9.574787318706512451e-02 9.813778847455978394e-02 9.193955920636653900e-03
-9.417441487312316895e-02 9.949705004692077637e-02 1.026842650026082993e-02
-1.029949337244033813e-01 1.202047839760780334e-01 1.716119423508644104e-02
-1.123201996088027954e-01 1.613236963748931885e-01 3.424460068345069885e-02
-1.161526218056678772e-01 1.682781577110290527e-01 3.616812825202941895e-02
-1.177354976534843445e-01 1.719407588243484497e-01 3.737760707736015320e-02
-1.160168871283531189e-01 1.666374206542968750e-01 3.537610545754432678e-02
-1.174191758036613464e-01 1.741866916418075562e-01 3.868987038731575012e-02
-1.188560277223587036e-01 1.761815100908279419e-01 3.909298032522201538e-02
-1.215702146291732788e-01 1.807971149682998657e-01 4.030219092965126038e-02
-1.175315752625465393e-01 1.731075942516326904e-01 3.809028118848800659e-02
-1.165509000420570374e-01 1.726191639900207520e-01 3.826645016670227051e-02
-1.161208525300025940e-01 1.718641817569732666e-01 3.806886821985244751e-02
