4.927846789360046387e-02 -1.991759426891803741e-02
4.887659102678298950e-02 -1.580089144408702850e-02
5.327616631984710693e-02 -1.574452593922615051e-02
4.974309355020523071e-02 -1.645402982831001282e-02
4.425901174545288086e-02 -1.372084673494100571e-02
5.464219301939010620e-02 -1.721146330237388611e-02
5.218011513352394104e-02 -1.649970933794975281e-02
5.539726465940475464e-02 -2.112578786909580231e-02
5.813987925648689270e-02 -2.293730899691581726e-02
5.351913720369338989e-02 -1.628844998776912689e-02
5.458131060004234314e-02 -1.692475937306880951e-02
5.118462815880775452e-02 -1.541668642312288284e-02
5.253971740603446960e-02 -1.682239398360252380e-02
4.696317389607429504e-02 -1.698984019458293915e-02
4.758989810943603516e-02 -1.506550982594490051e-02
5.165769904851913452e-02 -1.761881262063980103e-02
5.554939433932304382e-02 -1.677024364471435547e-02
4.791963472962379456e-02 -1.448583975434303284e-02
4.919153824448585510e-02 -1.312272343784570694e-02
4.717680811882019043e-02 -1.420881692320108414e-02
5.462439358234405518e-02 -1.654417440295219421e-02
4.909239336848258972e-02 -1.535932533442974091e-02
4.903255775570869446e-02 -1.381517201662063599e-02
4.922101274132728577e-02 -1.190171297639608383e-02
4.941408336162567139e-02 -1.817889325320720673e-02
4.533555731177330017e-02 -9.725072421133518219e-03
5.289977043867111206e-02 -1.774602010846138000e-02
4.959144815802574158e-02 -1.868184097111225128e-02
4.815983027219772339e-02 -1.306379865854978561e-02
5.518296360969543457e-02 -1.733246631920337677e-02
4.421111568808555603e-02 -1.307936478406190872e-02
4.933482035994529724e-02 -1.191924978047609329e-02
5.587791278958320618e-02 -2.019933424890041351e-02
5.379425361752510071e-02 -1.802728697657585144e-02
5.283482000231742859e-02 -2.041020244359970093e-02
5.222493037581443787e-02 -2.091358602046966553e-02
5.500753223896026611e-02 -1.984277367591857910e-02
4.042963311076164246e-02 -7.330018095672130585e-03
4.783759638667106628e-02 -1.119535975158214569e-02
4.145163297653198242e-02 -6.075673736631870270e-03
3.264166414737701416e-02 1.760901301167905331e-03
4.383205249905586243e-02 -9.625499136745929718e-03
4.629886895418167114e-02 -1.429225225001573563e-02
5.305176973342895508e-02 -1.556713040918111801e-02
4.974363371729850769e-02 -1.430169492959976196e-02
4.676228016614913940e-02 -7.578268181532621384e-03
4.622115194797515869e-02 -7.720809429883956909e-03
4.569978639483451843e-02 -1.218675170093774796e-02
4.546945914626121521e-02 -8.724582381546497345e-03
4.469562321901321411e-02 -9.478169493377208710e-03
5.019057914614677429e-02 -1.441415678709745407e-02
4.663147032260894775e-02 -1.090627070516347885e-02
5.030586943030357361e-02 -1.135249622166156769e-02
4.177789762616157532e-02 -2.684926614165306091e-03
4.226059466600418091e-02 -2.564229536801576614e-03
4.747863113880157471e-02 -6.659067701548337936e-03
4.481501877307891846e-02 -9.218704886734485626e-03
4.317766055464744568e-02 -3.956751897931098938e-03
4.862029477953910828e-02 -8.231612853705883026e-03
4.706962034106254578e-02 -5.946180783212184906e-03
5.006980523467063904e-02 -9.759321808815002441e-03
3.589775413274765015e-02 -4.758162889629602432e-03
5.229555442929267883e-02 -2.759697474539279938e-02
4.779538512229919434e-02 -2.323014102876186371e-02
6.132026389241218567e-02 -3.476767241954803467e-02
6.200047209858894348e-02 -3.631844744086265564e-02
2.644061110913753510e-02 3.844796679913997650e-03
4.386738315224647522e-02 -1.379566360265016556e-02
5.098212137818336487e-02 -1.683644764125347137e-02
4.693441838026046753e-02 -1.349780987948179245e-02
5.278019234538078308e-02 -1.760380528867244720e-02
4.436543583869934082e-02 -8.730885572731494904e-03
4.834028333425521851e-02 -1.755254156887531281e-02
5.930901691317558289e-02 -3.408940136432647705e-02
5.001753941178321838e-02 -1.940337382256984711e-02
5.449979752302169800e-02 -2.185743488371372223e-02
5.546663701534271240e-02 -2.223939076066017151e-02
4.245976358652114868e-02 -1.324055716395378113e-02
4.638201743364334106e-02 -2.283025346696376801e-02
5.719708651304244995e-02 -1.950730942189693451e-02
4.604266211390495300e-02 -1.505315862596035004e-02
4.374347999691963196e-02 -1.392024755477905273e-02
5.208343639969825745e-02 -1.560828462243080139e-02
4.910901933908462524e-02 -1.682428829371929169e-02
4.919913783669471741e-02 -1.843656972050666809e-02
5.003583058714866638e-02 -2.138348482549190521e-02
5.149203166365623474e-02 -1.992349512875080109e-02
5.058131366968154907e-02 -1.792310923337936401e-02
5.012299492955207825e-02 -1.649891585111618042e-02
5.339964479207992554e-02 -1.645088940858840942e-02
5.132355540990829468e-02 -2.038914337754249573e-02
5.545032396912574768e-02 -2.168466150760650635e-02
4.883860424160957336e-02 -1.929603889584541321e-02
5.679717287421226501e-02 -2.231500297784805298e-02
5.702129378914833069e-02 -2.222603373229503632e-02
5.099062249064445496e-02 -1.953152008354663849e-02
5.054149776697158813e-02 -1.586118526756763458e-02
5.975728109478950500e-02 -2.327421493828296661e-02
5.288352444767951965e-02 -1.993502676486968994e-02
5.714581161737442017e-02 -2.207092009484767914e-02
5.546943843364715576e-02 -2.129930071532726288e-02
5.548674240708351135e-02 -2.184260077774524689e-02
5.437372252345085144e-02 -2.537332661449909210e-02
5.071152374148368835e-02 -2.007167972624301910e-02
5.262155458331108093e-02 -2.086812630295753479e-02
6.520082801580429077e-02 -4.550904780626296997e-02
5.759090557694435120e-02 -3.573974221944808960e-02
4.541598260402679443e-02 -1.324607338756322861e-02
3.540148958563804626e-02 -2.294452628120779991e-03
6.604412198066711426e-02 -4.386046528816223145e-02
6.152510270476341248e-02 -3.894767910242080688e-02
6.106480211019515991e-02 -3.717749938368797302e-02
6.423410028219223022e-02 -4.123720526695251465e-02
6.249359622597694397e-02 -3.583245351910591125e-02
6.029370054602622986e-02 -3.579279035329818726e-02
3.113400563597679138e-02 -1.473327400162816048e-03
4.609064012765884399e-02 -1.674538478255271912e-02
5.368075519800186157e-02 -2.735901065170764923e-02
5.254764854907989502e-02 -2.363276854157447815e-02
5.966161936521530151e-02 -3.422629460692405701e-02
5.740787088871002197e-02 -2.713997103273868561e-02
4.967289045453071594e-02 -2.225302718579769135e-02
4.436391219496726990e-02 -1.844264008104801178e-02
5.675946921110153198e-02 -3.322067856788635254e-02
5.821376666426658630e-02 -3.389508277177810669e-02
6.437860429286956787e-02 -3.775747865438461304e-02
6.326404213905334473e-02 -3.774692118167877197e-02
6.351209431886672974e-02 -3.789599612355232239e-02
6.354826688766479492e-02 -3.788637742400169373e-02
6.125968694686889648e-02 -3.642675280570983887e-02
6.219040602445602417e-02 -3.667502477765083313e-02
6.419645249843597412e-02 -3.864032030105590820e-02
6.229287385940551758e-02 -3.736494481563568115e-02
5.921110510826110840e-02 -3.544843941926956177e-02
5.862721800804138184e-02 -3.282823041081428528e-02
6.184697896242141724e-02 -3.713453933596611023e-02
6.383557617664337158e-02 -3.879244625568389893e-02
6.247523427009582520e-02 -3.778006136417388916e-02
5.756093189120292664e-02 -3.364809975028038025e-02
6.266860663890838623e-02 -3.967777267098426819e-02
6.885942071676254272e-02 -4.860630631446838379e-02
6.971693783998489380e-02 -5.437634140253067017e-02
7.103415578603744507e-02 -5.641089379787445068e-02
7.191147655248641968e-02 -5.643848329782485962e-02
7.517036795616149902e-02 -5.910726636648178101e-02
7.335333526134490967e-02 -5.785467103123664856e-02
7.321554422378540039e-02 -5.806740373373031616e-02
7.426460832357406616e-02 -5.886463820934295654e-02
6.983947008848190308e-02 -5.483318120241165161e-02
7.267889380455017090e-02 -5.471032857894897461e-02
7.126116007566452026e-02 -5.362572520971298218e-02
6.814538687467575073e-02 -4.844176769256591797e-02
6.059781834483146667e-02 -3.924709558486938477e-02
1.855012029409408569e-02 1.155154034495353699e-02
-1.676468923687934875e-02 2.358323149383068085e-02
1.963013783097267151e-02 8.811468258500099182e-03
1.912664249539375305e-02 7.766277529299259186e-03
3.831979259848594666e-02 -9.870545938611030579e-03
1.700127869844436646e-02 1.341384183615446091e-02
3.100956790149211884e-02 1.282828743569552898e-03
2.803444303572177887e-02 2.268143231049180031e-03
-1.362488791346549988e-02 3.022898361086845398e-02
3.981466963887214661e-02 -1.294109039008617401e-02
1.795257814228534698e-02 1.043549180030822754e-02
1.390877645462751389e-02 1.517828740179538727e-02
2.185364812612533569e-02 8.379977196455001831e-03
-7.639170158654451370e-03 2.506916038691997528e-02
1.775548607110977173e-02 1.011213753372430801e-02
1.852141134440898895e-02 1.155875436961650848e-02
9.756874293088912964e-03 1.398838590830564499e-02
8.753118105232715607e-03 1.749817281961441040e-02
2.151983976364135742e-02 9.922237135469913483e-03
2.389085106551647186e-02 6.461669690907001495e-03
2.721276879310607910e-02 6.461412645876407623e-03
1.755489781498908997e-02 1.210257783532142639e-02
-3.806037362664937973e-03 3.161748498678207397e-02
-2.109714783728122711e-03 2.263079956173896790e-02
-2.656396012753248215e-03 2.526300027966499329e-02
-3.410678589716553688e-03 2.535855211317539215e-02
2.451460063457489014e-02 5.892986897379159927e-03
1.656049117445945740e-02 1.269513648003339767e-02
6.991202943027019501e-03 4.999771714210510254e-02
7.101268041878938675e-03 4.919126257300376892e-02
3.089731326326727867e-03 5.483631417155265808e-02
2.091646194458007812e-03 5.521948263049125671e-02
8.167488267645239830e-04 5.655227601528167725e-02
-1.195643283426761627e-02 4.212895780801773071e-02
6.883324589580297470e-03 4.349548742175102234e-02
-2.322919853031635284e-02 7.558075338602066040e-02
-2.471492998301982880e-02 7.263712584972381592e-02
-7.989161647856235504e-03 5.905992537736892700e-02
-8.548805490136146545e-03 4.264167696237564087e-02
-2.212465740740299225e-02 7.549534738063812256e-02
-4.125335253775119781e-03 5.473493784666061401e-02
-4.515588749200105667e-03 4.937323555350303650e-02
-1.382627338171005249e-02 6.365520507097244263e-02
-1.635455526411533356e-02 6.794067472219467163e-02
-9.737216867506504059e-03 6.008096784353256226e-02
-9.698797017335891724e-03 5.649183318018913269e-02
-7.937717251479625702e-03 5.931742489337921143e-02
-1.479342486709356308e-02 6.030265614390373230e-02
-2.118898741900920868e-02 7.063098251819610596e-02
-1.289747841656208038e-02 5.732580646872520447e-02
-1.364081073552370071e-02 5.990127846598625183e-02
-1.608124002814292908e-02 6.480517983436584473e-02
-1.811732538044452667e-02 7.082003355026245117e-02
-1.317069958895444870e-02 5.919724702835083008e-02
-1.366395503282546997e-02 5.889621376991271973e-02
-9.152241051197052002e-03 5.226565152406692505e-02
-5.695103667676448822e-03 5.083681643009185791e-02
-4.084082320332527161e-03 4.184840619564056396e-02
7.868426851928234100e-03 2.700387872755527496e-02
-1.475480291992425919e-02 5.449703708291053772e-02
-1.208030432462692261e-02 5.089044943451881409e-02
-2.149015478789806366e-02 6.398930400609970093e-02
-3.008099459111690521e-02 6.868630647659301758e-02
-3.130225837230682373e-02 6.523045897483825684e-02
-2.780259959399700165e-02 6.292694807052612305e-02
-3.140558674931526184e-02 7.263395935297012329e-02
-2.953189052641391754e-02 7.924832403659820557e-02
-3.212645649909973145e-02 7.661546021699905396e-02
-2.683258987963199615e-02 7.740575075149536133e-02
-2.772577852010726929e-02 7.810090482234954834e-02
-2.307426370680332184e-02 6.928329169750213623e-02
-2.820839732885360718e-02 8.331621438264846802e-02
-2.971153892576694489e-02 5.882425233721733093e-02
-2.973734773695468903e-02 6.674068421125411987e-02
-2.739183977246284485e-02 7.958450913429260254e-02
-2.997931279242038727e-02 8.159285038709640503e-02
-3.050861321389675140e-02 4.941265285015106201e-02
-2.660134620964527130e-02 6.988941878080368042e-02
-2.409649081528186798e-02 6.906105577945709229e-02
-2.865070663392543793e-02 7.494641840457916260e-02
-2.422473020851612091e-02 6.350034475326538086e-02
-2.710163407027721405e-02 7.620361447334289551e-02
-2.448512613773345947e-02 7.073485851287841797e-02
-2.393757179379463196e-02 7.122465223073959351e-02
-2.872785739600658417e-02 7.222400605678558350e-02
-2.585930936038494110e-02 7.271604984998703003e-02
-2.707108296453952789e-02 7.558092474937438965e-02
-2.913530729711055756e-02 8.089970052242279053e-02
-2.768933773040771484e-02 7.207179069519042969e-02
-3.030994534492492676e-02 6.087278202176094055e-02
-2.565165609121322632e-02 1.993947289884090424e-02
-3.587063401937484741e-02 1.118669752031564713e-02
-2.455820515751838684e-02 5.703976377844810486e-02
-1.298505626618862152e-02 2.992706559598445892e-02
-2.065046690404415131e-02 2.590745128691196442e-02
-1.640022732317447662e-03 3.472828492522239685e-02
-7.974881678819656372e-03 3.028848767280578613e-02
-3.287429362535476685e-02 2.901738882064819336e-02
-1.848372258245944977e-02 3.534765914082527161e-02
-3.041495010256767273e-02 1.815527863800525665e-02
-3.264398872852325439e-02 8.527144044637680054e-02
-1.978936418890953064e-02 6.942787766456604004e-02
-3.375626355409622192e-02 8.395843952894210815e-02
-2.441220730543136597e-02 6.125336140394210815e-02
-2.089472487568855286e-02 5.839617922902107239e-02
-3.316691517829895020e-02 4.405057430267333984e-02
-2.033027075231075287e-02 4.917026683688163757e-02
-2.612112648785114288e-02 7.804080843925476074e-02
-2.349064685404300690e-02 6.691461801528930664e-02
-2.121177688241004944e-02 5.877853557467460632e-02
-1.747810840606689453e-02 3.650607541203498840e-02
-4.622685536742210388e-02 1.482074894011020660e-02
-2.971328049898147583e-02 5.206326767802238464e-02
-2.946338988840579987e-02 8.203652501106262207e-02
-3.299421817064285278e-02 8.093021810054779053e-02
-2.795854024589061737e-02 3.837829455733299255e-02
-3.213244304060935974e-02 7.695214450359344482e-02
-2.591690793633460999e-02 7.401780784130096436e-02
-2.399963885545730591e-02 6.181485205888748169e-02
-2.514233998954296112e-02 6.940055638551712036e-02
-2.758958563208580017e-02 6.397571414709091187e-02
-5.488246306777000427e-02 2.679090015590190887e-03
-2.700597234070301056e-02 3.692400455474853516e-02
-3.136260807514190674e-02 7.124134898185729980e-02
-2.698141522705554962e-02 7.165752351284027100e-02
-3.344907984137535095e-02 4.616539925336837769e-02
-2.678882889449596405e-02 6.514307856559753418e-02
-2.563061565160751343e-02 7.458127290010452271e-02
-2.525299973785877228e-02 7.335466891527175903e-02
-3.265042603015899658e-02 4.484733566641807556e-02
-2.958389930427074432e-02 5.437907576560974121e-02
-2.908480726182460785e-02 6.164715066552162170e-02
-2.990541607141494751e-02 4.590461775660514832e-02
-3.098725900053977966e-02 5.219727754592895508e-02
-2.846255712211132050e-02 6.118073314428329468e-02
-3.368871659040451050e-02 4.673178121447563171e-02
-2.409118413925170898e-02 7.101259380578994751e-02
-3.473183140158653259e-02 5.747947841882705688e-02
-3.428640961647033691e-02 4.852675274014472961e-02
-2.372572384774684906e-02 6.482707709074020386e-02
-3.192917257547378540e-02 4.025040566921234131e-02
-2.626272849738597870e-02 7.205883413553237915e-02
-2.690795250236988068e-02 4.103585332632064819e-02
-2.980901673436164856e-02 7.035078853368759155e-02
-2.813271246850490570e-02 7.014713436365127563e-02
-3.978251293301582336e-02 5.605353787541389465e-02
-4.167671501636505127e-02 4.704922065138816833e-02
-3.488982468843460083e-02 4.740507155656814575e-02
-4.997782781720161438e-02 1.206413493491709232e-03
-4.607364162802696228e-02 1.198824867606163025e-02
-4.459223151206970215e-02 3.022537752985954285e-02
-4.018808156251907349e-02 4.047757014632225037e-02
-4.196566343307495117e-02 2.216151356697082520e-02
-5.261425301432609558e-02 4.581486340612173080e-03
-5.111710727214813232e-02 2.098810859024524689e-03
-5.673077702522277832e-02 -5.674811080098152161e-03
-4.976516216993331909e-02 -4.752147011458873749e-03
-5.675179883837699890e-02 -1.297477353364229202e-02
-5.603231489658355713e-02 -1.364372018724679947e-02
-5.763526633381843567e-02 -4.805097822099924088e-03
-5.515595152974128723e-02 -8.449475280940532684e-03
-5.401811748743057251e-02 -1.528280321508646011e-03
-5.758732557296752930e-02 -1.024313271045684814e-02
-5.730644986033439636e-02 -5.819642450660467148e-03
-5.080223456025123596e-02 5.891697946935892105e-04
-5.527312308549880981e-02 -5.819215439260005951e-03
-5.670180916786193848e-02 -8.193983696401119232e-03
-5.209290236234664917e-02 1.831899135140702128e-04
-6.220720335841178894e-02 -1.604342833161354065e-02
-5.940882489085197449e-02 -9.670850820839405060e-03
-4.946607723832130432e-02 -7.026100065559148788e-04
-5.478946864604949951e-02 1.757972175255417824e-03
-7.142491638660430908e-02 -4.173407703638076782e-02
-4.922388121485710144e-02 5.037797614932060242e-02
-4.453506693243980408e-02 5.366392061114311218e-02
-7.290482521057128906e-02 -4.666693508625030518e-02
-6.617632508277893066e-02 -2.901928685605525970e-02
-4.828172549605369568e-02 4.771191626787185669e-02
-6.773283332586288452e-02 -2.738828770816326141e-02
-7.444217056035995483e-02 -4.348313435912132263e-02
-5.627361312508583069e-02 -2.079791884170845151e-04
-6.055989116430282593e-02 -1.996997557580471039e-02
-7.007735967636108398e-02 -3.263213112950325012e-02
-6.617774814367294312e-02 -2.360937371850013733e-02
-6.632228940725326538e-02 -2.459135092794895172e-02
-7.384450733661651611e-02 -3.939279541373252869e-02
-7.311775535345077515e-02 -3.992367163300514221e-02
-5.349439382553100586e-02 -4.548029974102973938e-03
-6.910794228315353394e-02 -3.772162273526191711e-02
-7.603123784065246582e-02 -4.685010761022567749e-02
-6.737649440765380859e-02 -2.559611201286315918e-02
-6.314475834369659424e-02 -1.542045176029205322e-02
-5.968775972723960876e-02 -6.555776111781597137e-03
-7.243505865335464478e-02 -3.790575638413429260e-02
-6.869329512119293213e-02 -3.093500249087810516e-02
-6.915161758661270142e-02 -3.260751441121101379e-02
-6.448844075202941895e-02 -2.524183131754398346e-02
-8.065370470285415649e-02 -5.297299474477767944e-02
-8.484737575054168701e-02 -7.530261576175689697e-02
-5.307004600763320923e-02 -9.074464440345764160e-03
-7.340593636035919189e-02 -4.850371554493904114e-02
-8.084192872047424316e-02 -5.942115560173988342e-02
-8.274929225444793701e-02 -6.793547421693801880e-02
-6.862955540418624878e-02 -3.984849527478218079e-02
-8.141755312681198120e-02 -6.393317878246307373e-02
-7.688475400209426880e-02 -5.080136656761169434e-02
-8.031889051198959351e-02 -6.478529423475265503e-02
-8.426757901906967163e-02 -6.459365040063858032e-02
-8.057634532451629639e-02 -6.077340617775917053e-02
-7.317602634429931641e-02 -4.468892514705657959e-02
-7.740867137908935547e-02 -5.161482095718383789e-02
-8.388657122850418091e-02 -7.505975663661956787e-02
-9.341964125633239746e-02 -8.779659122228622437e-02
-8.952915668487548828e-02 -8.285894989967346191e-02
-7.925032824277877808e-02 -6.121927499771118164e-02
-9.252350777387619019e-02 -8.937560021877288818e-02
-9.574787318706512451e-02 -9.813778847455978394e-02
-9.417441487312316895e-02 -9.949705004692077637e-02
-1.029949337244033813e-01 -1.202047839760780334e-01
-1.123201996088027954e-01 -1.613236963748931885e-01
-1.161526218056678772e-01 -1.682781577110290527e-01
-1.177354976534843445e-01 -1.719407588243484497e-01
-1.160168871283531189e-01 -1.666374206542968750e-01
-1.174191758036613464e-01 -1.741866916418075562e-01
-1.188560277223587036e-01 -1.761815100908279419e-01
-1.215702146291732788e-01 -1.807971149682998657e-01
-1.175315752625465393e-01 -1.731075942516326904e-01
-1.165509000420570374e-01 -1.726191639900207520e-01
-1.161208525300025940e-01 -1.718641817569732666e-01
