4.563714663389028203e+00 -8.419100491309423617e+00
3.150684904663100916e+00 -7.559312090718194987e+00
2.554621523852064424e+00 -6.568829891029321466e+00
2.430585331799446802e+00 -8.024661168949396739e+00
2.228219359955063705e+00 -7.353075744318027240e+00
1.681411655942365524e+00 -7.631536322489940183e+00
1.563571909690489425e+00 -7.964864164872329511e+00
3.726886610145921708e+00 -7.866454290922861858e+00
5.283104670867713182e+00 -7.969022263328777278e+00
1.297452541081622890e+00 -6.908216413389026478e+00
2.255735713274496401e+00 -6.951379927618244636e+00
1.181900305602936685e+00 -7.197577991775991890e+00
1.930606369810089040e+00 -7.959265015414734634e+00
3.115680164142631714e+00 -7.797529960209601541e+00
2.846619990127009281e+00 -6.887812579754576170e+00
3.932966177940384611e+00 -6.284575628595035823e+00
2.080832661463404953e+00 -6.632709805688354443e+00
1.185802519942576350e+00 -6.544584328712261367e+00
2.611406827022934696e+00 -5.528975448921602087e+00
2.487155314262778028e+00 -6.292081884309014939e+00
2.216967867138225579e+00 -6.286706132540328618e+00
2.468038036288229264e+00 -7.212928816615638006e+00
2.389582906987452571e+00 -5.487828012174956527e+00
1.367926646377025879e+00 -6.060435047298626365e+00
4.122663263434953151e+00 -6.764413757052130549e+00
1.175285932336587180e+00 -5.651821174264291869e+00
3.879709093618318505e+00 -6.069136559596264746e+00
3.947960826759707498e+00 -7.331286577398862470e+00
2.923799704555543943e+00 -4.956997744164015174e+00
1.812862208964579169e+00 -7.012155042942715077e+00
3.280671783117071971e+00 -5.144692848332774737e+00
9.016559499618967966e-01 -5.844311206701759964e+00
4.074440565155825311e+00 -6.935315245577790222e+00
2.452227001211643387e+00 -8.405042315847808254e+00
4.816059200137496887e+00 -8.039598181306091718e+00
5.137777426986126272e+00 -6.553051120021145870e+00
4.355479076616308731e+00 -5.816860085694060878e+00
3.158861713826357498e+00 -3.592517626272435649e+00
2.664505855829149006e+00 -4.548524267563974988e+00
2.117362606897192023e+00 -2.637584684845174721e+00
2.092052947010599517e+00 -1.846316271133270570e+00
2.195069903508852338e+00 -4.660406113006083650e+00
2.128522655002473396e+00 -6.105573842250859862e+00
1.580088299993064105e+00 -6.626246951469036084e+00
2.377145128707122801e+00 -5.915968221727803567e+00
1.582094224498517443e+00 -4.212878531313754671e+00
1.526537258898155835e+00 -5.140366204771475545e+00
1.950279662060369290e+00 -6.265015247978215740e+00
1.266735973875988019e+00 -5.085802313310846756e+00
1.928022434738394075e+00 -4.170896185136272472e+00
1.595147778651289538e+00 -5.638739048236489637e+00
1.856885002644621308e+00 -4.997394584839878640e+00
2.292596181596664007e+00 -5.013402376260148507e+00
2.076038169881949447e+00 -3.363361708930191263e+00
1.504432458189480126e+00 -3.801620684685884655e+00
1.397542744782491075e+00 -4.001867232153140108e+00
1.074939135307100280e+00 -5.470437996974688133e+00
1.951739672006197246e+00 -3.813320678848726164e+00
3.862824139196491480e+00 -4.337846583464363803e+00
3.500556670888701483e+00 -3.595487317469010513e+00
3.023158662240327477e+00 -5.144316850957987519e+00
3.621475304106574811e+00 -2.295254473015811758e+00
6.067313854455481881e+00 -6.340135984125786273e+00
6.016950171716520579e+00 -6.864050396950383437e+00
7.537369319964843939e+00 -6.232088679270218812e+00
7.548869147001999735e+00 -5.523054550641713689e+00
1.847222108594914536e+00 -1.064520061744659074e+00
4.039765477420734108e+00 -5.134652976680514236e+00
3.260125724113594359e+00 -6.230355904019278412e+00
3.524098784567073928e+00 -4.681275212471077474e+00
3.185498324827632288e+00 -6.990437617440353968e+00
3.355188257506221294e+00 -4.210003973873075012e+00
3.839987923112895718e+00 -7.678362986845607807e+00
7.270749112736830888e+00 -5.760761543314800726e+00
4.380560757732454569e+00 -7.357150411289530290e+00
5.695612441734465570e+00 -6.700793732796905822e+00
5.176791962123502344e+00 -6.112084603415405937e+00
4.154366428287743496e+00 -4.711259133350433892e+00
6.282196029488588351e+00 -5.450930690521759381e+00
3.069679261584889574e+00 -7.268956419009703573e+00
3.293842462361957324e+00 -6.790420246153255235e+00
4.057045347878038832e+00 -5.977746595559950471e+00
1.568746736932493002e+00 -7.354461459471621332e+00
3.475546972234913046e+00 -8.033943684991784906e+00
4.316773730628795214e+00 -7.742778131436237388e+00
5.929747816043569486e+00 -7.479186383397594007e+00
4.958702536604739031e+00 -7.648775351949339552e+00
3.217563404693601026e+00 -8.323682171170277755e+00
3.572175806857007530e+00 -6.377367402992875078e+00
2.717127016662322703e+00 -6.351376798849197591e+00
5.031242515735138809e+00 -7.018512191559450386e+00
5.308000002513282745e+00 -7.194218371494915054e+00
5.013903947653910009e+00 -8.358463211924615166e+00
5.290444964482973411e+00 -8.329505448178043281e+00
4.726798695758274604e+00 -8.852355756346726778e+00
4.634096165472303852e+00 -7.653916321056375871e+00
4.109856799317944898e+00 -5.518371849302601717e+00
4.423060906951758575e+00 -8.026766908521649313e+00
4.085511349891367772e+00 -8.283590414411998282e+00
4.059377369412332293e+00 -7.517907197898106020e+00
4.770958708182452490e+00 -7.158854082948725051e+00
4.982889542161705876e+00 -7.219851819355629807e+00
7.030223191299733720e+00 -6.810487128097856946e+00
4.876811577439598366e+00 -5.716328717480214650e+00
5.000472809582884537e+00 -6.830811967361607451e+00
9.019488924990941570e+00 -5.943383538441464609e+00
7.779417559982555019e+00 -4.464457402483674286e+00
3.509076238225856681e+00 -5.018485188046783563e+00
3.212888298428951739e+00 -2.168487069636767739e+00
9.310587716050500617e+00 -5.573201575391269813e+00
9.129270210060125734e+00 -5.380130749405378054e+00
8.512698724347329104e+00 -5.404920105623668647e+00
8.885905626194720242e+00 -5.029101402016251221e+00
7.857958975147823821e+00 -6.088700881841454304e+00
7.915591354422844894e+00 -5.295091401512080687e+00
3.828300795801629075e+00 -2.443132239628126534e+00
5.272656372703421468e+00 -5.093127124279329898e+00
6.627762941463970492e+00 -5.234801511649460615e+00
5.863217437811006683e+00 -4.288497763254291328e+00
7.691183507741483183e+00 -4.999625925603376153e+00
6.320631048424826481e+00 -5.968294729116997210e+00
6.726782263928833494e+00 -5.506553453171131096e+00
5.973748061487423655e+00 -3.850034571032640685e+00
8.947924059500481420e+00 -5.681301276257743282e+00
8.442433755498822023e+00 -6.170943283814624536e+00
8.260677765163514152e+00 -5.653133161149705543e+00
7.814251327836760019e+00 -5.765363236395231183e+00
8.964943468665699911e+00 -6.769009119093725602e+00
9.034891219736355339e+00 -6.554875463958913073e+00
7.883100073500544092e+00 -7.220351270009524036e+00
7.576762836181980099e+00 -5.878630052743686107e+00
8.420893752521267928e+00 -7.327908301503621047e+00
8.642846776166145162e+00 -7.340738952599670242e+00
8.760534339507925594e+00 -7.020420006860016215e+00
8.040001657835206927e+00 -5.832953875070967520e+00
8.510696255472213423e+00 -6.878444782985831729e+00
9.064114536924394727e+00 -7.111949152846009703e+00
8.640680415743922538e+00 -6.600271427184536854e+00
8.184869332112221230e+00 -6.458006359409184327e+00
9.735835638161546512e+00 -6.079324096325803062e+00
1.039807167545134625e+01 -5.520297336164599500e+00
1.142453091177292812e+01 -5.869925817843297366e+00
1.164812742864716100e+01 -6.131617607894288113e+00
1.136961969781879134e+01 -6.261286493186033475e+00
1.158280011914595242e+01 -6.479694572830823951e+00
1.125911404143431760e+01 -6.650144863996686695e+00
1.105003837543285705e+01 -5.922078418745112316e+00
1.098638555308038356e+01 -6.433256924373353058e+00
1.087180106788296818e+01 -6.681344273308858384e+00
1.017560447386653877e+01 -5.856186525256056541e+00
1.063149543206535874e+01 -5.992745623838087177e+00
1.012060561440716810e+01 -5.624624403242020065e+00
9.837315314352879980e+00 -6.324759334919985321e+00
2.561965879040469574e+00 3.008354996085231825e-01
-1.445118190471507802e+00 3.985186689240439506e+00
2.930319068850866238e+00 -4.597175485418006358e-01
1.744828664613219171e+00 -1.264679344650456450e-01
4.700728811762439285e+00 -2.220873306824890481e+00
1.838071453756614293e+00 6.995380909809555403e-01
2.300348314998649002e+00 -2.096716367023545136e+00
3.765223154787007420e+00 -1.748705811688543887e+00
1.745274405639836157e-01 2.476203948392219800e+00
3.886965859977939530e+00 -3.205944127826950929e+00
1.748141036201189102e+00 9.339767021308182926e-01
2.009770520703369368e+00 8.844957472641281626e-01
2.455349171319014090e+00 -4.039536539287401085e-01
-4.864034090967861435e-01 3.018956476535135103e+00
1.794777906616788599e+00 2.003315351016828061e-01
1.568108480144036809e+00 5.628311209843995799e-01
3.952964872918187655e-01 1.378668157325420029e+00
1.186559144196519089e+00 7.410221034980090105e-01
1.495209283887781515e+00 1.172254079346983779e-01
2.363101701473082183e+00 -8.057411674026719872e-01
2.496161636814749230e+00 -9.217085272754702574e-01
1.191015508528578515e+00 9.725241423321465684e-01
6.447621614276961566e-01 3.267635093522684109e+00
-4.933800915920278918e-01 3.179923480363028521e+00
1.486396447233164983e-02 2.841301168722529802e+00
1.626128034692347069e-01 3.322200214263231199e+00
2.578105521396901967e+00 -1.679681076079500457e+00
1.276764927104979463e+00 1.173538929013494547e+00
2.371949830120582803e+00 3.157805157575729188e-02
2.079574809951969083e+00 -9.078639949860632663e-02
2.880377712706310156e+00 2.694136543300916120e+00
2.710577645537580516e+00 2.208972132774158048e+00
2.773709175612374622e+00 3.335412942638577238e+00
1.033612925323176501e+00 4.165685087879997361e+00
2.655119860160616962e+00 9.497660719697443854e-01
2.444605301926506602e+00 6.707653569265837668e+00
3.034010873403547581e+00 8.966668457590005303e+00
2.783772730600005296e+00 3.958011088437227265e+00
5.870098873096766257e-01 4.413700570000656853e+00
2.486137541888775448e+00 6.894164754710332410e+00
2.897578983804689035e+00 3.571758082952274815e+00
2.204663397750223020e+00 2.851459533997181328e+00
2.908767606495195945e+00 5.512841010728447344e+00
2.673663104241065902e+00 5.707136236540581997e+00
2.899587675864720104e+00 4.435822217291378600e+00
2.521656400362814576e+00 4.671617963620839475e+00
2.620923284317240309e+00 3.960517142785902056e+00
2.421276201786270121e+00 6.270286694621193035e+00
2.098515131974190151e+00 6.794429158589658790e+00
1.883084840504726687e+00 4.555343120904044696e+00
2.197732464401153774e+00 5.464549206679237159e+00
2.471127417119644676e+00 5.974778398925447043e+00
2.888973116121015927e+00 6.342386212454237615e+00
2.173329446731980141e+00 5.071244997140641253e+00
2.441430445162252827e+00 5.558599374271262050e+00
2.045419663237907582e+00 3.646528895517513469e+00
2.377115056048322739e+00 3.920322876647936550e+00
1.523559507506916599e+00 3.182507869938269618e+00
2.000188364846254618e+00 1.312266416223091037e+00
1.299318148785304272e+00 5.659972433985022811e+00
1.492054928289975324e+00 5.002335089250165012e+00
2.174110767533368183e+00 7.366784535861413019e+00
5.858799316772341781e-01 9.721462076111942352e+00
8.465651334106889803e-02 7.974111220895001573e+00
2.220537081150353032e-01 9.562575032952814524e+00
-7.024613524012741916e-02 9.878558507331486993e+00
1.885523672267454431e+00 1.027429392412824427e+01
6.891047644805214922e-01 1.004134063440299407e+01
1.925781029550133416e+00 8.794212828554522687e+00
2.412875096716254664e+00 9.664686388606055445e+00
2.372997231641348126e+00 8.650546016209382572e+00
2.577928830744953714e+00 8.998017204688382620e+00
-6.741352278639011208e-01 8.670601384420418611e+00
-5.479249636922568500e-01 9.754606266872572817e+00
2.789630342464058721e+00 8.837860245828730754e+00
1.193021415259137186e+00 8.939868867608868896e+00
-1.045497877224586425e+00 6.961319523612473859e+00
1.174920837453324429e+00 9.671595267053708866e+00
1.923706727694346474e+00 9.106155113889469632e+00
1.189912053165274264e+00 1.008316691615466354e+01
9.921117847821619984e-01 8.576239138350553404e+00
1.770835381952962306e+00 9.589588847212606737e+00
2.759588659947427747e+00 9.102119787752315005e+00
2.580817182544751009e+00 7.938100626796609660e+00
9.307321136891709701e-01 9.524460267833928739e+00
2.380919686191193652e+00 1.018824318436128529e+01
1.959637677396819821e+00 8.520882266043287245e+00
2.133720779333934559e+00 9.608800870023120666e+00
1.371504022522699984e+00 7.980572109154508986e+00
-1.049746580010346264e+00 8.362870287593139551e+00
-1.830763411774622540e+00 4.833896864500553114e+00
-3.499154438094511654e+00 6.322348792328637224e+00
-3.218038718260055608e-01 6.380118738546508794e+00
-2.930879398731259244e-01 4.438301268706228875e+00
-1.620606721060614763e+00 4.897179074303522839e+00
9.746019163464313406e-01 2.610869069323674019e+00
-1.291265271258585090e-01 3.472179090784683009e+00
-2.878321770488488252e+00 6.364448832932959377e+00
-7.028896885882452983e-01 5.306533710583694941e+00
-2.994305808879601294e+00 5.873025697013147806e+00
1.938893095751117679e+00 1.054906256162522382e+01
2.860946557762535036e+00 7.511249887793601587e+00
9.247261007152715040e-01 1.093372348716779996e+01
7.078793256044273452e-01 7.673952922074428251e+00
8.790400918407315078e-01 5.766746946116593442e+00
-1.845395498815689095e+00 8.673570480658542081e+00
2.576997694389703275e-01 6.031543383229313271e+00
2.200525263514583330e+00 7.789224421048129621e+00
1.564376930694407530e+00 7.702368230222904621e+00
9.888121013386081959e-01 7.269346948882668968e+00
-6.017947278242075093e-01 5.602390028070214356e+00
-3.954454282984742886e+00 7.797830953904748341e+00
-8.527814903744009856e-01 9.522193355304944262e+00
1.808821795291581491e+00 9.770593725932862128e+00
2.043514367588890046e-01 1.056435913919060354e+01
-1.849239006864739077e+00 6.301566450708749656e+00
4.213196831632169403e-01 1.046403468565813988e+01
1.651825940225285727e+00 8.827925484383145616e+00
1.094785892761144241e+00 8.156605583781940894e+00
1.203805591050534751e+00 8.440866044735539475e+00
-2.185123794348417525e-01 7.560452967756193132e+00
-4.662343969422183321e+00 9.093241353396248172e+00
-1.446983339115807787e+00 6.566938115778279794e+00
6.247952829103316230e-02 1.044043741123916469e+01
1.045926925422577369e+00 9.295657544162779118e+00
-1.873557984778376984e+00 8.925581711032553045e+00
4.991185696820709672e-01 8.297448606807522609e+00
1.706172206657529555e+00 8.264868889266750784e+00
1.816669561587848980e+00 7.554699324763658019e+00
-2.375709631971066660e+00 9.158959287948841066e+00
-3.772050316541557535e-01 8.213150745147533627e+00
-1.314957925066341793e-01 8.183729313731397781e+00
-1.261474055787218607e+00 8.110386206171886769e+00
-5.802934341240355565e-01 8.353482500226348861e+00
2.137838137481478176e-02 8.464831774696257582e+00
-1.886964914790973946e+00 8.405919781225373200e+00
1.524974181848756771e+00 7.226087195033231048e+00
-1.028196554143922192e+00 9.166885556932927059e+00
-1.618476480910105986e+00 8.918016176829262065e+00
1.613762173263754596e+00 9.038350842716978306e+00
-1.648121861790438292e+00 7.103445033021182020e+00
1.109940413645433166e+00 7.503466597900540158e+00
-1.112385252752665421e+00 6.598258238844392665e+00
4.085586699088151197e-01 9.919326936740164413e+00
6.536477389345903832e-01 8.844929294497475780e+00
-1.655958017569614693e+00 9.236588615695845661e+00
-2.839620864349041263e+00 9.436196358385441130e+00
-2.227900047021091456e+00 8.128279600546068906e+00
-4.756425906270846937e+00 7.931925171639553795e+00
-4.145782460913708611e+00 8.194693376691601472e+00
-3.564433755702889783e+00 8.363805058194063946e+00
-2.472733956285035894e+00 8.412474331277723039e+00
-3.288169944552911783e+00 7.608512718585320300e+00
-4.938611748578460414e+00 7.981844159567080155e+00
-4.747108112992724394e+00 7.299651680296856071e+00
-6.001432633023179974e+00 8.402737177444910444e+00
-5.556720984156956256e+00 7.413030024478293178e+00
-7.201920188774511011e+00 9.075651701821698225e+00
-6.768801201255686628e+00 9.453863868550575589e+00
-5.927780192184854080e+00 8.837673269468037773e+00
-6.325978588351000909e+00 9.483644253537397262e+00
-6.162508249467494537e+00 8.596206439670204702e+00
-6.221873542363813847e+00 9.113529184224951507e+00
-5.683380180118537517e+00 8.244284740853101923e+00
-4.911144658421309650e+00 7.625027004139530717e+00
-5.839288120634607893e+00 8.603929452712932857e+00
-5.808212730566041593e+00 9.682549247617199484e+00
-5.140455017536069704e+00 7.885673105045016840e+00
-7.045237757125083711e+00 9.281373987890001231e+00
-5.951981619263559509e+00 9.892396790182049315e+00
-5.392480651176749795e+00 7.626484719632872000e+00
-4.616940901012216436e+00 6.988611455082492263e+00
-8.181114726864391784e+00 9.981880171793331868e+00
-3.819016612382623688e+00 1.055937606161529096e+01
-2.313825077697901911e+00 1.065379903396122785e+01
-8.470858658551600584e+00 1.239057552613925139e+01
-7.769322515581796651e+00 1.051600934657391484e+01
-2.763870344570126036e+00 1.085566698849742373e+01
-6.536547189820304915e+00 1.107561474680235136e+01
-8.805736164720805448e+00 1.184203491641219053e+01
-5.317577910426635412e+00 9.138007677008221918e+00
-6.762002509746024792e+00 9.794718178292843191e+00
-7.455027046921277822e+00 1.160807050768095294e+01
-6.989249208719974682e+00 1.001105067867096210e+01
-6.843948407811658363e+00 1.161552353347335220e+01
-7.435191563174102569e+00 1.137379695343854102e+01
-8.470364555121273398e+00 1.139277426675791105e+01
-5.615497671465182528e+00 9.081920726664820975e+00
-8.682075595628399256e+00 1.110517093684767254e+01
-8.486622953887135168e+00 1.199651435136142652e+01
-7.443382709239394934e+00 1.049411083266713618e+01
-6.458234216789858984e+00 1.030260050364160485e+01
-5.497216135887880384e+00 8.596061149667868051e+00
-8.220579088988293037e+00 1.032462314335758080e+01
-7.531509059876858814e+00 1.088486155404962830e+01
-7.840107009098339574e+00 1.071454809377471484e+01
-7.190382598161815686e+00 9.975727481952644027e+00
-8.936867896092945074e+00 1.074839679763903533e+01
-1.116779079459029234e+01 1.235334400025847579e+01
-6.787806416961491784e+00 8.667797802476762570e+00
-9.015238620804947089e+00 1.094934955767948459e+01
-9.496035579384685121e+00 1.258467826287279756e+01
-1.000229695219155879e+01 1.237334099954962952e+01
-8.645147535857496734e+00 1.215150828758616086e+01
-1.019299206030174076e+01 1.218813437804161737e+01
-9.150013120927361854e+00 1.202849501688057465e+01
-1.004725866686921876e+01 1.267334580486490125e+01
-9.809727704305320373e+00 1.193098277831374787e+01
-9.554167341484212983e+00 1.227154045519245074e+01
-8.902643392631437891e+00 1.150628178347392883e+01
-9.351614152766009269e+00 1.150886899097579175e+01
-1.034332874164156735e+01 1.303069226037435513e+01
-1.080242662127685982e+01 1.312352584128933408e+01
-1.085017548668626830e+01 1.260200165915149562e+01
-9.479490351654796143e+00 1.116271612605035735e+01
-1.128356665641969236e+01 1.257750589774236616e+01
-1.134080438412217795e+01 1.297663087771588941e+01
-1.133892117274644207e+01 1.327997151120958108e+01
-1.183520931898481443e+01 1.321419105337449373e+01
-1.213643511839834055e+01 1.397736176917751827e+01
-1.302901353466537948e+01 1.363589660959191718e+01
-1.255630597735552278e+01 1.413726774629297367e+01
-1.281033991909498759e+01 1.416639774404857022e+01
-1.278331641619738512e+01 1.335994901094379728e+01
-1.243954122006989493e+01 1.433260622196079126e+01
-1.253387230429339638e+01 1.385777312868381728e+01
-1.302701908156551447e+01 1.338063591891740423e+01
-1.292860204899198351e+01 1.385729813905416030e+01
-1.263739647587433623e+01 1.361987361366005267e+01
