-4.094598770141601562e+01 8.111367225646972656e+00
-4.067626190185546875e+01 3.148787975311279297e+00
-4.010663223266601562e+01 5.151537895202636719e+00
-3.818753814697265625e+01 5.490682601928710938e+00
-3.317965698242187500e+01 -6.352038383483886719e+00
-4.008287811279296875e+01 -4.340589046478271484e+00
-4.421196365356445312e+01 -4.481581211090087891e+00
-4.008251571655273438e+01 9.660096168518066406e+00
-3.915098571777343750e+01 4.387130737304687500e+00
-4.384951019287109375e+01 -1.755363464355468750e+00
-4.087241363525390625e+01 3.486169576644897461e+00
-3.593314743041992188e+01 1.413249850273132324e+00
-4.248057937622070312e+01 5.716640949249267578e+00
-4.157016372680664062e+01 3.419871091842651367e+00
-3.274858093261718750e+01 1.018995761871337891e+00
-4.219533920288085938e+01 5.768195152282714844e+00
-4.059312057495117188e+01 1.483679056167602539e+00
-3.639949035644531250e+01 2.224894762039184570e+00
-3.110774803161621094e+01 4.114131629467010498e-01
-3.342831802368164062e+01 -1.746165633201599121e+00
-3.809426498413085938e+01 -1.324773430824279785e+00
-3.712400817871093750e+01 -1.235046505928039551e+00
-3.131742286682128906e+01 -4.097530841827392578e+00
-4.330990219116210938e+01 -3.047544956207275391e-01
-4.105789184570312500e+01 3.085602521896362305e+00
-2.947601890563964844e+01 -1.007660770416259766e+01
-3.885299301147460938e+01 4.379971027374267578e+00
-3.540719223022460938e+01 2.855945348739624023e+00
-3.177029609680175781e+01 -1.047804236412048340e+00
-3.835920715332031250e+01 -2.771733522415161133e+00
-2.998150825500488281e+01 2.159239292144775391e+00
-3.959281921386718750e+01 -6.490628123283386230e-01
-4.074574661254882812e+01 5.481652259826660156e+00
-3.608197402954101562e+01 3.704388856887817383e+00
-4.464088058471679688e+01 4.744941234588623047e+00
-3.456281661987304688e+01 1.034103775024414062e+01
-3.453561782836914062e+01 4.062199592590332031e+00
-2.457944869995117188e+01 1.300942540168762207e+00
-2.576914978027343750e+01 -6.667830944061279297e+00
-2.074467468261718750e+01 -5.692637443542480469e+00
-1.766816520690917969e+01 -9.034717559814453125e+00
-2.603741264343261719e+01 -6.458577156066894531e+00
-3.692100143432617188e+01 1.788399577140808105e+00
-3.233374786376953125e+01 -5.975676536560058594e+00
-3.636837387084960938e+01 3.542062997817993164e+00
-2.782950592041015625e+01 -6.933329105377197266e+00
-3.288345718383789062e+01 -4.956453800201416016e+00
-3.718705368041992188e+01 3.928111791610717773e+00
-2.778233146667480469e+01 -9.023334503173828125e+00
-2.519766044616699219e+01 -1.014809799194335938e+01
-3.521543502807617188e+01 -1.809934258460998535e+00
-3.219454574584960938e+01 -7.054785251617431641e+00
-3.290530776977539062e+01 -2.445412635803222656e+00
-3.346396636962890625e+01 -4.854146957397460938e+00
-2.777355957031250000e+01 -1.467947769165039062e+01
-2.844503211975097656e+01 -8.365190505981445312e+00
-2.871125030517578125e+01 -4.042321205139160156e+00
-3.167989349365234375e+01 -7.415689468383789062e+00
-2.594599151611328125e+01 2.486017704010009766e+00
-2.581262207031250000e+01 4.456841051578521729e-01
-2.931499290466308594e+01 5.672422409057617188e+00
-2.027268218994140625e+01 2.423550367355346680e+00
-3.694775772094726562e+01 5.051167964935302734e+00
-4.464101791381835938e+01 1.170267868041992188e+01
-4.391971588134765625e+01 1.324187660217285156e+01
-3.896311187744140625e+01 1.082762622833251953e+01
-1.856292152404785156e+01 -8.538171768188476562e+00
-3.431187057495117188e+01 4.707670211791992188e+00
-3.614210891723632812e+01 -4.461816251277923584e-01
-3.215907287597656250e+01 2.253445625305175781e+00
-3.826204299926757812e+01 1.219508528709411621e+00
-2.596820068359375000e+01 -3.813206195831298828e+00
-3.691260910034179688e+01 6.541817665100097656e+00
-4.074314880371093750e+01 1.249703407287597656e+01
-3.895895767211914062e+01 4.724129199981689453e+00
-3.407776260375976562e+01 7.586918830871582031e+00
-3.827939605712890625e+01 9.624578475952148438e+00
-2.929441452026367188e+01 -1.895911574363708496e+00
-3.596429061889648438e+01 6.151792526245117188e+00
-3.798029327392578125e+01 4.396232128143310547e+00
-4.118273162841796875e+01 2.957856893539428711e+00
-3.698787307739257812e+01 -2.147954463958740234e+00
-3.943539810180664062e+01 5.332367420196533203e+00
-3.963214111328125000e+01 9.491751670837402344e+00
-4.492522430419921875e+01 1.151630306243896484e+01
-3.937837219238281250e+01 1.147621440887451172e+01
-4.215744018554687500e+01 1.124564838409423828e+01
-4.562331008911132812e+01 9.956101417541503906e+00
-3.785987854003906250e+01 9.489450454711914062e+00
-4.017253494262695312e+01 7.249958992004394531e+00
-3.891502761840820312e+01 1.137997245788574219e+01
-4.337452316284179688e+01 1.024691009521484375e+01
-4.152954101562500000e+01 9.350625038146972656e+00
-4.045902252197265625e+01 7.145599842071533203e+00
-4.154985809326171875e+01 8.114872932434082031e+00
-4.146830368041992188e+01 3.193953752517700195e+00
-3.240784072875976562e+01 3.470813512802124023e+00
-4.472313308715820312e+01 1.212366008758544922e+01
-4.110770416259765625e+01 9.630392074584960938e+00
-4.342404174804687500e+01 5.383082389831542969e+00
-4.520145797729492188e+01 1.049452495574951172e+01
-3.719447326660156250e+01 1.091644859313964844e+01
-3.691241836547851562e+01 1.293612575531005859e+01
-3.533143234252929688e+01 5.337400913238525391e+00
-3.894186019897460938e+01 9.061070442199707031e+00
-3.709046554565429688e+01 1.330138778686523438e+01
-3.404587936401367188e+01 9.950586318969726562e+00
-2.876272583007812500e+01 1.591437906026840210e-01
-2.155967712402343750e+01 2.925897121429443359e+00
-4.037686538696289062e+01 7.933405876159667969e+00
-3.931255340576171875e+01 9.468499183654785156e+00
-4.308348083496093750e+01 7.237435340881347656e+00
-4.055388641357421875e+01 7.918549537658691406e+00
-4.319488906860351562e+01 8.627212524414062500e+00
-4.295332336425781250e+01 8.034422874450683594e+00
-2.567304611206054688e+01 -5.012366175651550293e-01
-3.414313125610351562e+01 6.784895420074462891e+00
-4.046833801269531250e+01 5.218505859375000000e+00
-3.608658218383789062e+01 6.559817314147949219e+00
-3.582709503173828125e+01 1.044011878967285156e+01
-3.608019638061523438e+01 9.262571334838867188e+00
-3.392443466186523438e+01 2.580295085906982422e+00
-2.993716430664062500e+01 5.157523155212402344e+00
-3.226418304443359375e+01 7.178609371185302734e+00
-3.658367538452148438e+01 9.939636230468750000e+00
-3.779987335205078125e+01 1.108998870849609375e+01
-3.484798431396484375e+01 1.351101875305175781e+01
-3.128114700317382812e+01 1.157231330871582031e+01
-3.156352615356445312e+01 1.202808952331542969e+01
-2.697891235351562500e+01 1.545098018646240234e+01
-2.429474449157714844e+01 1.267208957672119141e+01
-3.169110488891601562e+01 1.305698585510253906e+01
-3.231127166748046875e+01 1.349074554443359375e+01
-3.676074981689453125e+01 1.328952121734619141e+01
-3.594806289672851562e+01 9.086357116699218750e+00
-3.438790512084960938e+01 7.455102920532226562e+00
-3.469046783447265625e+01 1.038485240936279297e+01
-3.276537322998046875e+01 1.243290901184082031e+01
-3.956472396850585938e+01 1.155992317199707031e+01
-3.634896087646484375e+01 9.266423225402832031e+00
-4.200363540649414062e+01 1.249957561492919922e+01
-2.972323799133300781e+01 8.992955207824707031e+00
-2.396181297302246094e+01 1.260293674468994141e+01
-2.821617889404296875e+01 8.966857910156250000e+00
-2.363593292236328125e+01 1.054961967468261719e+01
-2.380223464965820312e+01 8.940338134765625000e+00
-3.170955657958984375e+01 9.617693901062011719e+00
-2.934070396423339844e+01 1.435560226440429688e+01
-3.003443908691406250e+01 1.102699375152587891e+01
-3.605466079711914062e+01 1.240863609313964844e+01
-3.446162796020507812e+01 7.516559123992919922e+00
-3.210118484497070312e+01 9.066340446472167969e+00
-2.956417083740234375e+01 8.276702880859375000e+00
-1.049874591827392578e+01 4.143573760986328125e+00
2.830548048019409180e+00 8.050105094909667969e+00
-1.128286361694335938e+01 2.811735391616821289e+00
-1.389952278137207031e+01 4.001872539520263672e-01
-2.563667488098144531e+01 9.461025595664978027e-01
-1.012402248382568359e+01 -7.419000864028930664e-01
-2.108820915222167969e+01 -7.135840892791748047e+00
-2.020632171630859375e+01 2.055378675460815430e+00
-6.962349891662597656e+00 -6.188395619392395020e-01
-2.587773132324218750e+01 -6.045706868171691895e-01
-8.206933975219726562e+00 -8.974707603454589844e+00
-5.928167819976806641e+00 -1.841341972351074219e+00
-1.684924888610839844e+01 -5.482539653778076172e+00
7.677866458892822266e+00 -6.824237704277038574e-01
-8.603527069091796875e+00 -2.095226287841796875e+00
-6.667882442474365234e+00 -2.105223655700683594e+00
-3.883934497833251953e+00 -1.989824771881103516e+00
-7.448044776916503906e+00 -3.032482147216796875e+00
-1.331023406982421875e+01 -2.846359491348266602e+00
-1.772269058227539062e+01 -8.494552612304687500e+00
-1.920671653747558594e+01 -4.694533348083496094e+00
-1.025176239013671875e+01 9.213647842407226562e-01
7.795234024524688721e-02 -7.784482479095458984e+00
6.835845947265625000e+00 2.879566192626953125e+00
5.475479125976562500e+00 -4.734203815460205078e+00
7.628819942474365234e+00 -6.624116897583007812e+00
-1.943580818176269531e+01 -4.851402282714843750e+00
-7.365995883941650391e+00 -7.471508502960205078e+00
-1.741900062561035156e+01 -1.616921424865722656e+01
-2.013117027282714844e+01 -1.591436672210693359e+01
-9.500969886779785156e+00 -2.225465774536132812e+01
-1.455204010009765625e+01 -2.293073081970214844e+01
-1.260839080810546875e+01 -2.062892150878906250e+01
-3.628127813339233398e+00 -1.767460250854492188e+01
-1.970470046997070312e+01 -2.168927001953125000e+01
4.000326156616210938e+00 -2.100903701782226562e+01
2.121640205383300781e+01 -3.255025863647460938e+01
-3.436534404754638672e+00 -2.462467765808105469e+01
3.284355640411376953e+00 -1.686765861511230469e+01
1.081009674072265625e+01 -3.010531234741210938e+01
-8.684453964233398438e+00 -2.615992164611816406e+01
-8.066655158996582031e+00 -2.133959960937500000e+01
7.119379520416259766e+00 -3.232824707031250000e+01
8.491370201110839844e+00 -3.029564476013183594e+01
-1.182557582855224609e+00 -3.217352294921875000e+01
2.403852462768554688e+00 -2.759214401245117188e+01
-1.418371915817260742e+00 -3.115472602844238281e+01
9.392723083496093750e+00 -3.022658157348632812e+01
1.878379440307617188e+01 -2.836198043823242188e+01
6.717166900634765625e+00 -2.573346519470214844e+01
1.207386493682861328e+01 -2.856758689880371094e+01
9.505019187927246094e+00 -3.146552467346191406e+01
1.457694721221923828e+01 -3.142611122131347656e+01
8.783406257629394531e+00 -2.557846641540527344e+01
1.145734786987304688e+01 -2.957921409606933594e+01
-7.420436143875122070e-01 -2.612750625610351562e+01
-3.945854663848876953e+00 -1.980129623413085938e+01
-1.236255049705505371e+00 -2.019288444519042969e+01
-6.237209320068359375e+00 -1.410868263244628906e+01
5.320952415466308594e+00 -2.407198905944824219e+01
3.684895038604736328e+00 -1.584632301330566406e+01
1.591062641143798828e+01 -2.594400787353515625e+01
3.094447517395019531e+01 -2.126631546020507812e+01
2.634669685363769531e+01 -2.036249923706054688e+01
3.260411834716796875e+01 -2.145050621032714844e+01
3.096047019958496094e+01 -2.384581756591796875e+01
2.909066200256347656e+01 -2.857150650024414062e+01
3.868515777587890625e+01 -2.281869697570800781e+01
2.784782600402832031e+01 -2.866009902954101562e+01
2.705560874938964844e+01 -2.869173812866210938e+01
2.694882011413574219e+01 -3.049399185180664062e+01
2.183996391296386719e+01 -2.558707046508789062e+01
2.890668296813964844e+01 -1.355987548828125000e+01
3.406155776977539062e+01 -1.993558692932128906e+01
2.527634620666503906e+01 -2.720890617370605469e+01
2.834895896911621094e+01 -2.164463043212890625e+01
2.572185707092285156e+01 -1.119249725341796875e+01
3.052220535278320312e+01 -2.107970237731933594e+01
2.420566368103027344e+01 -2.768931770324707031e+01
3.138273239135742188e+01 -2.256281280517578125e+01
2.619481468200683594e+01 -2.130568313598632812e+01
2.288113975524902344e+01 -2.855564689636230469e+01
2.280066490173339844e+01 -2.987093353271484375e+01
2.119667053222656250e+01 -2.968627548217773438e+01
2.857696342468261719e+01 -2.476809501647949219e+01
2.231614494323730469e+01 -2.255658912658691406e+01
2.454624938964843750e+01 -2.661541748046875000e+01
2.307614135742187500e+01 -2.818306922912597656e+01
1.375325965881347656e+01 -2.017867469787597656e+01
2.322850418090820312e+01 -9.628385543823242188e+00
8.552708625793457031e+00 2.906002044677734375e+00
1.892197799682617188e+01 5.243232727050781250e+00
1.319789886474609375e+01 -1.197220993041992188e+01
1.024190616607666016e+01 -9.716515541076660156e+00
1.141270923614501953e+01 3.027664422988891602e-01
1.829084753990173340e+00 -1.068861675262451172e+01
6.478385925292968750e+00 -3.434722900390625000e+00
2.194887542724609375e+01 -1.751981228590011597e-01
1.626177406311035156e+01 -1.302598285675048828e+01
1.394369316101074219e+01 5.399740695953369141e+00
3.549603652954101562e+01 -2.842709922790527344e+01
1.555808448791503906e+01 -3.278186416625976562e+01
3.730958938598632812e+01 -1.808475303649902344e+01
1.839599418640136719e+01 -2.142279815673828125e+01
1.395975399017333984e+01 -1.749836349487304688e+01
3.350308990478515625e+01 -1.053099822998046875e+01
1.084103202819824219e+01 -1.601120376586914062e+01
2.217201614379882812e+01 -2.823009300231933594e+01
2.193189239501953125e+01 -2.594158554077148438e+01
2.014014434814453125e+01 -2.018627548217773438e+01
1.835535240173339844e+01 -7.472479820251464844e+00
3.229468536376953125e+01 -1.019091531634330750e-01
3.666569900512695312e+01 -1.370978927612304688e+01
2.935582733154296875e+01 -2.852689170837402344e+01
4.140760803222656250e+01 -1.776920890808105469e+01
2.143782615661621094e+01 -6.267489433288574219e+00
3.589189910888671875e+01 -2.335814666748046875e+01
2.167973518371582031e+01 -2.465367317199707031e+01
2.017756271362304688e+01 -2.085432434082031250e+01
2.421327590942382812e+01 -2.717599296569824219e+01
2.172021293640136719e+01 -1.900351905822753906e+01
3.716178512573242188e+01 2.650932312011718750e+00
2.495407867431640625e+01 -4.532697200775146484e+00
3.958481597900390625e+01 -2.411824607849121094e+01
3.278931427001953125e+01 -2.522320175170898438e+01
3.685546112060546875e+01 -1.226390933990478516e+01
3.058674812316894531e+01 -2.135876846313476562e+01
2.601428794860839844e+01 -3.056032180786132812e+01
2.343113327026367188e+01 -2.715364265441894531e+01
3.983500671386718750e+01 -7.412168979644775391e+00
3.414177322387695312e+01 -1.533217906951904297e+01
3.287330627441406250e+01 -1.739840507507324219e+01
3.388058471679687500e+01 -1.556118679046630859e+01
3.307131958007812500e+01 -1.726701164245605469e+01
3.251080703735351562e+01 -2.148249053955078125e+01
3.787113952636718750e+01 -1.020138549804687500e+01
2.246841621398925781e+01 -2.462713050842285156e+01
3.587390899658203125e+01 -1.457300376892089844e+01
3.908177566528320312e+01 -1.108068180084228516e+01
3.370228576660156250e+01 -2.462510871887207031e+01
2.968352317810058594e+01 -8.234878540039062500e+00
2.260405158996582031e+01 -2.288424873352050781e+01
2.730851745605468750e+01 -9.721809387207031250e+00
3.159019660949707031e+01 -1.817462730407714844e+01
2.663555908203125000e+01 -2.172933387756347656e+01
3.936451721191406250e+01 -1.233365631103515625e+01
3.841518783569335938e+01 -2.494401693344116211e+00
2.616416358947753906e+01 -6.592157363891601562e+00
2.964860153198242188e+01 4.026367664337158203e+00
3.523533248901367188e+01 1.755196809768676758e+00
3.320578765869140625e+01 -1.252838730812072754e+00
3.618420410156250000e+01 -9.675731658935546875e+00
2.898169708251953125e+01 1.739789962768554688e+00
3.203944015502929688e+01 5.765692710876464844e+00
2.521930503845214844e+01 9.304605484008789062e+00
3.502501296997070312e+01 8.936842918395996094e+00
1.208674621582031250e+01 2.388402366638183594e+01
3.373368072509765625e+01 1.784974098205566406e+01
4.248141860961914062e+01 1.404688549041748047e+01
3.945241165161132812e+01 1.204375839233398438e+01
4.161619949340820312e+01 1.115247249603271484e+01
3.794697952270507812e+01 7.660348415374755859e+00
4.216075134277343750e+01 7.275555610656738281e+00
3.790573120117187500e+01 1.118332672119140625e+01
3.515713882446289062e+01 8.140895843505859375e+00
3.722631835937500000e+01 1.062670040130615234e+01
3.970385742187500000e+01 4.920435428619384766e+00
3.301950073242187500e+01 1.051496791839599609e+01
4.113454055786132812e+01 1.618298721313476562e+01
3.863595199584960938e+01 1.266317749023437500e+01
2.708735466003417969e+01 1.368314266204833984e+01
1.990585899353027344e+01 1.350663089752197266e+01
3.401539611816406250e+01 2.746837234497070312e+01
4.716268157958984375e+01 -2.817879915237426758e-01
4.467319488525390625e+01 -5.613082885742187500e+00
4.974057006835937500e+01 2.424634742736816406e+01
4.489363479614257812e+01 1.675370788574218750e+01
5.105678176879882812e+01 -2.765993595123291016e+00
5.126904678344726562e+01 1.059299373626708984e+01
5.173616027832031250e+01 2.094309425354003906e+01
3.862879943847656250e+01 6.995372295379638672e+00
4.393324279785156250e+01 1.389446640014648438e+01
5.167145156860351562e+01 1.646805953979492188e+01
4.586331176757812500e+01 1.617420959472656250e+01
5.559885787963867188e+01 1.179767894744873047e+01
4.966769409179687500e+01 1.597154617309570312e+01
4.938828659057617188e+01 2.065539550781250000e+01
4.093935012817382812e+01 1.077159881591796875e+01
5.008477020263671875e+01 2.354738616943359375e+01
5.350780105590820312e+01 2.111063957214355469e+01
4.553187179565429688e+01 1.650253486633300781e+01
4.668828582763671875e+01 9.674936294555664062e+00
3.764521026611328125e+01 1.047030162811279297e+01
4.599714660644531250e+01 2.127983665466308594e+01
5.069753646850585938e+01 1.749047660827636719e+01
4.951248931884765625e+01 1.670401763916015625e+01
4.537905883789062500e+01 1.650930404663085938e+01
4.481620025634765625e+01 2.734772109985351562e+01
4.117678833007812500e+01 3.203695297241210938e+01
3.756848526000976562e+01 1.948508644104003906e+01
4.568361282348632812e+01 2.165278244018554688e+01
5.653886032104492188e+01 3.171961975097656250e+01
5.559989547729492188e+01 3.083967018127441406e+01
5.473923110961914062e+01 2.227593803405761719e+01
5.505104446411132812e+01 3.319564437866210938e+01
5.492256546020507812e+01 2.702684402465820312e+01
5.115413665771484375e+01 3.220181655883789062e+01
4.677561569213867188e+01 3.075715255737304688e+01
5.360715103149414062e+01 2.875359916687011719e+01
5.162797164916992188e+01 2.790056610107421875e+01
4.919371795654296875e+01 2.591793441772460938e+01
5.923115158081054688e+01 3.670492553710937500e+01
5.396643447875976562e+01 3.674318313598632812e+01
5.015436553955078125e+01 3.540475463867187500e+01
4.070479583740234375e+01 3.189147567749023438e+01
3.450195693969726562e+01 3.692743301391601562e+01
4.213257980346679688e+01 3.960871887207031250e+01
5.500458145141601562e+01 4.223858642578125000e+01
4.435527420043945312e+01 4.419363784790039062e+01
3.505981826782226562e+01 4.299459457397460938e+01
3.413384246826171875e+01 4.477947235107421875e+01
3.089085197448730469e+01 5.011870956420898438e+01
3.570553970336914062e+01 4.943042755126953125e+01
2.682308578491210938e+01 4.373610687255859375e+01
3.059962844848632812e+01 4.809154891967773438e+01
2.116722869873046875e+01 4.419787216186523438e+01
1.735767936706542969e+01 4.066759109497070312e+01
1.235595798492431641e+01 4.439620971679687500e+01
1.864648246765136719e+01 4.189949798583984375e+01
