-4.826265689133805992e-02 6.984445946427850736e-03 -1.393057290123236648e-06
-4.693643187237019065e-02 4.789110363115625310e-03 2.955052757736005998e-03
-4.635283094553321187e-02 3.086056589309243547e-03 4.597476657394068515e-03
-4.806308699776639520e-02 6.050342029352223996e-03 4.248630332709320799e-03
-4.504661954785775524e-02 2.978169193534973332e-03 2.729145706503434844e-03
-4.896291550174140111e-02 6.808159372705971379e-03 7.235845072170842517e-03
-4.894269018899016083e-02 6.771476894852715596e-03 7.169313362539756970e-03
-5.056826866582447844e-02 8.931702313035144378e-03 3.816620680602372372e-03
-4.921067471253075948e-02 8.167590665141799891e-03 2.108817510342741834e-03
-4.771400448595122107e-02 5.574461394325836046e-03 6.452236170356819012e-03
-4.650291508231740173e-02 4.547272458433383041e-03 5.420406681456989804e-03
-4.723470392337171531e-02 5.266485265798382005e-03 6.190731521627056318e-03
-4.906311793201053456e-02 6.754706036396626243e-03 6.221778374063694807e-03
-4.881881150501810041e-02 7.105125621968545573e-03 2.905614465531163038e-03
-4.219028310929118925e-02 3.780864797806582616e-04 1.652795196223176143e-04
-4.525638312572044519e-02 3.145276777343551308e-03 7.131076818106707894e-04
-4.703515696946976993e-02 4.496365926509983749e-03 5.626115912955043270e-03
-4.745376213892801842e-02 5.404667439876041993e-03 6.280691448986572452e-03
-3.975482445192385361e-02 -2.107147980299501049e-03 -6.323147054984061457e-04
-4.483263241576856267e-02 2.922031790458525739e-03 1.953776053590410271e-03
-4.619171466701479239e-02 3.974749869311753302e-03 3.819066454260935158e-03
-4.718451696513233790e-02 5.188283515295018591e-03 4.558241209242874965e-03
-4.171843313465454367e-02 7.647766442582884256e-05 2.938046178806824854e-04
-4.645395083668939912e-02 3.139554874853433750e-03 6.297330168583584013e-03
-4.681348044114148899e-02 5.312200356390411535e-03 1.208157639547750547e-03
-4.392599781501906747e-02 -5.485702868269814379e-05 6.656125023335351595e-03
-4.308928326681114168e-02 1.657110667243642116e-03 -1.139779006809316835e-03
-4.900334486535736639e-02 7.505484830869523991e-03 2.715018563331087972e-03
-3.786743841314731129e-02 -3.691744342847056142e-03 -3.414190804671840985e-03
-4.665559544917754348e-02 4.499142971916896168e-03 5.084258983099344473e-03
-3.789149636156362300e-02 -3.111572113076381107e-03 -3.657578210684019147e-03
-4.595805850040959178e-02 3.099521124295236043e-03 6.077957226309169472e-03
-4.758310280177518309e-02 5.945221366253007622e-03 3.636067702500768157e-04
-4.888216495982712628e-02 6.857546573233184832e-03 4.916901484587784393e-03
-5.007481720694315769e-02 8.646896902879761676e-03 2.522809696133952988e-03
-4.716421271373335417e-02 6.735165767951625457e-03 -9.275892162810969125e-04
-4.532706367040385126e-02 4.495876249728033604e-03 -8.153592970192984632e-04
-2.910848440758514663e-02 -1.025521763443438747e-02 -9.515135650300852316e-03
-3.744558737225958667e-02 -3.786294004759726845e-03 -2.704309638948379675e-03
-3.472841512118220869e-02 -5.878093144966244771e-03 -5.112495621676481881e-03
-2.167163302799661115e-02 -1.685405998335720232e-02 -1.062971757464470195e-02
-3.640271802410938867e-02 -4.608050385177140003e-03 -3.961115072261060278e-03
-4.348439376332299128e-02 1.434863509272861059e-03 2.806954181205841524e-03
-4.532025480115576405e-02 3.028338914665697126e-03 4.286448251614601544e-03
-4.075790461640892842e-02 -1.010450051135488182e-03 -5.237072331662463937e-04
-4.172418491648075684e-02 -1.708994787155206606e-03 5.014500960441705193e-03
-4.059092105489581215e-02 -2.866845154615075327e-03 4.527704652706743271e-03
-4.392463156607748220e-02 1.102974268411911892e-03 4.347051368250056530e-03
-4.236540869434241713e-02 -1.476790498240520633e-03 6.191365232193837831e-03
-3.497169558354047691e-02 -6.815627536115051108e-03 -2.420879652933504052e-03
-4.177386150145528249e-02 -1.276180183914758933e-04 2.087736892891555590e-03
-3.730587000534767161e-02 -4.773558146449295193e-03 -5.066918307194861245e-04
-4.074348359736652825e-02 -2.308353305641874624e-03 2.472193722579836377e-03
-4.115930733844862244e-02 -3.281035304902245233e-03 6.668000718674169970e-03
-3.921816253772640593e-02 -5.679418555405322741e-03 6.670515043014645790e-03
-4.230150329223840433e-02 -1.620545147106624553e-03 6.249391486839798483e-03
-4.420504391439263742e-02 5.029187452306158089e-04 6.613432413009365241e-03
-3.967021695562006345e-02 -5.260767680586962182e-03 5.727849524980987636e-03
-3.561693521544720409e-02 -9.955055014238996247e-03 3.600640479041071138e-04
-3.661869842915721485e-02 -8.100287847602270774e-03 4.456715140664740363e-04
-3.818045629035484584e-02 -6.261590504342828822e-03 4.895506631019227095e-04
-2.874754348848055849e-02 -1.113143330039491688e-02 -1.039585485800677278e-02
-4.614945533418195189e-02 6.677202321005106314e-03 -5.472479385082535015e-03
-4.795569278243552030e-02 8.161237017283801132e-03 -4.088713450806112822e-03
-4.925461998571414174e-02 1.245890783053000238e-02 -6.103848770858072079e-03
-4.939479918183733304e-02 1.410070064918125636e-02 -6.200844546042091378e-03
-2.179011885042451621e-02 -1.801677050212741743e-02 -7.894417555708412373e-03
-3.983078122942558530e-02 -1.406680523061507732e-03 -4.756802187779954859e-03
-4.337578275376435116e-02 1.763617263560529613e-03 -8.034862878019547513e-04
-3.785282021702338073e-02 -3.134309511522000592e-03 -3.781143615564339349e-03
-4.292891074369633436e-02 1.226430761704220456e-03 -1.958051373399891126e-04
-3.299042123193522691e-02 -7.919307445989053409e-03 -5.727471345188699277e-03
-4.635537398027074485e-02 4.862731793958684733e-03 -3.826541523953673886e-04
-4.794457143050034204e-02 1.017650979909250943e-02 -6.539556294334872635e-03
-4.867274986180260971e-02 7.257134120957113403e-03 3.914140328609218593e-04
-4.479632517380301854e-02 4.106838521594336974e-03 -2.142372126154235955e-03
-4.532339541723624105e-02 4.052988970395512633e-03 -2.077651851165156823e-03
-3.454783114996004545e-02 -5.998853190943118259e-03 -7.126305909858314004e-03
-4.497580668602860904e-02 5.372744965760681106e-03 -6.024566296980898503e-03
-4.682637704764079645e-02 5.093927019343323648e-03 1.994080442693251919e-03
-4.726469334442206377e-02 5.122619509127931785e-03 2.403219841306287931e-03
-4.229202815147044964e-02 7.537542729414937678e-04 -1.463455622826697342e-03
-4.581523150655696097e-02 3.180211510107427281e-03 3.464855066204908501e-03
-4.811571311572636345e-02 5.977535710046690681e-03 2.896346026131791773e-03
-4.862952496987928142e-02 7.242270024922960701e-03 1.375395990380820065e-03
-4.767115607831438895e-02 7.000457016554726200e-03 -1.456611849761634556e-03
-4.809095036976256815e-02 6.699370094836948689e-03 1.486871420628202043e-03
-4.959805756994176140e-02 7.642024878538987084e-03 3.764076575577216411e-03
-4.631754407774317517e-02 4.425140346274111097e-03 5.072666641035613461e-04
-4.878201009969954094e-02 6.151015798635904933e-03 4.445886387453371058e-03
-4.624204920170316840e-02 5.201756730114539228e-03 -6.577444383752905320e-04
-4.783359421584821441e-02 6.158190281225151691e-03 1.259044135629335795e-04
-4.867013005159764177e-02 7.449450336552950261e-03 6.810648460496609904e-04
-5.002163456964595079e-02 8.860499405740128107e-03 2.446241511115093865e-03
-5.071059663948235957e-02 9.276356374023707330e-03 3.458571120606478925e-03
-4.780947794758189789e-02 6.696865093538354775e-03 6.316791265255898178e-04
-4.050129491602015575e-02 -6.035634092058988695e-04 -2.575399931149371935e-03
-4.997079267604823821e-02 8.607538768306347010e-03 2.182415135717849335e-03
-4.941998864406055986e-02 8.006682380775058394e-03 1.686107604367055156e-03
-4.983785529369339634e-02 8.295015965178332423e-03 2.806660389494186354e-03
-4.760273866341457188e-02 5.786961658373932817e-03 1.380271163713838465e-03
-4.827544070158738820e-02 7.274677820382660469e-03 5.329050133893932940e-04
-4.821807448582098726e-02 8.721543929015695973e-03 -2.707091833784561370e-03
-4.245557404682864799e-02 2.173718297053871349e-03 -3.941551837772043314e-03
-4.303156864828006078e-02 2.226379375410107633e-03 -3.669247867331491397e-03
-5.451169059511944137e-02 2.704566730286562734e-02 1.691348687377206440e-03
-4.768258447835024838e-02 1.493348979055805596e-02 -9.463478233357511260e-03
-3.770704874517511601e-02 -3.576941416344645974e-03 -3.541247843416910068e-03
-2.674756428376111328e-02 -1.298039388978745011e-02 -9.872729824744146468e-03
-5.092784975023534333e-02 1.929005896123123578e-02 -8.388708359737690953e-03
-4.983832975054301034e-02 1.454474678009357903e-02 -7.375114030366919371e-03
-4.978246409285692897e-02 1.419781515795116161e-02 -7.143399291441221780e-03
-5.086084165379844979e-02 1.758199243574651641e-02 -7.671198362774905334e-03
-4.919481085707731044e-02 1.236899273917435073e-02 -5.996548239563129733e-03
-4.880702364939222548e-02 1.291329269666221906e-02 -7.504013681080578570e-03
-2.722807418288707496e-02 -1.256866217444379402e-02 -1.033628598953721146e-02
-3.622292284562748238e-02 -4.204977359394435586e-03 -8.580266495619305600e-03
-4.540221544549432470e-02 6.407138440172029624e-03 -7.141629678383463152e-03
-3.871967740537288205e-02 -5.786258850257316663e-04 -9.758332010782791097e-03
-4.612264836039383503e-02 8.297563243104951955e-03 -7.386364765291879644e-03
-4.537101239636084221e-02 5.624573238777423947e-03 -5.230537837713586380e-03
-4.089675279517384493e-02 1.176301483266698725e-04 -6.344656176608434207e-03
-3.188550703547869680e-02 -6.071957856320751509e-03 -1.253758851706537197e-02
-4.667760093666095678e-02 9.278326277070758632e-03 -7.203690023398757331e-03
-4.617642060056893760e-02 1.193751807643973241e-02 -7.938645403207872722e-03
-5.270127719716444226e-02 2.606127920619661156e-02 -4.953826133529525694e-03
-5.071853089287586824e-02 2.357781365543235377e-02 -5.429156711376291293e-03
-5.323579433184116860e-02 2.668681205456284455e-02 -4.816390474905221306e-03
-5.351467380690747705e-02 2.716534570099283369e-02 -4.805134840895574494e-03
-5.312816326225933833e-02 2.642896263963952566e-02 -4.831278130841466616e-03
-5.292675867683036689e-02 2.656555409654497851e-02 -4.975632794028200627e-03
-5.362629094509747257e-02 2.655104325031358223e-02 -4.628343082707564796e-03
-5.288616845302775843e-02 2.544159951970175956e-02 -4.685188689232248384e-03
-5.298676622729638075e-02 2.492625119361240732e-02 -4.448782427418330847e-03
-4.199376549913989842e-02 7.062506922297350116e-03 -1.013438270594296288e-02
-5.060792395993763543e-02 2.173899518992778238e-02 -5.207404364217424995e-03
-5.220524163010320517e-02 2.356957308944311949e-02 -4.752178047915392271e-03
-5.252876779656060618e-02 2.236746840835127093e-02 -4.281079931468093763e-03
-4.897401569611174038e-02 1.221422758117693234e-02 -6.200337380012385484e-03
-5.309585459286726705e-02 2.043250311312995796e-02 -5.635878686996127068e-03
-5.404204165608125082e-02 2.632153548396250556e-02 1.105455589995126735e-03
-6.115432121065236815e-02 5.079109520391193733e-02 9.622378647988502273e-03
-6.374902444519177369e-02 5.653426719324808336e-02 1.199213249934569583e-02
-6.272897169442639975e-02 5.431109390528708614e-02 1.108267555620219211e-02
-6.374252048564436890e-02 5.667482543560460606e-02 1.196213049450572767e-02
-6.207557904294155188e-02 5.279339439127558875e-02 1.046308841161346960e-02
-6.429162581718199376e-02 5.796679550775524215e-02 1.255395157323444325e-02
-6.390177439419525429e-02 5.701649536793924194e-02 1.218411666645774320e-02
-6.315192835128499715e-02 5.520888671308420842e-02 1.146834864617338537e-02
-5.655091780589398959e-02 3.618855148238948882e-02 3.875583207254410401e-03
-5.851294549334881689e-02 4.170516000262581430e-02 5.838380821803132274e-03
-5.373811890722117457e-02 2.995352059262480077e-02 2.404707776620347310e-03
-5.275195625580091779e-02 2.038741622790689323e-02 -5.166775837151115110e-03
-1.779483512158173270e-02 -1.798214268027340662e-02 -1.237345816898245514e-02
3.967110575779967362e-03 -2.396316411770875454e-02 -1.668424604265290184e-02
-1.661481414176202778e-02 -1.872126686610420948e-02 -1.271000166765685717e-02
-1.799518092630247867e-02 -1.824862935151537469e-02 -1.263456650947662567e-02
-2.688688838126953792e-02 -1.144031850891510764e-02 -1.310260573574723204e-02
-1.692098775540443883e-02 -1.906137126701159396e-02 -1.165846192465018472e-02
-2.298821360151132032e-02 -1.677542907163383223e-02 -8.959415059034175205e-03
-2.225671316941925729e-02 -1.549705674250485311e-02 -1.274904686949344078e-02
7.980361064551156139e-03 -2.421428751013588246e-02 -1.452262044694233728e-02
-3.025481675149366972e-02 -9.573829571849379327e-03 -1.039708380170122418e-02
-1.945772833056209905e-02 -1.748641160243453660e-02 -1.163006984432484597e-02
-1.261844300986998853e-02 -2.073154147456282570e-02 -1.291860249806550502e-02
-1.710812138024694548e-02 -1.858797393665826206e-02 -1.226609775017947594e-02
1.771131836210519022e-03 -2.456026845605853090e-02 -1.258256084915832310e-02
-1.312903210825929444e-02 -2.034775830342428968e-02 -1.323468658456375575e-02
-1.283554155710598353e-02 -2.065654381674962570e-02 -1.350996671421796254e-02
-6.034644334010339818e-03 -2.298273856862553810e-02 -1.477382365043303225e-02
-6.841521270357035951e-03 -2.344579218839603837e-02 -1.202944245241597231e-02
-1.793175383206374249e-02 -1.823789104847144474e-02 -1.206161317865655364e-02
-2.051203693258170022e-02 -1.670360122475542802e-02 -1.144522636618411013e-02
-1.904493166807484997e-02 -1.772333925634599766e-02 -1.195356142551239932e-02
-1.360880465220234981e-02 -2.019311929297711028e-02 -1.327940467131851973e-02
7.283416123316121225e-03 -2.449041450926037547e-02 -6.497844949063909942e-03
4.284017571356626281e-03 -2.421659147182470342e-02 -1.218075952063861316e-02
8.511097601811783153e-03 -2.383064361642680748e-02 -1.181149419301338356e-02
7.966738806445395824e-03 -2.399906198715945696e-02 -1.039014863899416323e-02
-1.882558176134786765e-02 -1.727747839333024921e-02 -1.411330637872098941e-02
-1.032554149251439790e-02 -2.233338816643030619e-02 -1.512749966949630820e-02
-1.190978045894245350e-02 -1.277813336290993182e-02 2.277902099852544687e-02
-1.190874743734653476e-02 -1.280668652400953483e-02 2.273974553676788579e-02
-1.061916248334295911e-02 -1.306333101641852373e-02 2.251008766509174711e-02
-1.108490208671967202e-02 -1.446153166148452136e-02 2.025828545819827187e-02
-1.053819586614496845e-02 -1.328364074203181380e-02 2.217179578398997472e-02
7.364160128869244940e-03 -2.436218506524734026e-02 -1.546334919347499941e-03
-1.492981440850008924e-02 -2.235161387142721792e-02 5.798092027437943760e-03
2.170678184870513533e-02 -1.909157443312755123e-02 1.055807683484738871e-02
2.518791778598692549e-02 -1.670880205670325497e-02 1.540243130957592334e-02
-1.286408539914185036e-04 -2.342325438908217372e-02 7.666758318874111224e-03
5.820206038069239245e-03 -2.434776727373516927e-02 -7.971237517930868273e-04
1.638038478789595118e-02 -2.081561718706494493e-02 9.578952450798580709e-03
-5.220057424389612163e-03 -2.390507710455313725e-02 6.179460479007426073e-03
2.896855622762192339e-03 -2.404193894537730303e-02 3.425222832071306723e-03
7.057814842809070725e-03 -2.270979105987007765e-02 9.013125606546885937e-03
8.771423422198576861e-03 -2.267650887833909737e-02 7.886600524525274464e-03
3.195037250273437789e-03 -2.342346325303858515e-02 7.192449215302062701e-03
5.855872511510263646e-03 -2.331562153481165148e-02 6.024288019653474199e-03
2.197626596065440762e-03 -2.368300473015058638e-02 6.812579197400500490e-03
1.021419154091128025e-02 -2.237245010248650051e-02 7.869810779652148050e-03
1.999801075978003759e-02 -1.928578805679271799e-02 1.140674504927363317e-02
6.617102566766194446e-03 -2.406126476543190423e-02 1.758289001799941392e-03
8.156878772277291814e-03 -2.295372447533475593e-02 6.506784619595299378e-03
1.056463861650000849e-02 -2.210460220342986074e-02 8.722778532377937349e-03
1.350496915664430898e-02 -2.116006326825437336e-02 1.027930557472816510e-02
9.014777380463214612e-03 -2.291343894576614026e-02 5.724767438737198011e-03
8.978166866553886905e-03 -2.264038950672359052e-02 7.256066886529170638e-03
4.622338862615020354e-03 -2.395389475994283771e-02 3.172164472695117744e-03
-3.031410185559124388e-04 -2.448693582458867299e-02 2.480275186771646427e-03
1.840159306763368245e-03 -2.487050673745050400e-02 -1.477572007593901766e-03
-5.065750245497708040e-03 -2.522970147366401794e-02 -4.158410715661475798e-03
1.154240263684606742e-02 -2.269715139288821723e-02 4.598677204864985886e-03
9.665709898896052837e-03 -2.373331580815519343e-02 2.992531535705902478e-05
2.605102735068027045e-02 -1.730093320885228020e-02 1.138662213086016547e-02
3.312181310109874044e-02 -1.380589143655921482e-02 1.605470255388214210e-02
3.116026610870284777e-02 -1.612341011986385617e-02 8.445629927049827165e-03
3.230226116300422695e-02 -1.432873339194878914e-02 1.509262871096674410e-02
3.227349832257116885e-02 -1.410125764666444320e-02 1.608389877975282406e-02
3.175337411922182079e-02 -1.414551495450861417e-02 1.672174119383019672e-02
3.328100430123911296e-02 -1.368111137076330822e-02 1.638522802637769685e-02
2.707185395874459402e-02 -1.643751853329763687e-02 1.397558855298841433e-02
2.991465266113758903e-02 -1.497528146631728861e-02 1.590449156734788025e-02
2.880096509073060487e-02 -1.575818110964917820e-02 1.435387002155185179e-02
2.688552661766096738e-02 -1.627805507088884301e-02 1.500287759678706201e-02
2.848115010459644283e-02 -1.747751220585047269e-02 5.656729121583739701e-03
3.353602079884628745e-02 -1.443450550367941614e-02 1.262681732151289989e-02
2.739853451735701703e-02 -1.589730273581346429e-02 1.574899676047224195e-02
2.877759385911023843e-02 -1.584862579964003287e-02 1.348947148459814747e-02
2.154613717007761858e-02 -2.085229083224787033e-02 -3.800040114840363970e-03
3.033125428786136515e-02 -1.513119007699577530e-02 1.461264859825147505e-02
2.597018823811996988e-02 -1.694376403419291244e-02 1.345916571535632836e-02
3.063320629774216736e-02 -1.479328522045103046e-02 1.567260439191048293e-02
2.574286681706836402e-02 -1.759780860062995153e-02 1.061851238984773058e-02
3.027377970510213359e-02 -1.443159326628960272e-02 1.755864507517637327e-02
2.836799621926276022e-02 -1.605800510705789053e-02 1.350653554776377538e-02
2.678700621274991700e-02 -1.695613123287285223e-02 1.201700353960513321e-02
3.278386661530618973e-02 -1.417907789973131896e-02 1.508992995194433778e-02
3.097242776379926024e-02 -1.381073241366149139e-02 1.904269396124915956e-02
2.949655386807733745e-02 -1.491889965637020407e-02 1.662741514885916413e-02
2.981721156707064710e-02 -1.445376078617124395e-02 1.815818175985470240e-02
2.755733897544690100e-02 -1.731316869600137490e-02 9.023504118128623103e-03
2.873452160189899837e-02 -1.746618823232268247e-02 5.314352789136870051e-03
7.228605592484237813e-03 -2.378874882351844633e-02 -1.727420855187895496e-02
2.988246998473763696e-02 -1.456047839694480338e-02 -1.360818348442466991e-02
2.002899586677538493e-02 -2.143967378590425077e-02 -2.566047358351631041e-03
1.422491463861760147e-02 -2.270878959352756743e-02 -1.064456565794442630e-02
1.273132571703386971e-02 -2.309518887448341190e-02 -1.260646109210427843e-02
3.026138222292258217e-03 -2.504785590587263466e-02 -7.780791488821112503e-03
6.844406397107389434e-03 -2.428571933294640731e-02 -1.179007904081120876e-02
2.151815567306404955e-02 -2.058741841981888074e-02 -1.028373555194823930e-02
1.171575343115564306e-02 -2.366337503094966682e-02 -9.123028295310078514e-03
1.896317033983330527e-02 -2.117988763902104582e-02 -1.485192276023542673e-02
3.373152123193999541e-02 -1.331024910979063461e-02 1.723315511692411622e-02
1.626368924249825890e-02 -2.027974279676370006e-02 1.142824619499340465e-02
3.396447498753395883e-02 -1.297802111723886723e-02 1.812920826990794404e-02
2.810042264598988995e-02 -1.730893496720188954e-02 7.376990388940613159e-03
1.968141380349681946e-02 -2.087104256528241053e-02 3.137886099262269298e-03
3.393590107188895755e-02 -1.570732508931776961e-02 1.325171583308280138e-03
1.924627341461657148e-02 -2.151362790557475799e-02 -8.544960758215331331e-04
2.514751495124197336e-02 -1.743441196259769635e-02 1.234277893855223289e-02
2.836799401093210993e-02 -1.660577750711523387e-02 1.118652757319609989e-02
2.220827670731406051e-02 -1.978525873899755066e-02 4.718511975593626603e-03
2.158101064456331014e-02 -2.071273195286483723e-02 -3.911056515844816943e-03
3.359246791384477154e-02 -1.384154916658205878e-02 -1.022331989625294493e-02
3.102795560949867318e-02 -1.687519227153645371e-02 2.155837751195553102e-03
3.110539858071676572e-02 -1.473149912106213287e-02 1.525299512943623960e-02
3.441643598423639594e-02 -1.329561827421316990e-02 1.603080672032249770e-02
2.100327141704183900e-02 -2.100291513513807135e-02 -8.271974282650803451e-03
3.393949634638888935e-02 -1.333868450647945035e-02 1.672821239528205287e-02
2.847710483793238628e-02 -1.621036520316783761e-02 1.281037863026159712e-02
2.658562509909255522e-02 -1.766966816771229840e-02 8.879163019410692484e-03
2.568456353685439827e-02 -1.722116882257963832e-02 1.265707245993679536e-02
2.615882971203801338e-02 -1.842224328370717368e-02 5.267392102437687754e-03
4.627080002038914952e-02 -6.334793054615252446e-03 -5.403898927154860560e-03
2.260957662332399934e-02 -2.038267695128703760e-02 -4.077430775985271642e-03
3.475428706848608662e-02 -1.408223646530097975e-02 1.235473156252812552e-02
3.103351863229783861e-02 -1.560709245064298943e-02 1.131589935735822887e-02
3.447803045667634236e-02 -1.529312069819969283e-02 4.833050875649729135e-03
2.878749563210040996e-02 -1.698464860759066677e-02 8.273723541601104431e-03
2.534407679560439844e-02 -1.715977028189967502e-02 1.308577920601481336e-02
2.376044805441989566e-02 -1.810719618787795179e-02 1.128972052757703896e-02
3.366439801583549080e-02 -1.556979722366634740e-02 4.836855453288204862e-03
3.095161025233349184e-02 -1.680494456917802637e-02 3.906561536243525513e-03
3.009054027888640945e-02 -1.692910878285921322e-02 5.611814831309165294e-03
3.110643497179545192e-02 -1.675976021088496776e-02 3.091914467763562119e-03
3.180884789966965942e-02 -1.639612615255047617e-02 3.841723965528548619e-03
3.072132249150227173e-02 -1.647487861021097039e-02 7.145907985284356660e-03
3.259307537638270191e-02 -1.614543684362134551e-02 2.825614941340870868e-03
2.439003653844788386e-02 -1.845129348608275793e-02 8.706644015696951913e-03
3.476755984714292175e-02 -1.519910049115059773e-02 4.625842642706181479e-03
3.404138175590714493e-02 -1.544098731082197556e-02 4.307785084816297821e-03
2.845593703492566365e-02 -1.587582090541247298e-02 1.427230103870357619e-02
2.702503974440093742e-02 -1.870338328530218169e-02 -3.965681772986128645e-03
2.715465563676368321e-02 -1.762498454881372342e-02 8.081485685304888589e-03
2.250309088318391479e-02 -2.038192643563479720e-02 -5.198475820245806317e-03
3.283498130418609912e-02 -1.443341680783290573e-02 1.360874459672084709e-02
3.083310565831347272e-02 -1.621687845911962481e-02 8.630577456301479627e-03
3.536846240557456333e-02 -1.513396645979453795e-02 1.498053472155516782e-03
3.762461828290024346e-02 -1.407315196029733546e-02 2.907157020180161852e-04
3.352009909098059570e-02 -1.606518375221073491e-02 5.217618685594756786e-04
4.165757153102716409e-02 -7.663429091485465285e-03 -9.475858083299839446e-03
4.091964098187604593e-02 -9.747679481092091924e-03 -7.671624742410742409e-03
3.598566114135274413e-02 -1.474113700324682953e-02 -2.289694939993358862e-03
3.521131462479946267e-02 -1.518072365549861906e-02 -1.937590857063349430e-03
2.883912637000602547e-02 -1.740238011432319876e-02 -8.177951718605030659e-03
4.241565112721690234e-02 -6.252483591036597788e-03 -9.714009314321219238e-03
4.341194812987980017e-02 -4.960475491838083062e-03 -9.877448029552531039e-03
4.409058478463000891e-02 -3.787814989117745199e-03 -1.073712534030632146e-02
3.398242262155716509e-02 -9.530272945530472717e-03 -1.799356891190213859e-02
5.202981782439851377e-02 2.924264107607757110e-03 -8.427822345616902897e-03
5.201159748209204653e-02 3.252556663923708308e-03 -8.615355966674082683e-03
4.639857678513181760e-02 -2.545211642120908876e-03 -9.100220867396424662e-03
4.964795252412677884e-02 5.485778858951641414e-05 -8.031647012015682985e-03
4.812557026274642824e-02 -2.430161906764669554e-03 -7.524435075719052880e-03
4.872438667993440886e-02 -4.929159312641695316e-04 -8.734059831981564118e-03
4.928089258372164716e-02 -5.725531010555379798e-05 -8.293157049636566344e-03
4.425882844247407827e-02 -4.051553243135628223e-03 -9.955349529407634540e-03
4.780295399210061219e-02 -1.296668255350569418e-03 -8.594773847643429401e-03
5.087565917621179185e-02 4.161846872112387593e-04 -7.399193810626665709e-03
4.165004705731469720e-02 -6.571598764961085470e-03 -1.034246242087165021e-02
5.057433386561550198e-02 1.990917482107970333e-03 -9.074581829045379189e-03
5.628842578486284443e-02 6.937205622863898587e-03 -6.978262359066111746e-03
4.653984019852185072e-02 -2.240316336842232935e-03 -9.062354913797879274e-03
3.711315951306694977e-02 -9.702752850015929423e-03 -1.245858309093945092e-02
6.066445893269658413e-02 1.387033886921440994e-02 -7.719993525307168071e-03
4.658969446375191281e-02 -9.380806603176364972e-03 6.614406605763544769e-04
4.538967139080232055e-02 -1.032909054497806699e-02 2.394320770343217296e-03
6.834124835134630649e-02 2.126424884745970953e-02 -4.893144801263367601e-03
6.221482649595664466e-02 1.168820249975688168e-02 -4.665111109080448230e-03
4.963629589901629585e-02 -7.700726281838177548e-03 1.401599001434747620e-03
5.961698305513079416e-02 8.650357234526487651e-03 -5.375998094505623701e-03
6.500581469149736835e-02 1.538635727741467785e-02 -4.396256094102689478e-03
4.707767669404848421e-02 -3.192205659883047119e-03 -7.952158754559726303e-03
5.360095067349045228e-02 4.258774002941219210e-03 -7.884473339716101953e-03
6.426209401275931321e-02 1.478451394801663481e-02 -4.724305426056872766e-03
5.374616579431876900e-02 4.378236948734747641e-03 -7.750952769354023386e-03
6.256304658413439079e-02 9.543359797832823635e-03 -3.239113798069051878e-03
6.088721886841384073e-02 1.243436771863832765e-02 -6.632442091529668071e-03
6.124336608182390229e-02 1.301019676657301331e-02 -6.542340638164119426e-03
4.993865749749303723e-02 -1.415790494832161028e-04 -7.659264229404014711e-03
6.092064876161067816e-02 1.296534008186377325e-02 -6.909035264037798572e-03
6.634287183834311485e-02 1.719962169704892380e-02 -4.057653162791762316e-03
5.341335360276268374e-02 5.060955929227312078e-03 -8.705388931012957368e-03
5.967488175834800845e-02 1.056192906649180106e-02 -6.112707232577089742e-03
5.047791907093724523e-02 7.249130372914988716e-04 -8.008886809054859349e-03
5.623291534815691439e-02 9.182481028019162661e-03 -8.970424554815580043e-03
6.179692497623483216e-02 1.281590256101772934e-02 -5.805905294063739598e-03
6.036280154467195402e-02 1.168735267754773648e-02 -6.531875957777437576e-03
5.689836197733520728e-02 8.134791290134262692e-03 -7.506509977330526155e-03
5.932839090565161788e-02 1.374600926217000620e-02 -9.232077812668181005e-03
6.697903529785155519e-02 2.277480422844087998e-02 -6.838041686326201164e-03
4.729375266755549145e-02 5.985475658019647968e-04 -1.153615565371946677e-02
6.398348482256385750e-02 1.675240804259352928e-02 -6.373435677805487296e-03
6.904666848787217870e-02 2.263400849262935458e-02 -4.721909119586116012e-03
7.063493523094764581e-02 2.703021004879137615e-02 -5.519793828721503148e-03
6.649208373888064461e-02 1.784687299407167194e-02 -4.433834971715150397e-03
7.154912120798578856e-02 2.643999101993305817e-02 -4.228926810335531354e-03
6.749575489221962266e-02 1.969529873987248617e-02 -4.642343955564234674e-03
7.021922738882846460e-02 2.437532057456071391e-02 -4.321188612366229018e-03
6.627826191917732257e-02 2.090378917118903071e-02 -6.471257261665507195e-03
7.148440021891881713e-02 2.641986202687194793e-02 -4.436806678565051107e-03
6.460278701659601108e-02 1.718863687370950771e-02 -5.849621208285167920e-03
6.436059194287971352e-02 1.763929965496617222e-02 -6.637276712063648609e-03
7.230757223185815818e-02 2.992888427140540791e-02 -5.264711957063178752e-03
6.921701323419419960e-02 2.832177407401288011e-02 -7.413495757574777197e-03
6.748514910318123561e-02 2.670730448394521492e-02 -8.344800738015838854e-03
5.774297030894966209e-02 1.502155019265636118e-02 -1.182661655714827877e-02
6.621067869088363700e-02 2.595840074709340056e-02 -9.070598354053327483e-03
6.264603670475155095e-02 2.495641729250485871e-02 -1.179817108574581462e-02
7.101032564918838275e-02 3.321552984353670634e-02 -7.257265564644016162e-03
7.083623792630328042e-02 3.616617781700944001e-02 -7.363497426049148316e-03
7.916883449174508258e-02 6.267443838404285206e-02 8.429438421939759859e-04
8.427964649509679662e-02 7.822790254153677569e-02 5.230225633612284840e-03
8.646502599947607226e-02 8.480634790893275265e-02 6.675624723964664053e-03
8.409918367766067160e-02 7.735769123116852108e-02 5.063074093213821951e-03
8.669698100061817847e-02 8.544023759496330306e-02 6.812142711199765076e-03
8.596040236011782965e-02 8.353992045660284249e-02 6.399986859407106113e-03
8.799178739282173534e-02 8.993009571341942232e-02 7.686372110721676962e-03
8.769106287062911065e-02 8.888586567854328546e-02 7.490836548126760842e-03
8.787328618719508766e-02 8.947116913992413101e-02 7.633755647663047206e-03
8.836368546885266240e-02 9.116544840036952535e-02 7.908098725132900464e-03
