-1.795495796203613281e+01 1.395327091217041016e+01
-7.180468559265136719e+00 1.402995204925537109e+01
-7.090965747833251953e+00 1.623416709899902344e+01
-1.210722064971923828e+01 1.838919639587402344e+01
-3.753599405288696289e+00 1.198442935943603516e+01
-9.474339485168457031e+00 1.855688858032226562e+01
-9.854808807373046875e+00 1.858078575134277344e+01
-1.604393768310546875e+01 1.383736419677734375e+01
-1.595106410980224609e+01 1.350444984436035156e+01
-8.261716842651367188e+00 1.826124191284179688e+01
-8.481363296508789062e+00 1.613018798828125000e+01
-7.703896999359130859e+00 1.892631149291992188e+01
-8.272426605224609375e+00 1.650672340393066406e+01
-1.258043575286865234e+01 1.512976837158203125e+01
-1.686463165283203125e+01 1.054480838775634766e+01
-1.108383178710937500e+01 1.321668148040771484e+01
-8.688342094421386719e+00 1.735955429077148438e+01
-8.705368041992187500e+00 1.799332237243652344e+01
-5.882291793823242188e+00 1.226479434967041016e+01
-9.170287132263183594e+00 1.369381999969482422e+01
-9.564312934875488281e+00 1.538395977020263672e+01
-9.732894897460937500e+00 1.563240814208984375e+01
-6.945435047149658203e+00 1.204299163818359375e+01
-6.494705200195312500e+00 1.760844230651855469e+01
-1.198798942565917969e+01 1.250822353363037109e+01
-5.571413040161132812e+00 1.635318183898925781e+01
-1.022545242309570312e+01 1.190837860107421875e+01
-1.351622009277343750e+01 1.265104198455810547e+01
-9.357771873474121094e+00 1.003832817077636719e+01
-1.016023159027099609e+01 1.809031105041503906e+01
-8.803748130798339844e+00 1.179068088531494141e+01
-6.264965057373046875e+00 1.814404487609863281e+01
-1.208947086334228516e+01 1.370718288421630859e+01
-1.175114822387695312e+01 1.800575447082519531e+01
-1.488851261138916016e+01 1.559785652160644531e+01
-1.365380573272705078e+01 1.170674228668212891e+01
-1.232202911376953125e+01 1.205805015563964844e+01
-4.965077877044677734e+00 8.593750953674316406e+00
-6.327322006225585938e+00 1.008202934265136719e+01
-5.977934360504150391e+00 9.738632202148437500e+00
-5.869762420654296875e+00 6.857755184173583984e+00
-7.025259494781494141e+00 1.034144401550292969e+01
-2.955537796020507812e+00 1.393912982940673828e+01
-7.780300140380859375e+00 1.518244934082031250e+01
-8.585214614868164062e+00 1.253845596313476562e+01
-4.847951889038085938e+00 1.558087539672851562e+01
-4.620523929595947266e+00 1.660713195800781250e+01
-5.992043018341064453e+00 1.482351493835449219e+01
-4.660137176513671875e+00 1.479264354705810547e+01
-7.050831317901611328e+00 9.012599945068359375e+00
-7.686914920806884766e+00 1.889538574218750000e+01
-5.693261623382568359e+00 1.237164592742919922e+01
-5.186076641082763672e+00 1.455210304260253906e+01
-3.733520746231079102e+00 1.620653533935546875e+01
-3.988992214202880859e+00 1.595364570617675781e+01
-4.787109375000000000e+00 1.596590805053710938e+01
-3.978890657424926758e+00 1.774982643127441406e+01
-5.109453201293945312e+00 1.762582206726074219e+01
-1.070485305786132812e+01 -1.562430500984191895e+00
-1.069686412811279297e+01 -1.568937659263610840e+00
-1.071048450469970703e+01 -1.561669468879699707e+00
-3.055243492126464844e+00 8.351439476013183594e+00
-1.416296482086181641e+01 4.627401828765869141e+00
-1.523563003540039062e+01 1.748358154296875000e+01
-1.556548404693603516e+01 3.730195045471191406e+00
-1.532245159149169922e+01 3.233273983001708984e+00
-5.633498668670654297e+00 5.992523193359375000e+00
-1.155208301544189453e+01 8.741875648498535156e+00
1.647976875305175781e+01 -4.262520790100097656e+00
-9.529244422912597656e+00 1.163093280792236328e+01
-1.079529190063476562e+01 1.334721374511718750e+01
-7.146663188934326172e+00 8.572053909301757812e+00
-1.612622070312500000e+01 1.208547306060791016e+01
-1.593556118011474609e+01 5.141222476959228516e+00
-1.693668937683105469e+01 1.543168449401855469e+01
-1.428628540039062500e+01 1.038776111602783203e+01
-1.254539680480957031e+01 9.555979728698730469e+00
-9.773120880126953125e+00 7.802160739898681641e+00
-1.490745449066162109e+01 6.871478080749511719e+00
-1.137353610992431641e+01 1.095687294006347656e+01
-1.064463329315185547e+01 1.487511348724365234e+01
-1.826075935363769531e+01 1.173719692230224609e+01
-8.279591560363769531e+00 1.435816669464111328e+01
-1.122452163696289062e+01 1.620209503173828125e+01
-1.666328239440917969e+01 1.650532531738281250e+01
-1.553518104553222656e+01 8.965426445007324219e+00
-1.335305309295654297e+01 1.375170230865478516e+01
-1.352460670471191406e+01 1.623970031738281250e+01
-1.226627254486083984e+01 1.035262680053710938e+01
-7.611495018005371094e+00 1.648211479187011719e+01
-1.353470420837402344e+01 1.020252323150634766e+01
-1.278813362121582031e+01 1.025880718231201172e+01
-1.495110034942626953e+01 1.191317081451416016e+01
-1.521660709381103516e+01 1.329614448547363281e+01
-1.506292915344238281e+01 1.388138961791992188e+01
-1.558376026153564453e+01 1.542404270172119141e+01
-8.757880210876464844e+00 1.110381793975830078e+01
-1.465887737274169922e+01 1.509351062774658203e+01
-1.343503475189208984e+01 1.441028308868408203e+01
-1.409599590301513672e+01 1.412022209167480469e+01
-1.341495037078857422e+01 1.312935352325439453e+01
-1.422742271423339844e+01 1.209196376800537109e+01
-1.508723068237304688e+01 9.666804313659667969e+00
-1.451537609100341797e+01 1.052789688110351562e+01
-1.370527172088623047e+01 9.063550949096679688e+00
-2.027587699890136719e+01 6.408967018127441406e+00
-1.887585830688476562e+01 6.814569950103759766e+00
-1.012438011169433594e+01 9.634982109069824219e+00
-7.425628662109375000e+00 5.668712139129638672e+00
-1.927924537658691406e+01 5.817012786865234375e+00
-1.769021797180175781e+01 5.189153671264648438e+00
-1.680337524414062500e+01 5.506572246551513672e+00
-1.753072547912597656e+01 6.122508525848388672e+00
-1.506136798858642578e+01 4.296627521514892578e+00
-1.676182556152343750e+01 6.028616905212402344e+00
-8.274538993835449219e+00 4.562010765075683594e+00
-1.258459663391113281e+01 6.862595558166503906e+00
-1.449588012695312500e+01 6.166099548339843750e+00
-1.359744071960449219e+01 6.180604934692382812e+00
-1.581373310089111328e+01 5.160822391510009766e+00
-1.471612548828125000e+01 8.417210578918457031e+00
-1.281024265289306641e+01 7.330539703369140625e+00
-1.242758083343505859e+01 2.903361558914184570e+00
-1.743034362792968750e+01 3.991904497146606445e+00
-1.730418968200683594e+01 2.711636543273925781e+00
-1.790682601928710938e+01 -3.430491983890533447e-01
-1.799446678161621094e+01 1.157694458961486816e-01
-1.949905204772949219e+01 2.836217284202575684e-01
-1.950966644287109375e+01 2.772713601589202881e-01
-1.655023002624511719e+01 -5.575307607650756836e-01
-1.657189369201660156e+01 -4.399423599243164062e-01
-1.713874053955078125e+01 1.483898609876632690e-02
-1.684400367736816406e+01 3.727177977561950684e-01
-1.822269439697265625e+01 -9.848874807357788086e-01
-1.664090538024902344e+01 2.473886013031005859e+00
-1.781730651855468750e+01 1.499075055122375488e+00
-1.765025520324707031e+01 1.183823108673095703e+00
-1.738802146911621094e+01 1.225136756896972656e+00
-1.621371269226074219e+01 4.293517112731933594e+00
-1.581015491485595703e+01 2.386213302612304688e+00
-1.986508178710937500e+01 5.631166458129882812e+00
-2.206891059875488281e+01 4.115322113037109375e+00
-2.333195877075195312e+01 4.711794376373291016e+00
-2.258367919921875000e+01 4.867915153503417969e+00
-2.277072143554687500e+01 4.454885482788085938e+00
-2.261011123657226562e+01 4.851672172546386719e+00
-2.297601890563964844e+01 5.398892879486083984e+00
-2.318446922302246094e+01 5.536376476287841797e+00
-2.256140136718750000e+01 6.132455825805664062e+00
-2.141818046569824219e+01 5.669912338256835938e+00
-2.140948104858398438e+01 5.130311965942382812e+00
-2.095525741577148438e+01 5.850640773773193359e+00
-1.899157524108886719e+01 3.207530260086059570e+00
-2.099704742431640625e+00 3.218884468078613281e+00
5.717984676361083984e+00 3.072650432586669922e+00
-3.240236282348632812e+00 1.940503358840942383e+00
-6.216772556304931641e+00 2.182329416275024414e+00
-1.169880867004394531e+01 3.051097393035888672e+00
-4.577573776245117188e+00 1.855589389801025391e+00
-6.906152248382568359e+00 6.975581169128417969e+00
-5.744921207427978516e+00 2.623709201812744141e+00
4.965813636779785156e+00 2.914889097213745117e+00
-1.063229560852050781e+01 5.419413089752197266e+00
-5.001468181610107422e+00 1.074331164360046387e+00
-3.697690963745117188e+00 2.411239862442016602e+00
-4.044542312622070312e+00 3.538662910461425781e+00
3.118044376373291016e+00 -6.951139569282531738e-01
-4.614756584167480469e+00 2.950371026992797852e+00
-4.542533397674560547e+00 2.720186710357666016e+00
-2.953624725341796875e+00 5.834835529327392578e+00
-1.698288023471832275e-01 4.463085234165191650e-01
-5.591959476470947266e+00 4.093549728393554688e+00
-6.382686138153076172e+00 4.518331050872802734e+00
-5.471623420715332031e+00 4.519378662109375000e+00
-2.706804990768432617e+00 3.643645286560058594e+00
5.390492677688598633e-01 -1.405794024467468262e+00
1.769761800765991211e+00 1.677327990531921387e+00
2.820913553237915039e+00 1.010961771011352539e+00
1.971604466438293457e+00 4.515853822231292725e-01
-3.915387153625488281e+00 6.819327831268310547e+00
-3.416884183883666992e+00 6.833979606628417969e+00
-6.054117679595947266e+00 -8.854716300964355469e+00
-6.161546707153320312e+00 -8.866889953613281250e+00
-5.915051937103271484e+00 -8.929945945739746094e+00
-5.104899406433105469e+00 -8.692553520202636719e+00
-5.242512226104736328e+00 -8.754318237304687500e+00
4.285902023315429688e+00 3.726251363754272461e+00
-2.918144464492797852e+00 -7.211090564727783203e+00
3.436460971832275391e+00 -1.445922088623046875e+01
3.847544431686401367e+00 -1.159709358215332031e+01
-2.038849830627441406e+00 -8.722507476806640625e+00
1.858176440000534058e-01 -2.944041490554809570e+00
3.648042201995849609e+00 -1.329136371612548828e+01
-2.324260234832763672e+00 -7.440473079681396484e+00
-1.232938885688781738e+00 -6.286234378814697266e+00
7.973362207412719727e-01 -8.267114639282226562e+00
1.002709507942199707e+00 -1.015583610534667969e+01
-7.300067543983459473e-01 -7.610031127929687500e+00
-6.199317574501037598e-01 -7.644399642944335938e+00
5.296536907553672791e-02 -7.659191608428955078e+00
1.331770777702331543e+00 -9.267231941223144531e+00
2.817468881607055664e+00 -9.056652069091796875e+00
1.504297733306884766e+00 -6.786513805389404297e+00
1.953945755958557129e+00 -8.200011253356933594e+00
1.791112065315246582e+00 -8.276972770690917969e+00
1.768022179603576660e+00 -1.006482791900634766e+01
-8.173662424087524414e-02 -8.736109733581542969e+00
-1.411518305540084839e-01 -9.030853271484375000e+00
1.796814054250717163e-01 -6.053448200225830078e+00
-1.097148060798645020e+00 -6.175095558166503906e+00
-3.122406601905822754e-01 -3.669379234313964844e+00
-8.981042504310607910e-01 -3.711750030517578125e+00
1.110503673553466797e+00 -5.204359054565429688e+00
1.420933365821838379e+00 -4.073801517486572266e+00
4.625625610351562500e+00 -8.402177810668945312e+00
1.215235614776611328e+01 -1.185691928863525391e+01
1.252804756164550781e+01 -1.040898895263671875e+01
1.087559032440185547e+01 -9.554777145385742188e+00
1.130689907073974609e+01 -1.178643512725830078e+01
9.443827629089355469e+00 -1.253301048278808594e+01
1.046935558319091797e+01 -1.189833068847656250e+01
6.110029697418212891e+00 -1.086944675445556641e+01
6.673121452331542969e+00 -1.390933704376220703e+01
6.189945220947265625e+00 -1.043454360961914062e+01
5.785228729248046875e+00 -1.307248210906982422e+01
8.157094001770019531e+00 -5.624002933502197266e+00
1.106880187988281250e+01 -1.086732387542724609e+01
4.372764110565185547e+00 -1.079246902465820312e+01
7.698914527893066406e+00 -1.127980804443359375e+01
8.689618110656738281e+00 -3.363504886627197266e+00
8.645750999450683594e+00 -1.019551563262939453e+01
7.096201896667480469e+00 -1.012579727172851562e+01
8.981698036193847656e+00 -1.077312755584716797e+01
8.418211936950683594e+00 -8.623215675354003906e+00
7.764611244201660156e+00 -1.293258666992187500e+01
6.801755428314208984e+00 -1.170661258697509766e+01
4.820715427398681641e+00 -1.247665786743164062e+01
9.726613044738769531e+00 -1.121544742584228516e+01
7.827681064605712891e+00 -1.407283115386962891e+01
8.202530860900878906e+00 -1.263962173461914062e+01
8.371938705444335938e+00 -1.355216407775878906e+01
4.373266220092773438e+00 -1.564053726196289062e+01
4.575404167175292969e+00 -1.612832832336425781e+01
5.334932804107666016e+00 2.492012262344360352e+00
1.287554740905761719e+01 2.497054338455200195e+00
4.444592952728271484e+00 -4.463271617889404297e+00
4.073123455047607422e+00 4.981790184974670410e-01
4.385893821716308594e+00 1.082269787788391113e+00
1.111688137054443359e+00 -1.291855216026306152e+00
2.102369785308837891e+00 -3.006618022918701172e-01
1.012292003631591797e+01 -1.251516819000244141e+00
3.676714897155761719e+00 -1.137602448463439941e+00
6.601515293121337891e+00 1.248548150062561035e+00
9.673419952392578125e+00 -1.480455589294433594e+01
2.246700525283813477e+00 -1.052910804748535156e+01
1.043862819671630859e+01 -1.430749511718750000e+01
6.392776489257812500e+00 -5.989443302154541016e+00
4.396910667419433594e+00 -4.731728076934814453e+00
1.135149574279785156e+01 -4.087040901184082031e+00
5.654277324676513672e+00 -2.587803125381469727e+00
5.206838607788085938e+00 -1.080157661437988281e+01
5.898304462432861328e+00 -8.619539260864257812e+00
4.312147617340087891e+00 -7.069017410278320312e+00
4.857919216156005859e+00 -1.243182063102722168e+00
1.450324535369873047e+01 1.462133526802062988e+00
1.175580406188964844e+01 -7.925798416137695312e+00
6.554564952850341797e+00 -1.318157005310058594e+01
1.067939186096191406e+01 -1.397485733032226562e+01
6.176935672760009766e+00 -2.164401769638061523e+00
1.028885555267333984e+01 -1.295054626464843750e+01
5.738600254058837891e+00 -1.206662654876708984e+01
6.462928771972656250e+00 -7.399869441986083984e+00
4.484737396240234375e+00 -1.004638481140136719e+01
6.917419433593750000e+00 -5.518361568450927734e+00
1.631131172180175781e+01 1.569041132926940918e+00
8.861537933349609375e+00 -2.785044193267822266e+00
1.047124767303466797e+01 -1.135747146606445312e+01
7.482335090637207031e+00 -8.931002616882324219e+00
1.167350387573242188e+01 -5.930271625518798828e+00
7.792297840118408203e+00 -7.535031795501708984e+00
8.778539657592773438e+00 -1.154000282287597656e+01
5.538503646850585938e+00 -9.368657112121582031e+00
1.159572315216064453e+01 -5.285627365112304688e+00
9.534276008605957031e+00 -6.509538173675537109e+00
9.124429702758789062e+00 -6.964390277862548828e+00
9.827445030212402344e+00 -5.887221813201904297e+00
1.004939937591552734e+01 -6.098958015441894531e+00
9.338146209716796875e+00 -7.376173973083496094e+00
1.058579444885253906e+01 -5.376596450805664062e+00
4.829612731933593750e+00 -9.595583915710449219e+00
1.101166248321533203e+01 -7.079829216003417969e+00
1.098324680328369141e+01 -6.313753128051757812e+00
7.806177139282226562e+00 -1.076137924194335938e+01
1.005338764190673828e+01 -3.893631219863891602e+00
6.631985187530517578e+00 -8.066325187683105469e+00
9.581763267517089844e+00 -4.203379631042480469e+00
9.703550338745117188e+00 -1.022389698028564453e+01
9.422376632690429688e+00 -9.045580863952636719e+00
1.238964366912841797e+01 -7.205975055694580078e+00
1.367391300201416016e+01 -6.387033462524414062e+00
1.351603698730468750e+01 -9.881662368774414062e+00
1.523929882049560547e+01 2.779462814331054688e+00
1.315951061248779297e+01 6.773082613945007324e-01
1.294956207275390625e+01 -3.224208354949951172e+00
1.260532569885253906e+01 -3.802947759628295898e+00
1.129889202117919922e+01 -9.544706940650939941e-01
1.495187759399414062e+01 -3.257917463779449463e-01
1.497792053222656250e+01 -6.197756528854370117e-01
1.598903083801269531e+01 3.562047958374023438e+00
8.911825180053710938e+00 3.009725332260131836e+00
1.830171012878417969e+01 -1.072431683540344238e+00
1.915891075134277344e+01 1.654726862907409668e+00
1.740081405639648438e+01 1.831691980361938477e+00
1.761030006408691406e+01 3.323616504669189453e+00
1.632190513610839844e+01 2.008332014083862305e+00
1.825461959838867188e+01 1.887310981750488281e+00
1.778051185607910156e+01 1.211614489555358887e+00
1.655863571166992188e+01 8.354712724685668945e-01
1.672383117675781250e+01 3.023229360580444336e+00
1.799797821044921875e+01 4.372909069061279297e-01
1.505230617523193359e+01 1.772078394889831543e+00
1.885155296325683594e+01 2.475425004959106445e+00
1.931101989746093750e+01 1.043329089879989624e-01
1.645193672180175781e+01 -1.914372742176055908e-01
1.455501842498779297e+01 -1.142656564712524414e+00
2.428656959533691406e+01 8.830821514129638672e-01
1.444227218627929688e+01 -7.135182380676269531e+00
1.447296333312988281e+01 -7.689883232116699219e+00
2.292906570434570312e+01 6.065255165100097656e+00
2.134071922302246094e+01 1.355940818786621094e+00
1.480163955688476562e+01 -7.492465019226074219e+00
2.109202957153320312e+01 4.001699447631835938e+00
2.194133949279785156e+01 4.674382686614990234e+00
1.727350044250488281e+01 6.160475611686706543e-01
1.889006805419921875e+01 4.302944183349609375e+00
2.172203254699707031e+01 3.774938583374023438e+00
1.978163337707519531e+01 2.705409288406372070e+00
2.113446998596191406e+01 4.821547985076904297e+00
2.264011383056640625e+01 3.379507064819335938e+00
2.233669090270996094e+01 3.111073255538940430e+00
1.709928512573242188e+01 1.910688161849975586e+00
2.239888000488281250e+01 1.833602905273437500e+00
2.243849182128906250e+01 5.622789382934570312e+00
2.032440567016601562e+01 1.808999896049499512e+00
2.005077743530273438e+01 4.249125123023986816e-01
1.750555610656738281e+01 3.114594936370849609e+00
2.175486373901367188e+01 2.486711025238037109e+00
2.037933921813964844e+01 4.371012687683105469e+00
2.083851814270019531e+01 3.384931087493896484e+00
2.027577590942382812e+01 2.932328462600708008e+00
2.386168289184570312e+01 2.103871583938598633e+00
2.648984527587890625e+01 3.093798875808715820e+00
1.710705566406250000e+01 4.606292247772216797e+00
2.471215248107910156e+01 2.427899360656738281e+00
2.377329826354980469e+01 4.856065750122070312e+00
2.472871398925781250e+01 5.223373889923095703e+00
2.215560531616210938e+01 4.428748607635498047e+00
2.425806808471679688e+01 4.650939464569091797e+00
2.306608009338378906e+01 4.593523025512695312e+00
2.462612724304199219e+01 4.194870948791503906e+00
2.446838569641113281e+01 3.609614372253417969e+00
2.390435791015625000e+01 5.881895065307617188e+00
2.188571357727050781e+01 6.300999641418457031e+00
2.375203514099121094e+01 2.518016338348388672e+00
2.523595428466796875e+01 6.055060863494873047e+00
2.601079750061035156e+01 5.427306652069091797e+00
2.622160530090332031e+01 4.846757411956787109e+00
2.598000144958496094e+01 4.058491230010986328e+00
2.763736534118652344e+01 4.397142887115478516e+00
2.725164604187011719e+01 4.812336921691894531e+00
2.686100959777832031e+01 6.049586772918701172e+00
2.761765480041503906e+01 5.925942420959472656e+00
2.882761764526367188e+01 6.991342067718505859e+00
2.969946670532226562e+01 5.978632926940917969e+00
2.947495841979980469e+01 6.537760257720947266e+00
2.937105369567871094e+01 6.057589054107666016e+00
2.978984451293945312e+01 6.934503555297851562e+00
2.979075622558593750e+01 7.321822166442871094e+00
3.041156768798828125e+01 6.896989822387695312e+00
3.053672027587890625e+01 6.599696636199951172e+00
3.075797271728515625e+01 6.120791912078857422e+00
3.067773246765136719e+01 7.420179367065429688e+00
