6.749037265777587891e+00 4.778343677520751953e+00
8.569802284240722656e+00 5.223382949829101562e+00
9.244673728942871094e+00 5.128687381744384766e+00
8.744996070861816406e+00 5.290136337280273438e+00
8.927188873291015625e+00 4.584694385528564453e+00
9.603820800781250000e+00 5.769627571105957031e+00
9.540008544921875000e+00 5.927175521850585938e+00
7.138405799865722656e+00 5.876460552215576172e+00
6.742712020874023438e+00 5.654619216918945312e+00
9.679625511169433594e+00 5.594883441925048828e+00
9.388717651367187500e+00 5.016826152801513672e+00
9.892847061157226562e+00 5.528484344482421875e+00
9.171668052673339844e+00 5.638194561004638672e+00
7.625575065612792969e+00 5.232413768768310547e+00
8.463516235351562500e+00 3.949106693267822266e+00
8.401965141296386719e+00 4.825841426849365234e+00
9.538129806518554688e+00 5.270545959472656250e+00
9.650013923645019531e+00 5.262710571289062500e+00
9.485925674438476562e+00 3.954375743865966797e+00
8.767311096191406250e+00 4.198502540588378906e+00
9.612591743469238281e+00 4.887810230255126953e+00
9.490804672241210938e+00 5.169816970825195312e+00
9.242648124694824219e+00 4.346148967742919922e+00
1.013340663909912109e+01 5.103574275970458984e+00
7.592480182647705078e+00 4.500099182128906250e+00
1.022150230407714844e+01 4.419148445129394531e+00
7.911426067352294922e+00 4.213316917419433594e+00
7.167662620544433594e+00 4.937719821929931641e+00
8.345374107360839844e+00 3.610856533050537109e+00
9.423120498657226562e+00 5.860286235809326172e+00
8.180146217346191406e+00 3.480051994323730469e+00
1.029937648773193359e+01 5.116013526916503906e+00
7.995760440826416016e+00 4.778512001037597656e+00
8.656567573547363281e+00 5.613251209259033203e+00
7.417801856994628906e+00 4.984530448913574219e+00
6.553975105285644531e+00 4.881902694702148438e+00
7.437636375427246094e+00 3.956954717636108398e+00
8.120615005493164062e+00 2.827013969421386719e+00
8.777703285217285156e+00 3.249566078186035156e+00
8.831527709960937500e+00 2.808674335479736328e+00
8.411428451538085938e+00 2.022656440734863281e+00
8.870780944824218750e+00 3.071218729019165039e+00
9.000277519226074219e+00 5.073014736175537109e+00
9.561968803405761719e+00 4.678094387054443359e+00
8.907926559448242188e+00 3.877066850662231445e+00
1.029621696472167969e+01 4.203610897064208984e+00
1.053466224670410156e+01 4.292943477630615234e+00
9.757582664489746094e+00 4.548882961273193359e+00
1.026958751678466797e+01 4.073259830474853516e+00
9.353429794311523438e+00 3.229807376861572266e+00
1.004558181762695312e+01 5.645754337310791016e+00
9.724692344665527344e+00 3.759454488754272461e+00
9.916349411010742188e+00 4.128662109375000000e+00
1.076201725006103516e+01 4.011751174926757812e+00
1.076392650604248047e+01 3.900763273239135742e+00
1.028540134429931641e+01 4.158775806427001953e+00
1.043262481689453125e+01 4.590283870697021484e+00
1.056269836425781250e+01 4.509784698486328125e+00
9.278731346130371094e+00 3.544158220291137695e+00
9.455802917480468750e+00 3.345348596572875977e+00
9.201656341552734375e+00 3.585636377334594727e+00
8.585983276367187500e+00 2.308856725692749023e+00
6.138070583343505859e+00 3.917642354965209961e+00
6.467934131622314453e+00 4.086795806884765625e+00
5.565894126892089844e+00 3.885594367980957031e+00
5.274086952209472656e+00 4.084494590759277344e+00
8.288767814636230469e+00 2.054100036621093750e+00
7.450603961944580078e+00 3.340256452560424805e+00
8.532318115234375000e+00 4.493063926696777344e+00
8.300269126892089844e+00 3.398403406143188477e+00
8.287631988525390625e+00 4.705213069915771484e+00
8.327583312988281250e+00 2.897813796997070312e+00
7.945374488830566406e+00 5.587629318237304688e+00
5.532834529876708984e+00 3.478492021560668945e+00
6.905950546264648438e+00 4.379765987396240234e+00
6.553320407867431641e+00 4.569639682769775391e+00
7.189699172973632812e+00 3.977527141571044922e+00
7.209895133972167969e+00 3.553983926773071289e+00
6.292138576507568359e+00 3.521776199340820312e+00
8.195739746093750000e+00 4.915966033935546875e+00
8.743219375610351562e+00 4.740575313568115234e+00
8.174830436706542969e+00 4.083197593688964844e+00
9.283478736877441406e+00 4.501011848449707031e+00
8.721889495849609375e+00 4.910477161407470703e+00
7.603472709655761719e+00 4.743255615234375000e+00
6.354091167449951172e+00 4.558610916137695312e+00
7.336389541625976562e+00 5.521223545074462891e+00
8.084556579589843750e+00 5.533123970031738281e+00
8.154858589172363281e+00 4.441155433654785156e+00
9.164755821228027344e+00 5.531333923339843750e+00
7.092513084411621094e+00 4.460723400115966797e+00
7.401340007781982422e+00 4.356916904449462891e+00
7.192705631256103516e+00 4.885059833526611328e+00
6.916991710662841797e+00 5.716387748718261719e+00
7.217463493347167969e+00 5.770745754241943359e+00
7.280314445495605469e+00 4.694538116455078125e+00
7.909217357635498047e+00 3.645303249359130859e+00
7.435015201568603516e+00 5.295090198516845703e+00
7.690866947174072266e+00 5.322405338287353516e+00
7.501917362213134766e+00 5.741363048553466797e+00
7.130384445190429688e+00 5.180801868438720703e+00
6.870357990264892578e+00 5.322823047637939453e+00
6.008504867553710938e+00 4.810760974884033203e+00
6.641880512237548828e+00 4.640161514282226562e+00
6.682341098785400391e+00 4.223646163940429688e+00
4.324662685394287109e+00 2.565324783325195312e+00
5.057065486907958984e+00 2.639773607254028320e+00
8.194940567016601562e+00 3.616627216339111328e+00
7.627984046936035156e+00 2.330305814743041992e+00
4.678284168243408203e+00 2.809392690658569336e+00
4.903017997741699219e+00 3.184422731399536133e+00
5.277467250823974609e+00 3.243298053741455078e+00
4.848445892333984375e+00 2.824434518814086914e+00
5.560136795043945312e+00 3.784197807312011719e+00
5.515854835510253906e+00 3.117231369018554688e+00
7.284123420715332031e+00 2.155637025833129883e+00
6.854157447814941406e+00 3.219232082366943359e+00
5.844434261322021484e+00 2.948276758193969727e+00
6.290561676025390625e+00 2.842772722244262695e+00
5.257285118103027344e+00 3.485634326934814453e+00
5.890334129333496094e+00 4.230357646942138672e+00
6.595271110534667969e+00 3.431796073913574219e+00
6.119857311248779297e+00 2.944626569747924805e+00
5.181482315063476562e+00 3.901726484298706055e+00
4.974852085113525391e+00 4.448193073272705078e+00
4.329199314117431641e+00 4.748609066009521484e+00
4.304018974304199219e+00 5.328512191772460938e+00
4.425586223602294922e+00 5.029059410095214844e+00
4.679766654968261719e+00 5.264523983001708984e+00
4.783371448516845703e+00 5.065880775451660156e+00
4.226174831390380859e+00 5.142317295074462891e+00
4.673956394195556641e+00 5.236433506011962891e+00
4.420928001403808594e+00 5.110279560089111328e+00
4.590356826782226562e+00 4.741150856018066406e+00
5.174203395843505859e+00 4.506310462951660156e+00
4.591577053070068359e+00 4.971053123474121094e+00
4.880962371826171875e+00 4.921513557434082031e+00
4.846573829650878906e+00 4.590020656585693359e+00
5.308045387268066406e+00 3.667349338531494141e+00
4.709966182708740234e+00 3.687503576278686523e+00
4.142169952392578125e+00 3.013536453247070312e+00
3.133128881454467773e+00 2.638206958770751953e+00
3.212347030639648438e+00 2.638116836547851562e+00
3.214015483856201172e+00 3.017715692520141602e+00
3.418354272842407227e+00 3.069517850875854492e+00
3.076613187789916992e+00 2.869258880615234375e+00
2.879368543624877930e+00 2.908997058868408203e+00
3.026215314865112305e+00 2.676282644271850586e+00
3.388376235961914062e+00 2.643954277038574219e+00
3.575628519058227539e+00 2.596007347106933594e+00
3.737634420394897461e+00 2.815724611282348633e+00
4.025120258331298828e+00 2.700018882751464844e+00
4.533524990081787109e+00 3.865333080291748047e+00
7.605320453643798828e+00 7.667237520217895508e-01
8.650471687316894531e+00 -1.004394054412841797e+00
7.078705310821533203e+00 8.587827086448669434e-01
7.651801586151123047e+00 9.671665430068969727e-01
6.678987026214599609e+00 1.910233855247497559e+00
7.856538295745849609e+00 8.537821769714355469e-01
8.098443984985351562e+00 2.165700435638427734e+00
7.218693733215332031e+00 1.400461792945861816e+00
8.679174423217773438e+00 -7.438487410545349121e-01
6.602103710174560547e+00 2.500814676284790039e+00
7.637791633605957031e+00 1.202913522720336914e+00
7.546922683715820312e+00 4.410788714885711670e-01
7.086793422698974609e+00 1.064890384674072266e+00
8.253375053405761719e+00 -7.030000090599060059e-01
7.499696254730224609e+00 8.128872513771057129e-01
7.402912139892578125e+00 5.700886249542236328e-01
8.301062583923339844e+00 6.302672624588012695e-01
8.427442550659179688e+00 2.934175729751586914e-01
7.322390079498291016e+00 1.066956162452697754e+00
7.627715110778808594e+00 1.485803127288818359e+00
7.520752429962158203e+00 1.383802533149719238e+00
7.244202613830566406e+00 6.210091114044189453e-01
8.722920417785644531e+00 -2.100584208965301514e-01
7.890409469604492188e+00 -5.093396902084350586e-01
7.953774929046630859e+00 -4.494507014751434326e-01
8.020080566406250000e+00 -5.951980948448181152e-01
8.194169044494628906e+00 1.536947131156921387e+00
8.661782264709472656e+00 1.339254140853881836e+00
1.104513168334960938e+01 1.477488875389099121e+00
1.085708236694335938e+01 1.562945127487182617e+00
1.102612876892089844e+01 1.212228417396545410e+00
1.081385517120361328e+01 1.246684312820434570e+00
1.077367210388183594e+01 1.106908202171325684e+00
9.541270256042480469e+00 -8.302047848701477051e-02
1.044659900665283203e+01 1.004137873649597168e+00
1.160019493103027344e+01 -1.165957808494567871e+00
1.200473117828369141e+01 -1.386944413185119629e+00
1.109477424621582031e+01 4.513465166091918945e-01
9.263011932373046875e+00 -1.806849837303161621e-01
1.176003646850585938e+01 -8.193277120590209961e-01
1.082070732116699219e+01 6.324084997177124023e-01
9.994543075561523438e+00 5.612435936927795410e-01
1.106793689727783203e+01 -6.275572627782821655e-02
1.105784893035888672e+01 -1.900811344385147095e-01
1.082008743286132812e+01 4.932538270950317383e-01
1.034523010253906250e+01 1.968783587217330933e-01
1.065902996063232422e+01 4.229059815406799316e-01
1.090841484069824219e+01 -4.183864295482635498e-01
1.121793365478515625e+01 -7.011705636978149414e-01
1.015331554412841797e+01 -2.337061166763305664e-01
1.056316757202148438e+01 -2.327515035867691040e-01
1.092651462554931641e+01 -3.791392743587493896e-01
1.130767631530761719e+01 -2.129241228103637695e-01
1.041256809234619141e+01 2.882692031562328339e-02
1.075753784179687500e+01 -3.569855540990829468e-02
9.933354377746582031e+00 1.687723845243453979e-01
1.020860385894775391e+01 6.318953037261962891e-01
9.379428863525390625e+00 1.816515773534774780e-01
9.196737289428710938e+00 9.136180877685546875e-01
1.007018661499023438e+01 -6.610231399536132812e-01
9.672631263732910156e+00 -3.816520571708679199e-01
1.117049789428710938e+01 -9.414982199668884277e-01
1.133532619476318359e+01 -3.045962095260620117e+00
1.078461074829101562e+01 -2.693985939025878906e+00
1.111677169799804688e+01 -2.803386926651000977e+00
1.166787624359130859e+01 -2.933651924133300781e+00
1.234976863861083984e+01 -2.664280176162719727e+00
1.196885681152343750e+01 -3.068955421447753906e+00
1.182959079742431641e+01 -1.916818261146545410e+00
1.221607494354248047e+01 -1.963782906532287598e+00
1.136271095275878906e+01 -1.544678926467895508e+00
1.212578392028808594e+01 -1.519579648971557617e+00
1.005431556701660156e+01 -2.325872421264648438e+00
1.172942829132080078e+01 -3.226617813110351562e+00
1.216436862945556641e+01 -1.288819670677185059e+00
1.183606624603271484e+01 -2.120018005371093750e+00
9.397230148315429688e+00 -2.127163171768188477e+00
1.152433204650878906e+01 -2.366237163543701172e+00
1.147363662719726562e+01 -1.781777024269104004e+00
1.172746086120605469e+01 -2.552609682083129883e+00
1.076869583129882812e+01 -2.028670072555541992e+00
1.227239418029785156e+01 -2.109558820724487305e+00
1.200297164916992188e+01 -1.988836407661437988e+00
1.173285484313964844e+01 -1.556066632270812988e+00
1.178087711334228516e+01 -2.782967567443847656e+00
1.271130847930908203e+01 -2.067748069763183594e+00
1.227374553680419922e+01 -2.067534685134887695e+00
1.270009803771972656e+01 -2.254801034927368164e+00
1.055238914489746094e+01 -1.609014868736267090e+00
9.968761444091796875e+00 -2.031404018402099609e+00
8.148150444030761719e+00 -1.304176211357116699e+00
7.752689838409423828e+00 -3.110720872879028320e+00
9.746759414672851562e+00 -1.326602697372436523e+00
8.350329399108886719e+00 -1.273146510124206543e+00
8.007423400878906250e+00 -1.401600122451782227e+00
8.898408889770507812e+00 -1.809675991535186768e-01
8.446469306945800781e+00 -8.151510357856750488e-01
8.566702842712402344e+00 -2.296335697174072266e+00
8.747684478759765625e+00 -1.486662864685058594e+00
8.172209739685058594e+00 -1.860609769821166992e+00
1.269862174987792969e+01 -2.938108444213867188e+00
1.154712009429931641e+01 -6.854377388954162598e-01
1.270598316192626953e+01 -3.050877094268798828e+00
1.087851047515869141e+01 -2.267617940902709961e+00
1.027184104919433594e+01 -1.145995736122131348e+00
9.742403984069824219e+00 -2.907197475433349609e+00
9.294275283813476562e+00 -1.433214783668518066e+00
1.177885437011718750e+01 -1.210637211799621582e+00
1.108189010620117188e+01 -1.470533967018127441e+00
1.045812988281250000e+01 -1.270827770233154297e+00
8.921693801879882812e+00 -1.435311198234558105e+00
8.045344352722167969e+00 -3.276703596115112305e+00
1.041520023345947266e+01 -3.067145824432373047e+00
1.234827327728271484e+01 -2.119438886642456055e+00
1.246083927154541016e+01 -3.130564689636230469e+00
8.806173324584960938e+00 -2.031718730926513672e+00
1.215328121185302734e+01 -3.000205516815185547e+00
1.184016990661621094e+01 -1.546938896179199219e+00
1.046676731109619141e+01 -1.789402484893798828e+00
1.120012569427490234e+01 -1.288256645202636719e+00
9.998233795166015625e+00 -1.952196478843688965e+00
8.246744155883789062e+00 -4.027585983276367188e+00
9.095363616943359375e+00 -2.185117959976196289e+00
1.187782096862792969e+01 -3.449838399887084961e+00
1.129591751098632812e+01 -2.298692941665649414e+00
9.732490539550781250e+00 -3.195633888244628906e+00
1.059603977203369141e+01 -2.024935483932495117e+00
1.158408164978027344e+01 -1.807367444038391113e+00
1.104335117340087891e+01 -1.248338699340820312e+00
9.781267166137695312e+00 -3.337979078292846680e+00
1.001805114746093750e+01 -2.523287057876586914e+00
1.039706420898437500e+01 -2.388995409011840820e+00
9.606502532958984375e+00 -2.793666839599609375e+00
9.861951828002929688e+00 -2.776989698410034180e+00
1.048689746856689453e+01 -2.556840658187866211e+00
9.625839233398437500e+00 -3.026426792144775391e+00
1.084920883178710938e+01 -1.168833971023559570e+00
1.049291896820068359e+01 -3.264256238937377930e+00
1.005077934265136719e+01 -3.215621232986450195e+00
1.121611976623535156e+01 -1.892849683761596680e+00
9.201457023620605469e+00 -2.721493959426879883e+00
1.076060962677001953e+01 -1.662734389305114746e+00
9.151410102844238281e+00 -2.330205917358398438e+00
1.155365943908691406e+01 -3.146901130676269531e+00
1.088498592376708984e+01 -2.356373071670532227e+00
1.038498210906982422e+01 -3.579262971878051758e+00
1.015483570098876953e+01 -3.884831428527832031e+00
9.856957435607910156e+00 -2.966163873672485352e+00
7.770462036132812500e+00 -3.862627744674682617e+00
8.112228393554687500e+00 -3.478035926818847656e+00
8.790671348571777344e+00 -3.578155994415283203e+00
9.122075080871582031e+00 -3.464850187301635742e+00
8.426982879638671875e+00 -2.919217348098754883e+00
7.929772377014160156e+00 -3.527846336364746094e+00
7.550756931304931641e+00 -3.339902400970458984e+00
7.544747352600097656e+00 -3.935850143432617188e+00
7.635851383209228516e+00 -2.238935232162475586e+00
7.971491813659667969e+00 -4.634407043457031250e+00
7.343689441680908203e+00 -4.964061737060546875e+00
7.354646205902099609e+00 -4.048627376556396484e+00
7.098854541778564453e+00 -4.467649936676025391e+00
7.698390483856201172e+00 -4.083993911743164062e+00
7.983578681945800781e+00 -4.464704513549804688e+00
7.791625976562500000e+00 -4.432394027709960938e+00
7.580580234527587891e+00 -3.560088157653808594e+00
7.158263206481933594e+00 -4.035714626312255859e+00
7.969791889190673828e+00 -4.406785964965820312e+00
7.337171077728271484e+00 -3.726362705230712891e+00
7.584029197692871094e+00 -4.657638072967529297e+00
8.327279090881347656e+00 -4.627327442169189453e+00
7.275972366333007812e+00 -3.821311473846435547e+00
7.691312313079833984e+00 -3.136137008666992188e+00
7.400046825408935547e+00 -6.406686305999755859e+00
1.038711071014404297e+01 -4.121447086334228516e+00
1.080917930603027344e+01 -3.911782264709472656e+00
8.628570556640625000e+00 -6.344606399536132812e+00
8.417174339294433594e+00 -5.517577171325683594e+00
1.061244869232177734e+01 -4.129819869995117188e+00
8.324218750000000000e+00 -5.595943450927734375e+00
8.502752304077148438e+00 -6.174559116363525391e+00
8.186578750610351562e+00 -4.068939685821533203e+00
7.236186027526855469e+00 -5.174358844757080078e+00
8.353657722473144531e+00 -5.813717842102050781e+00
7.740700721740722656e+00 -5.142367362976074219e+00
8.736663818359375000e+00 -5.932338714599609375e+00
7.926685810089111328e+00 -6.269742012023925781e+00
7.678985118865966797e+00 -6.135961055755615234e+00
7.636304855346679688e+00 -4.260612964630126953e+00
7.514070034027099609e+00 -5.858262062072753906e+00
8.566355705261230469e+00 -6.425381183624267578e+00
8.160410881042480469e+00 -5.218500137329101562e+00
8.380430221557617188e+00 -4.945660114288330078e+00
7.185528755187988281e+00 -4.272068023681640625e+00
7.276629924774169922e+00 -5.934241771697998047e+00
8.034669876098632812e+00 -5.578667163848876953e+00
7.800581932067871094e+00 -5.814217567443847656e+00
7.473474979400634766e+00 -5.339395523071289062e+00
7.354217052459716797e+00 -6.634047031402587891e+00
7.768733978271484375e+00 -7.282434940338134766e+00
7.087064266204833984e+00 -4.641925334930419922e+00
7.642903327941894531e+00 -6.664343357086181641e+00
8.301818847656250000e+00 -6.814070701599121094e+00
8.431348800659179688e+00 -7.330922603607177734e+00
8.411697387695312500e+00 -6.221113204956054688e+00
8.357882499694824219e+00 -7.145458221435546875e+00
8.111104965209960938e+00 -6.609227180480957031e+00
8.335227966308593750e+00 -7.104169368743896484e+00
7.921719074249267578e+00 -7.048088073730468750e+00
8.541379928588867188e+00 -6.988748550415039062e+00
8.265578269958496094e+00 -6.255665779113769531e+00
7.556069374084472656e+00 -6.433799266815185547e+00
8.393190383911132812e+00 -7.635148048400878906e+00
8.155721664428710938e+00 -7.769646644592285156e+00
7.877483367919921875e+00 -7.559425354003906250e+00
7.522514820098876953e+00 -7.320247650146484375e+00
7.663605213165283203e+00 -7.786115646362304688e+00
7.715148925781250000e+00 -7.870011806488037109e+00
8.023950576782226562e+00 -8.082248687744140625e+00
7.843441009521484375e+00 -8.391823768615722656e+00
7.959269523620605469e+00 -8.888826370239257812e+00
7.685077190399169922e+00 -9.099930763244628906e+00
8.128574371337890625e+00 -9.050236701965332031e+00
8.075190544128417969e+00 -9.128916740417480469e+00
8.017734527587890625e+00 -9.504518508911132812e+00
8.296558380126953125e+00 -9.222966194152832031e+00
8.024449348449707031e+00 -9.492458343505859375e+00
7.777956008911132812e+00 -9.284725189208984375e+00
7.975294589996337891e+00 -9.458797454833984375e+00
7.917599201202392578e+00 -9.330471992492675781e+00
