6.421524047851562500e+00 4.102927207946777344e+00 3.504133224487304688e+00
6.633082866668701172e+00 2.356849908828735352e+00 4.152397155761718750e+00
6.852105140686035156e+00 1.824810504913330078e+00 4.625794887542724609e+00
6.243440628051757812e+00 2.826595067977905273e+00 5.116889476776123047e+00
6.691209793090820312e+00 3.198302745819091797e+00 5.092852592468261719e+00
5.904160976409912109e+00 2.439375638961791992e+00 5.190572738647460938e+00
5.894912719726562500e+00 2.121606349945068359e+00 4.918469429016113281e+00
5.872029304504394531e+00 3.225052118301391602e+00 3.117040157318115234e+00
5.978260993957519531e+00 3.443546533584594727e+00 2.952721595764160156e+00
6.160680770874023438e+00 2.130113840103149414e+00 5.525450706481933594e+00
6.259253978729248047e+00 2.430057764053344727e+00 4.903850078582763672e+00
6.142989158630371094e+00 2.067861795425415039e+00 5.346776962280273438e+00
6.051051616668701172e+00 2.105977058410644531e+00 4.528018951416015625e+00
6.037629604339599609e+00 3.082497596740722656e+00 3.825809955596923828e+00
6.823122978210449219e+00 3.432625770568847656e+00 5.021268367767333984e+00
6.896492004394531250e+00 3.262270927429199219e+00 4.319523811340332031e+00
6.617447376251220703e+00 2.314073801040649414e+00 5.248796939849853516e+00
6.159497737884521484e+00 2.425350666046142578e+00 5.575563430786132812e+00
7.717591762542724609e+00 2.873406887054443359e+00 5.156810760498046875e+00
7.140849113464355469e+00 2.627889633178710938e+00 4.562833786010742188e+00
6.756225585937500000e+00 2.538348674774169922e+00 5.014280796051025391e+00
6.563278675079345703e+00 2.134373903274536133e+00 4.792792797088623047e+00
7.494991779327392578e+00 2.829106092453002930e+00 4.900453090667724609e+00
6.752784729003906250e+00 1.724850773811340332e+00 5.287623405456542969e+00
6.835417747497558594e+00 2.803675174713134766e+00 3.519624233245849609e+00
6.992397785186767578e+00 1.939003348350524902e+00 5.691911220550537109e+00
7.281507015228271484e+00 3.090475082397460938e+00 3.903900384902954102e+00
6.617887496948242188e+00 3.049725770950317383e+00 3.226113796234130859e+00
7.475961685180664062e+00 3.448313713073730469e+00 4.803487777709960938e+00
5.933393478393554688e+00 2.356139183044433594e+00 5.076891422271728516e+00
7.661728858947753906e+00 2.621546506881713867e+00 3.948389768600463867e+00
6.696445465087890625e+00 1.813906550407409668e+00 5.662452697753906250e+00
6.529542922973632812e+00 2.961091756820678711e+00 3.967099666595458984e+00
5.851883888244628906e+00 2.939294576644897461e+00 5.001004219055175781e+00
6.132777690887451172e+00 3.882093667984008789e+00 3.863926649093627930e+00
6.781964302062988281e+00 3.640850067138671875e+00 2.765028238296508789e+00
7.171055793762207031e+00 3.234660387039184570e+00 3.226424932479858398e+00
8.448127746582031250e+00 3.097736597061157227e+00 3.883130311965942383e+00
8.047752380371093750e+00 3.153458118438720703e+00 4.464763641357421875e+00
8.524921417236328125e+00 3.022186279296875000e+00 4.377009868621826172e+00
9.165225982666015625e+00 3.461823701858520508e+00 4.389431953430175781e+00
8.242822647094726562e+00 2.931726694107055664e+00 4.580790996551513672e+00
6.967018604278564453e+00 2.838935613632202148e+00 5.205878734588623047e+00
6.937055587768554688e+00 2.764851808547973633e+00 5.384443283081054688e+00
7.392193794250488281e+00 2.273329019546508789e+00 4.284496307373046875e+00
7.446044921875000000e+00 1.962707281112670898e+00 5.804001808166503906e+00
7.247515201568603516e+00 1.820452690124511719e+00 5.784399509429931641e+00
7.255741119384765625e+00 2.218848228454589844e+00 5.193272113800048828e+00
7.720089435577392578e+00 2.203547239303588867e+00 5.953174114227294922e+00
8.085715293884277344e+00 3.070979356765747070e+00 5.105080604553222656e+00
6.302892208099365234e+00 2.431598186492919922e+00 5.576027393341064453e+00
7.774185180664062500e+00 2.593370676040649414e+00 5.430399417877197266e+00
7.649848937988281250e+00 2.056581258773803711e+00 5.326528549194335938e+00
7.628305435180664062e+00 1.865034937858581543e+00 6.005054473876953125e+00
7.656491756439208984e+00 1.843091487884521484e+00 6.317015171051025391e+00
7.462523937225341797e+00 1.787792921066284180e+00 6.080855846405029297e+00
7.123071193695068359e+00 1.985532402992248535e+00 5.854357719421386719e+00
7.443443298339843750e+00 1.445547580718994141e+00 5.615925788879394531e+00
8.004668235778808594e+00 2.267635583877563477e+00 4.538656234741210938e+00
8.283211708068847656e+00 2.374762296676635742e+00 4.833530902862548828e+00
7.902631759643554688e+00 2.209526777267456055e+00 4.717705726623535156e+00
9.129815101623535156e+00 2.913656949996948242e+00 4.204106330871582031e+00
7.220923423767089844e+00 4.959939002990722656e+00 3.283110380172729492e+00
6.941766738891601562e+00 4.678517818450927734e+00 3.513902664184570312e+00
7.657499790191650391e+00 5.490011215209960938e+00 3.064903020858764648e+00
7.340983390808105469e+00 5.604057788848876953e+00 2.595356225967407227e+00
8.876914024353027344e+00 3.769147872924804688e+00 4.692861557006835938e+00
7.318261623382568359e+00 4.115588188171386719e+00 4.185052394866943359e+00
6.596724033355712891e+00 3.487684965133666992e+00 4.480831146240234375e+00
7.843716621398925781e+00 2.976454734802246094e+00 4.137999534606933594e+00
6.406254768371582031e+00 3.428349971771240234e+00 4.657848834991455078e+00
8.234301567077636719e+00 3.511989355087280273e+00 4.654202461242675781e+00
5.946502208709716797e+00 3.710872650146484375e+00 4.148785114288330078e+00
7.719627857208251953e+00 5.413988113403320312e+00 3.188553094863891602e+00
6.371894836425781250e+00 4.190073966979980469e+00 3.955805778503417969e+00
6.955270767211914062e+00 3.785730600357055664e+00 2.863745927810668945e+00
6.933641433715820312e+00 4.090678215026855469e+00 4.062158584594726562e+00
7.578153610229492188e+00 3.795216321945190430e+00 3.536276340484619141e+00
7.466052055358886719e+00 4.996592044830322266e+00 3.619919061660766602e+00
6.174503326416015625e+00 3.496517181396484375e+00 4.724627494812011719e+00
6.466279029846191406e+00 2.773494720458984375e+00 4.640213966369628906e+00
7.184628963470458984e+00 3.169217109680175781e+00 4.196340560913085938e+00
7.114757061004638672e+00 2.040094852447509766e+00 4.764864921569824219e+00
6.540160655975341797e+00 2.833721876144409180e+00 4.419728279113769531e+00
6.261677742004394531e+00 3.724729061126708984e+00 3.892887830734252930e+00
6.725462913513183594e+00 4.029227256774902344e+00 2.794306993484497070e+00
6.170024394989013672e+00 3.083271026611328125e+00 3.273747205734252930e+00
5.761626720428466797e+00 2.964095830917358398e+00 4.033307552337646484e+00
6.809576034545898438e+00 3.613592147827148438e+00 4.396532058715820312e+00
6.383168697357177734e+00 2.073085308074951172e+00 4.501925945281982422e+00
6.639213562011718750e+00 4.032828807830810547e+00 3.384785175323486328e+00
6.776375293731689453e+00 3.851669788360595703e+00 3.811546087265014648e+00
6.499475479125976562e+00 3.735119342803955078e+00 3.305879354476928711e+00
6.008500099182128906e+00 3.593275547027587891e+00 2.772794723510742188e+00
5.624832630157470703e+00 3.643550634384155273e+00 3.031431674957275391e+00
6.455281257629394531e+00 3.685121536254882812e+00 3.589537620544433594e+00
7.406789779663085938e+00 2.851187705993652344e+00 3.660052776336669922e+00
5.807531356811523438e+00 3.841661453247070312e+00 3.540399789810180664e+00
6.008522033691406250e+00 3.327397108078002930e+00 3.670585632324218750e+00
5.794698715209960938e+00 3.502021551132202148e+00 3.551356554031372070e+00
6.449702262878417969e+00 3.073483228683471680e+00 3.255102634429931641e+00
6.429146766662597656e+00 3.576054096221923828e+00 3.105702638626098633e+00
6.973670482635498047e+00 4.180913448333740234e+00 2.529033899307250977e+00
6.936593055725097656e+00 3.483097314834594727e+00 2.800554752349853516e+00
7.134258270263671875e+00 4.007755279541015625e+00 3.333360910415649414e+00
6.760653018951416016e+00 6.556764125823974609e+00 3.635895729064941406e+00
7.240023136138916016e+00 6.006271839141845703e+00 3.960364103317260742e+00
7.055449962615966797e+00 3.744215726852416992e+00 4.945780277252197266e+00
8.897583961486816406e+00 4.050853252410888672e+00 4.164037704467773438e+00
7.111240863800048828e+00 6.237768650054931641e+00 3.774108409881591797e+00
7.558120250701904297e+00 6.072314262390136719e+00 3.320612192153930664e+00
7.503355026245117188e+00 5.684911727905273438e+00 3.371263980865478516e+00
7.241866588592529297e+00 6.062167167663574219e+00 3.561742544174194336e+00
7.386772155761718750e+00 5.238549709320068359e+00 2.935840606689453125e+00
7.400451660156250000e+00 5.756552219390869141e+00 3.348542928695678711e+00
8.810500144958496094e+00 4.352068901062011719e+00 4.233757495880126953e+00
7.929108619689941406e+00 4.371483802795410156e+00 3.872667312622070312e+00
7.705245018005371094e+00 5.333208560943603516e+00 3.786369323730468750e+00
7.915510654449462891e+00 5.018542766571044922e+00 3.827816724777221680e+00
7.968693733215332031e+00 5.686437606811523438e+00 3.083830595016479492e+00
7.252274513244628906e+00 4.542341232299804688e+00 2.964264869689941406e+00
7.778871059417724609e+00 4.382618427276611328e+00 3.575703144073486328e+00
8.523921966552734375e+00 4.937477588653564453e+00 2.941968917846679688e+00
7.837063789367675781e+00 5.379149436950683594e+00 2.891791820526123047e+00
8.018212318420410156e+00 5.522504329681396484e+00 2.461423635482788086e+00
7.967866897583007812e+00 5.359102725982666016e+00 1.356632232666015625e+00
7.714179992675781250e+00 5.721567630767822266e+00 1.547778725624084473e+00
7.648291587829589844e+00 5.399267196655273438e+00 1.970323920249938965e+00
7.711271762847900391e+00 5.674241065979003906e+00 1.554435014724731445e+00
7.697795867919921875e+00 5.864494323730468750e+00 1.359177112579345703e+00
7.905117034912109375e+00 5.693570137023925781e+00 1.468214750289916992e+00
7.829876899719238281e+00 5.680615901947021484e+00 1.337033271789550781e+00
7.965613365173339844e+00 5.632060527801513672e+00 1.645040392875671387e+00
7.788281917572021484e+00 5.355744838714599609e+00 1.624468445777893066e+00
7.821253299713134766e+00 5.253973007202148438e+00 2.317918062210083008e+00
7.766729831695556641e+00 5.582937240600585938e+00 1.783338308334350586e+00
7.519185066223144531e+00 5.817230224609375000e+00 1.938215732574462891e+00
7.319307804107666016e+00 5.792759418487548828e+00 1.818602323532104492e+00
7.559515476226806641e+00 5.622330665588378906e+00 3.144842386245727539e+00
7.311297893524169922e+00 6.048069953918457031e+00 2.759106159210205078e+00
7.036648750305175781e+00 6.626323699951171875e+00 3.416090965270996094e+00
6.417386054992675781e+00 7.293687820434570312e+00 3.897912025451660156e+00
5.977186203002929688e+00 7.605220794677734375e+00 4.060663700103759766e+00
6.062853813171386719e+00 7.292998313903808594e+00 3.860144376754760742e+00
6.068333625793457031e+00 7.498694419860839844e+00 3.695372819900512695e+00
6.412467956542968750e+00 7.553411006927490234e+00 4.041606903076171875e+00
6.126865386962890625e+00 7.514686584472656250e+00 4.133929729461669922e+00
6.195615291595458984e+00 7.382593631744384766e+00 3.915800571441650391e+00
6.276699066162109375e+00 7.306861400604248047e+00 3.985858678817749023e+00
6.424318313598632812e+00 6.842074871063232422e+00 3.783335924148559570e+00
6.690264225006103516e+00 7.154098987579345703e+00 3.576292753219604492e+00
6.647866725921630859e+00 6.779215335845947266e+00 3.867508649826049805e+00
7.513595581054687500e+00 6.217384815216064453e+00 2.584801912307739258e+00
1.009178066253662109e+01 4.308587551116943359e+00 3.898496627807617188e+00
1.218133354187011719e+01 2.611007690429687500e+00 4.478831768035888672e+00
1.021979904174804688e+01 4.330115795135498047e+00 3.882446527481079102e+00
1.025997829437255859e+01 3.854878902435302734e+00 3.612624406814575195e+00
9.185382843017578125e+00 4.635707378387451172e+00 3.532912254333496094e+00
1.055266094207763672e+01 4.089294910430908203e+00 4.073486328125000000e+00
9.164187431335449219e+00 3.645640611648559570e+00 4.420364379882812500e+00
9.940479278564453125e+00 4.013158798217773438e+00 3.568435430526733398e+00
1.193787765502929688e+01 2.985903501510620117e+00 4.682384014129638672e+00
8.346096038818359375e+00 4.601500511169433594e+00 4.039783477783203125e+00
1.004055786132812500e+01 4.227489471435546875e+00 4.389071464538574219e+00
1.071286582946777344e+01 4.078964233398437500e+00 3.822413921356201172e+00
1.006658935546875000e+01 4.110360622406005859e+00 3.850917816162109375e+00
1.205833816528320312e+01 3.364909648895263672e+00 4.246167659759521484e+00
1.034587383270263672e+01 3.802360773086547852e+00 3.813268661499023438e+00
1.057622432708740234e+01 3.909707546234130859e+00 3.973185300827026367e+00
1.067459869384765625e+01 3.216253280639648438e+00 4.155502319335937500e+00
1.109287548065185547e+01 3.600522756576538086e+00 4.315952777862548828e+00
9.862956047058105469e+00 4.154287815093994141e+00 4.285746097564697266e+00
9.696081161499023438e+00 4.042277336120605469e+00 4.065015792846679688e+00
9.552267074584960938e+00 4.163886070251464844e+00 4.140573024749755859e+00
9.902579307556152344e+00 4.459194660186767578e+00 3.935813426971435547e+00
1.172072792053222656e+01 3.955966234207153320e+00 4.609599113464355469e+00
1.167690372467041016e+01 3.558716773986816406e+00 3.996619701385498047e+00
1.181789302825927734e+01 3.402119159698486328e+00 3.989693164825439453e+00
1.188680267333984375e+01 3.635098695755004883e+00 4.079658985137939453e+00
9.762703895568847656e+00 3.233229875564575195e+00 3.970413446426391602e+00
1.009320354461669922e+01 3.071900129318237305e+00 4.331853389739990234e+00
1.034385013580322266e+01 4.357306480407714844e+00 6.650695323944091797e+00
1.043037796020507812e+01 4.462139606475830078e+00 6.544815063476562500e+00
1.067052555084228516e+01 4.704598426818847656e+00 6.736565589904785156e+00
1.055470752716064453e+01 4.568716526031494141e+00 6.479534149169921875e+00
1.077143192291259766e+01 4.796360969543457031e+00 6.724678516387939453e+00
1.163027667999267578e+01 3.666531324386596680e+00 5.385415554046630859e+00
1.065715789794921875e+01 4.427986621856689453e+00 5.914885520935058594e+00
1.283437347412109375e+01 4.630047798156738281e+00 6.994058609008789062e+00
1.307265472412109375e+01 4.912793636322021484e+00 6.987677097320556641e+00
1.128477954864501953e+01 4.795037746429443359e+00 6.317380428314208984e+00
1.183242702484130859e+01 3.901100158691406250e+00 4.966439723968505859e+00
1.300424098968505859e+01 5.208898544311523438e+00 6.872562885284423828e+00
1.094035053253173828e+01 4.619039058685302734e+00 6.110923290252685547e+00
1.113221359252929688e+01 4.389966964721679688e+00 5.748770236968994141e+00
1.172972869873046875e+01 4.917819023132324219e+00 6.339093685150146484e+00
1.201851272583007812e+01 4.806332111358642578e+00 6.207010269165039062e+00
1.145840358734130859e+01 5.038511276245117188e+00 6.049304008483886719e+00
1.158759498596191406e+01 4.834460735321044922e+00 5.771858692169189453e+00
1.110144805908203125e+01 4.743752956390380859e+00 6.090778827667236328e+00
1.209097576141357422e+01 4.302832126617431641e+00 6.288988113403320312e+00
1.258570575714111328e+01 4.573262691497802734e+00 6.452288150787353516e+00
1.203142738342285156e+01 4.488424301147460938e+00 5.533638000488281250e+00
1.213666057586669922e+01 4.594845294952392578e+00 5.915794372558593750e+00
1.214006233215332031e+01 5.004456996917724609e+00 6.170471668243408203e+00
1.209513473510742188e+01 4.965794563293457031e+00 6.479421615600585938e+00
1.187263584136962891e+01 4.796050071716308594e+00 5.832821846008300781e+00
1.203208637237548828e+01 5.074475288391113281e+00 5.800418853759765625e+00
1.163564014434814453e+01 4.318961143493652344e+00 5.562524795532226562e+00
1.125662612915039062e+01 4.501579761505126953e+00 5.780173778533935547e+00
1.154295921325683594e+01 4.093905925750732422e+00 5.102840423583984375e+00
1.074749374389648438e+01 3.916971921920776367e+00 5.032948493957519531e+00
1.219330883026123047e+01 3.972549200057983398e+00 5.865993022918701172e+00
1.194006538391113281e+01 4.307532310485839844e+00 5.182769298553466797e+00
1.300867366790771484e+01 5.103763580322265625e+00 6.128731250762939453e+00
1.376075839996337891e+01 3.394262313842773438e+00 6.696127414703369141e+00
1.335770606994628906e+01 3.304890394210815430e+00 6.252302169799804688e+00
1.396832752227783203e+01 3.601470232009887695e+00 6.564701080322265625e+00
1.359103775024414062e+01 3.462228536605834961e+00 6.994844913482666016e+00
1.373366737365722656e+01 4.098054409027099609e+00 7.479554653167724609e+00
1.397702980041503906e+01 3.730383634567260742e+00 7.335988521575927734e+00
1.357840347290039062e+01 4.896950721740722656e+00 6.941767215728759766e+00
1.393803119659423828e+01 4.936271667480468750e+00 7.204278469085693359e+00
1.323654174804687500e+01 4.785387039184570312e+00 6.844107627868652344e+00
1.361640644073486328e+01 5.285648822784423828e+00 7.171642780303955078e+00
1.373443984985351562e+01 3.898335695266723633e+00 5.578494071960449219e+00
1.386179733276367188e+01 3.405478000640869141e+00 7.123207092285156250e+00
1.296998786926269531e+01 5.384601116180419922e+00 6.898914813995361328e+00
1.378835868835449219e+01 4.613342761993408203e+00 7.085718631744384766e+00
1.356800651550292969e+01 3.394776821136474609e+00 5.092546939849853516e+00
1.405474758148193359e+01 4.275375843048095703e+00 6.733297348022460938e+00
1.392550754547119141e+01 4.989660739898681641e+00 6.647876262664794922e+00
1.376469516754150391e+01 4.066472053527832031e+00 6.944606781005859375e+00
1.353176689147949219e+01 4.437348842620849609e+00 6.260892868041992188e+00
1.319968795776367188e+01 4.366752147674560547e+00 7.330758094787597656e+00
1.355654048919677734e+01 5.235272407531738281e+00 7.024618625640869141e+00
1.362794113159179688e+01 5.489006996154785156e+00 6.394706249237060547e+00
1.349452877044677734e+01 3.797557830810546875e+00 7.074576377868652344e+00
1.346717071533203125e+01 4.646719455718994141e+00 7.617672920227050781e+00
1.331101608276367188e+01 4.214565753936767578e+00 7.443429470062255859e+00
1.348619461059570312e+01 4.529023647308349609e+00 7.791604995727539062e+00
1.316681861877441406e+01 4.143027782440185547e+00 6.392540931701660156e+00
1.347418022155761719e+01 3.658691883087158203e+00 5.746371746063232422e+00
1.254202842712402344e+01 2.633135795593261719e+00 4.328593730926513672e+00
1.465461826324462891e+01 1.955767035484313965e+00 4.187539100646972656e+00
1.320508670806884766e+01 4.444790840148925781e+00 5.114114284515380859e+00
1.252997684478759766e+01 3.414294719696044922e+00 4.141584396362304688e+00
1.252897357940673828e+01 2.948227882385253906e+00 4.095708370208740234e+00
1.151750564575195312e+01 3.855823516845703125e+00 4.649738788604736328e+00
1.212598705291748047e+01 3.529268503189086914e+00 4.357041358947753906e+00
1.372128009796142578e+01 2.728279590606689453e+00 4.451716899871826172e+00
1.279697799682617188e+01 3.264309167861938477e+00 4.565944194793701172e+00
1.289684104919433594e+01 2.694557905197143555e+00 4.309704780578613281e+00
1.419032287597656250e+01 4.249106407165527344e+00 7.756830692291259766e+00
1.239631271362304688e+01 4.543720722198486328e+00 6.768438816070556641e+00
1.436168861389160156e+01 3.987562179565429688e+00 7.640670299530029297e+00
1.391386795043945312e+01 4.298113346099853516e+00 5.947428703308105469e+00
1.324486732482910156e+01 4.946228981018066406e+00 5.468916893005371094e+00
1.441337299346923828e+01 3.742542028427124023e+00 5.296034812927246094e+00
1.289889526367187500e+01 4.025996208190917969e+00 4.912736415863037109e+00
1.311738681793212891e+01 5.349456787109375000e+00 6.666368484497070312e+00
1.356186103820800781e+01 5.278782844543457031e+00 5.959120750427246094e+00
1.316172313690185547e+01 4.566992759704589844e+00 5.687757015228271484e+00
1.278087615966796875e+01 3.579252481460571289e+00 4.430785655975341797e+00
1.480060672760009766e+01 2.160700798034667969e+00 4.439987659454345703e+00
1.416497802734375000e+01 3.337588071823120117e+00 5.844623088836669922e+00
1.395887947082519531e+01 4.778077125549316406e+00 7.497674465179443359e+00
1.446326637268066406e+01 4.087197780609130859e+00 7.441703319549560547e+00
1.330312538146972656e+01 3.495023250579833984e+00 4.462439537048339844e+00
1.428726291656494141e+01 3.717291593551635742e+00 7.351888656616210938e+00
1.375526332855224609e+01 5.358233451843261719e+00 6.742979526519775391e+00
1.391275787353515625e+01 4.922387123107910156e+00 5.768923759460449219e+00
1.334619998931884766e+01 5.320017337799072266e+00 6.265737056732177734e+00
1.368470954895019531e+01 4.454098701477050781e+00 5.322842121124267578e+00
1.487646198272705078e+01 1.305746912956237793e+00 4.557133674621582031e+00
1.361160564422607422e+01 3.164112329483032227e+00 4.663381576538085938e+00
1.409797763824462891e+01 3.473286628723144531e+00 7.085381984710693359e+00
1.420101833343505859e+01 4.928267478942871094e+00 6.370298862457275391e+00
1.448392295837402344e+01 3.518316507339477539e+00 5.201717376708984375e+00
1.407636260986328125e+01 4.818893432617187500e+00 5.777659416198730469e+00
1.292120933532714844e+01 4.039912700653076172e+00 6.789783000946044922e+00
1.319375514984130859e+01 4.863190174102783203e+00 6.136622428894042969e+00
1.475442981719970703e+01 3.931563138961791992e+00 5.287428379058837891e+00
1.432583427429199219e+01 4.360801696777343750e+00 5.317461490631103516e+00
1.429978561401367188e+01 4.112601757049560547e+00 5.832728385925292969e+00
1.428706359863281250e+01 3.923301458358764648e+00 4.872125148773193359e+00
1.434929847717285156e+01 4.149217128753662109e+00 5.244237422943115234e+00
1.415462589263916016e+01 4.241095066070556641e+00 5.647219181060791016e+00
1.464082336425781250e+01 4.072024345397949219e+00 5.048592090606689453e+00
1.313128376007080078e+01 5.264440059661865234e+00 5.985648155212402344e+00
1.456995773315429688e+01 3.713202714920043945e+00 5.723675251007080078e+00
1.485701942443847656e+01 3.744132041931152344e+00 5.118948459625244141e+00
1.358130455017089844e+01 4.685938358306884766e+00 6.608987808227539062e+00
1.414710712432861328e+01 3.448943376541137695e+00 4.764183998107910156e+00
1.379061317443847656e+01 5.018314361572265625e+00 5.702027797698974609e+00
1.388572406768798828e+01 3.755396842956542969e+00 4.627310276031494141e+00
1.444246101379394531e+01 4.015598773956298828e+00 6.574101924896240234e+00
1.371845054626464844e+01 4.061207771301269531e+00 6.263863563537597656e+00
1.458117580413818359e+01 3.225171566009521484e+00 6.020133972167968750e+00
1.479056072235107422e+01 3.050181627273559570e+00 5.682817459106445312e+00
1.387493705749511719e+01 3.029196262359619141e+00 5.238747119903564453e+00
1.526715850830078125e+01 1.477522015571594238e+00 4.584266185760498047e+00
1.493734645843505859e+01 1.660360813140869141e+00 4.631810188293457031e+00
1.465162086486816406e+01 2.634933948516845703e+00 4.700392246246337891e+00
1.453362751007080078e+01 3.046709775924682617e+00 4.857533454895019531e+00
1.415325927734375000e+01 2.257202148437500000e+00 4.304012775421142578e+00
1.447206878662109375e+01 1.548627376556396484e+00 3.798204898834228516e+00
1.459191417694091797e+01 1.735927700996398926e+00 3.668806314468383789e+00
1.518561077117919922e+01 1.446383476257324219e+00 3.761373043060302734e+00
1.329511833190917969e+01 2.059346437454223633e+00 4.078927993774414062e+00
1.519061851501464844e+01 1.032008290290832520e+00 3.663609504699707031e+00
1.542821216583251953e+01 5.145156383514404297e-01 3.967814683914184570e+00
1.518761634826660156e+01 1.306723594665527344e+00 3.932065010070800781e+00
1.537853622436523438e+01 8.991236686706542969e-01 4.375281810760498047e+00
1.540141868591308594e+01 1.471667170524597168e+00 4.589285850524902344e+00
1.499642181396484375e+01 7.278443574905395508e-01 3.815180063247680664e+00
1.490145301818847656e+01 1.131511688232421875e+00 4.054586887359619141e+00
1.489806461334228516e+01 1.583716154098510742e+00 3.939850091934204102e+00
1.555574798583984375e+01 1.439124107360839844e+00 4.056432723999023438e+00
1.476301288604736328e+01 5.694419145584106445e-01 4.280500411987304688e+00
1.517454528808593750e+01 1.569411516189575195e+00 4.164991855621337891e+00
1.495808506011962891e+01 6.687598228454589844e-01 3.578908443450927734e+00
1.488916683197021484e+01 6.300953030586242676e-01 4.577409744262695312e+00
1.479418945312500000e+01 1.620190858840942383e+00 3.958440065383911133e+00
1.425064468383789062e+01 1.908163905143737793e+00 3.783339023590087891e+00
1.564710712432861328e+01 -8.437046408653259277e-01 3.338381767272949219e+00
1.502006244659423828e+01 2.914247751235961914e+00 6.228493213653564453e+00
1.490232372283935547e+01 3.118202686309814453e+00 6.421109199523925781e+00
1.456289100646972656e+01 -1.226590275764465332e+00 3.801660537719726562e+00
1.442753791809082031e+01 -1.695449501276016235e-01 3.588828325271606445e+00
1.483608150482177734e+01 2.954335689544677734e+00 6.235694885253906250e+00
1.470783901214599609e+01 -2.646909356117248535e-01 4.081374645233154297e+00
1.469466972351074219e+01 -1.000615715980529785e+00 4.008385181427001953e+00
1.469486427307128906e+01 1.168936848640441895e+00 4.059530735015869141e+00
1.532328224182128906e+01 2.918293476104736328e-01 3.821775197982788086e+00
1.503792095184326172e+01 -6.573162078857421875e-01 4.066007137298583984e+00
1.515213298797607422e+01 1.793388724327087402e-01 3.543530464172363281e+00
1.447007179260253906e+01 -5.658098459243774414e-01 4.169354915618896484e+00
1.501529693603515625e+01 -6.733670234680175781e-01 3.400125741958618164e+00
1.518595123291015625e+01 -6.298963427543640137e-01 3.660524129867553711e+00
1.514389133453369141e+01 9.961523413658142090e-01 4.298444747924804688e+00
1.522912502288818359e+01 -6.218798160552978516e-01 3.620452642440795898e+00
1.467686557769775391e+01 -9.328279495239257812e-01 3.511957406997680664e+00
1.472616481781005859e+01 2.326547950506210327e-01 3.640645265579223633e+00
1.498493289947509766e+01 9.920836240053176880e-02 4.393878936767578125e+00
1.558707809448242188e+01 1.080623388290405273e+00 4.118880271911621094e+00
1.548600959777832031e+01 -4.179861247539520264e-01 3.495598554611206055e+00
1.468177032470703125e+01 -3.249854147434234619e-01 3.858165264129638672e+00
1.537675666809082031e+01 -4.516196846961975098e-01 4.055665016174316406e+00
1.547999954223632812e+01 -4.129952192306518555e-02 3.953207254409790039e+00
1.562569236755371094e+01 -1.081201553344726562e+00 3.631225824356079102e+00
1.537875175476074219e+01 -1.913028478622436523e+00 3.224185228347778320e+00
1.555249881744384766e+01 9.457150697708129883e-01 3.824220895767211914e+00
1.557800292968750000e+01 -1.207162618637084961e+00 3.715331554412841797e+00
1.481529331207275391e+01 -1.343854188919067383e+00 3.327832221984863281e+00
1.502980613708496094e+01 -1.753652572631835938e+00 3.056298494338989258e+00
1.460372066497802734e+01 -9.653889536857604980e-01 3.849786520004272461e+00
1.487625694274902344e+01 -1.750010609626770020e+00 3.498172044754028320e+00
1.473329830169677734e+01 -1.344384193420410156e+00 3.803178071975708008e+00
1.503825664520263672e+01 -1.687334418296813965e+00 3.433457136154174805e+00
1.538540172576904297e+01 -1.428063392639160156e+00 3.358242034912109375e+00
1.450229072570800781e+01 -1.694552302360534668e+00 3.292488098144531250e+00
1.478338146209716797e+01 -8.405491709709167480e-01 3.124351739883422852e+00
1.549208545684814453e+01 -1.152240037918090820e+00 3.977743387222290039e+00
1.486236667633056641e+01 -2.108020782470703125e+00 3.093519926071166992e+00
1.503792476654052734e+01 -2.227344274520874023e+00 2.869534969329833984e+00
1.538870334625244141e+01 -2.061728715896606445e+00 2.720442056655883789e+00
1.541107559204101562e+01 -1.627224564552307129e+00 2.701269626617431641e+00
1.562238597869873047e+01 -2.077081441879272461e+00 2.906517982482910156e+00
1.546983623504638672e+01 -2.443972826004028320e+00 2.630035877227783203e+00
1.519561004638671875e+01 -2.400260925292968750e+00 2.695242166519165039e+00
1.550700187683105469e+01 -2.787251234054565430e+00 2.496828317642211914e+00
1.561235904693603516e+01 -3.631725072860717773e+00 2.133718729019165039e+00
1.572611999511718750e+01 -3.421500921249389648e+00 1.913629770278930664e+00
1.547260570526123047e+01 -3.580038070678710938e+00 2.274342298507690430e+00
1.562611961364746094e+01 -3.280868053436279297e+00 2.089046955108642578e+00
1.589277458190917969e+01 -3.769323348999023438e+00 2.048691511154174805e+00
1.546016883850097656e+01 -3.923342466354370117e+00 1.998828887939453125e+00
1.571333885192871094e+01 -3.924559116363525391e+00 1.832239627838134766e+00
1.580900382995605469e+01 -3.900311708450317383e+00 2.052536725997924805e+00
1.574845027923583984e+01 -3.608482122421264648e+00 1.694862127304077148e+00
1.559842300415039062e+01 -3.794065475463867188e+00 1.662513136863708496e+00
